,Datetime,Open,High,Low,Close,Volume
0,2016-05-16,21350.0,21500.0,21200.0,21300.0,7674.0
1,2016-05-16,21150.0,21200.0,20950.0,20950.0,15263.0
2,2016-05-16,21300.0,21350.0,21150.0,21200.0,8034.0
3,2016-05-16,21350.0,21450.0,21300.0,21300.0,5774.0
4,2016-05-16,21300.0,21400.0,21250.0,21300.0,5162.0
5,2016-05-16,21300.0,21400.0,21250.0,21250.0,4917.0
6,2016-05-17,20800.0,20950.0,20700.0,20800.0,9892.0
7,2016-05-17,20750.0,20900.0,20750.0,20850.0,10253.0
8,2016-05-17,20900.0,20900.0,20800.0,20900.0,11717.0
9,2016-05-17,20900.0,21000.0,20800.0,20950.0,18243.0
10,2016-05-17,21000.0,21100.0,20850.0,20850.0,21557.0
11,2016-05-17,20950.0,21100.0,20700.0,20750.0,15129.0
12,2016-05-18,20650.0,20850.0,20300.0,20300.0,14979.0
13,2016-05-18,20350.0,20450.0,20100.0,20300.0,23061.0
14,2016-05-18,20300.0,20350.0,20100.0,20150.0,24296.0
15,2016-05-18,20100.0,20150.0,20000.0,20000.0,22262.0
16,2016-05-18,20000.0,20200.0,19950.0,20050.0,15584.0
17,2016-05-18,20000.0,20400.0,19950.0,20200.0,37699.0
18,2016-05-19,20150.0,20150.0,20000.0,20150.0,12937.0
19,2016-05-19,19750.0,19900.0,19750.0,19900.0,12720.0
20,2016-05-19,19900.0,20150.0,19850.0,20100.0,13581.0
21,2016-05-19,20100.0,20100.0,19750.0,19800.0,14353.0
22,2016-05-19,19800.0,19900.0,19700.0,19750.0,7433.0
23,2016-05-19,20400.0,20400.0,20050.0,20100.0,10149.0
24,2016-05-20,20150.0,20150.0,19750.0,20000.0,7491.0
25,2016-05-20,20000.0,20100.0,19950.0,20100.0,5234.0
26,2016-05-20,20100.0,20150.0,20050.0,20150.0,3603.0
27,2016-05-20,20100.0,20250.0,20100.0,20250.0,2191.0
28,2016-05-20,20250.0,20300.0,20150.0,20200.0,8725.0
29,2016-05-20,20300.0,20400.0,20250.0,20300.0,10236.0
30,2016-05-23,20300.0,20500.0,20150.0,20250.0,12929.0
31,2016-05-23,20250.0,20250.0,20150.0,20150.0,5010.0
32,2016-05-23,20150.0,20300.0,20150.0,20200.0,6883.0
33,2016-05-23,20200.0,20450.0,20150.0,20300.0,8146.0
34,2016-05-23,20300.0,20350.0,20200.0,20250.0,3968.0
35,2016-05-23,20250.0,20500.0,20250.0,20400.0,12731.0
36,2016-05-24,20550.0,20600.0,20500.0,20500.0,8001.0
37,2016-05-24,20400.0,20500.0,20400.0,20450.0,6009.0
38,2016-05-24,20500.0,20550.0,20400.0,20550.0,6709.0
39,2016-05-24,20300.0,20600.0,20300.0,20500.0,13218.0
40,2016-05-24,20450.0,20500.0,20350.0,20450.0,4175.0
41,2016-05-24,20500.0,20500.0,20350.0,20400.0,8880.0
42,2016-05-25,20550.0,20600.0,20350.0,20450.0,8652.0
43,2016-05-25,20400.0,20500.0,20300.0,20350.0,10060.0
44,2016-05-25,20350.0,20400.0,20200.0,20300.0,7604.0
45,2016-05-25,20300.0,20350.0,20250.0,20300.0,4971.0
46,2016-05-25,20300.0,20350.0,20250.0,20250.0,4506.0
47,2016-05-25,20300.0,20350.0,20250.0,20300.0,8120.0
48,2016-05-26,19950.0,20050.0,19800.0,19900.0,28943.0
49,2016-05-26,19950.0,20050.0,19900.0,20000.0,4700.0
50,2016-05-26,19950.0,20000.0,19850.0,19950.0,7037.0
51,2016-05-26,19900.0,20000.0,19850.0,19950.0,4658.0
52,2016-05-26,19900.0,20000.0,19850.0,19900.0,14298.0
53,2016-05-26,20300.0,20400.0,19900.0,19950.0,12860.0
54,2016-05-27,19950.0,20050.0,19900.0,19950.0,4101.0
55,2016-05-27,19900.0,20000.0,19850.0,19950.0,11254.0
56,2016-05-27,20000.0,20100.0,19900.0,19900.0,3115.0
57,2016-05-27,19900.0,20450.0,19900.0,20000.0,32874.0
58,2016-05-27,19800.0,20000.0,19800.0,19950.0,6159.0
59,2016-05-27,20100.0,20100.0,19900.0,20000.0,13852.0
60,2016-05-30,20000.0,20150.0,19650.0,19700.0,22945.0
61,2016-05-30,19650.0,19850.0,19650.0,19750.0,9898.0
62,2016-05-30,19750.0,20000.0,19750.0,20000.0,8400.0
63,2016-05-30,20000.0,20000.0,19850.0,19900.0,6707.0
64,2016-05-30,19900.0,19950.0,19750.0,19850.0,14266.0
65,2016-05-30,19850.0,20450.0,19850.0,20300.0,59353.0
66,2016-05-31,20350.0,20450.0,20000.0,20250.0,9795.0
67,2016-05-31,20250.0,20300.0,20200.0,20200.0,6484.0
68,2016-05-31,20200.0,20250.0,20150.0,20150.0,7070.0
69,2016-05-31,20200.0,20250.0,20100.0,20150.0,8234.0
70,2016-05-31,20150.0,20250.0,20050.0,20100.0,13157.0
71,2016-05-31,20150.0,20150.0,19850.0,20100.0,47088.0
72,2016-06-01,19800.0,19900.0,19750.0,19900.0,16982.0
73,2016-06-01,20000.0,20000.0,19600.0,19800.0,34524.0
74,2016-06-01,19950.0,20000.0,19850.0,19950.0,5744.0
75,2016-06-01,19950.0,20000.0,19900.0,19950.0,1646.0
76,2016-06-01,20000.0,20050.0,19850.0,19950.0,11497.0
77,2016-06-01,19950.0,20050.0,19900.0,20000.0,4638.0
78,2016-06-02,19900.0,19950.0,19800.0,19850.0,8877.0
79,2016-06-02,19850.0,20000.0,19850.0,19900.0,6730.0
80,2016-06-02,19850.0,19950.0,19850.0,19900.0,5433.0
81,2016-06-02,19900.0,19950.0,19850.0,19850.0,7585.0
82,2016-06-02,19850.0,19950.0,19750.0,19750.0,18524.0
83,2016-06-02,19750.0,19800.0,19650.0,19700.0,24943.0
84,2016-06-03,19900.0,20000.0,19800.0,19950.0,12294.0
85,2016-06-03,19800.0,19950.0,19750.0,19950.0,11774.0
86,2016-06-03,19700.0,20100.0,19700.0,20050.0,15069.0
87,2016-06-03,19950.0,20000.0,19850.0,19850.0,6729.0
88,2016-06-03,20050.0,20100.0,19900.0,19950.0,10882.0
89,2016-06-03,19850.0,19950.0,19800.0,19850.0,7390.0
90,2016-06-07,19900.0,20050.0,19800.0,19800.0,8975.0
91,2016-06-07,19850.0,19900.0,19700.0,19850.0,12730.0
92,2016-06-07,19950.0,20000.0,19850.0,19850.0,2208.0
93,2016-06-07,20000.0,20000.0,19900.0,19950.0,3704.0
94,2016-06-07,20000.0,20050.0,19900.0,19950.0,5163.0
95,2016-06-07,19950.0,20050.0,19700.0,20000.0,5095.0
96,2016-06-08,19750.0,20000.0,19700.0,19700.0,12345.0
97,2016-06-08,19700.0,19900.0,19700.0,19850.0,2693.0
98,2016-06-08,19800.0,19850.0,19750.0,19750.0,3658.0
99,2016-06-08,19800.0,19950.0,19750.0,19900.0,5532.0
100,2016-06-08,19900.0,19950.0,19800.0,19850.0,6339.0
101,2016-06-08,19850.0,19900.0,19700.0,19850.0,10438.0
102,2016-06-09,20250.0,20400.0,20150.0,20400.0,34378.0
103,2016-06-09,20250.0,20350.0,20200.0,20250.0,16394.0
104,2016-06-09,19750.0,19900.0,19750.0,19750.0,6682.0
105,2016-06-09,20800.0,20800.0,20200.0,20200.0,32751.0
106,2016-06-09,19750.0,20950.0,19750.0,20850.0,60496.0
107,2016-06-09,20200.0,20300.0,20150.0,20250.0,7676.0
108,2016-06-10,20150.0,20250.0,20050.0,20200.0,8184.0
109,2016-06-10,20150.0,20200.0,20100.0,20150.0,8342.0
110,2016-06-10,20350.0,20400.0,20150.0,20200.0,11246.0
111,2016-06-10,20200.0,20250.0,20100.0,20100.0,9866.0
112,2016-06-10,20200.0,20300.0,20150.0,20200.0,11624.0
113,2016-06-10,20100.0,20250.0,20050.0,20150.0,6283.0
114,2016-06-13,20300.0,20300.0,19850.0,20050.0,8608.0
115,2016-06-13,20050.0,20100.0,19850.0,19950.0,13375.0
116,2016-06-13,20000.0,20000.0,19850.0,19850.0,7839.0
117,2016-06-13,19850.0,19900.0,19700.0,19750.0,16103.0
118,2016-06-13,19750.0,19800.0,19700.0,19750.0,12841.0
119,2016-06-13,19750.0,19800.0,19550.0,19600.0,27695.0
120,2016-06-14,19150.0,19300.0,19150.0,19300.0,17939.0
121,2016-06-14,19250.0,19350.0,19050.0,19150.0,49683.0
122,2016-06-14,19600.0,19800.0,19450.0,19450.0,12617.0
123,2016-06-14,19200.0,19450.0,19200.0,19350.0,10770.0
124,2016-06-14,19450.0,19500.0,19150.0,19200.0,24649.0
125,2016-06-14,19400.0,19450.0,19250.0,19250.0,15165.0
126,2016-06-15,18650.0,18800.0,18600.0,18700.0,43197.0
127,2016-06-15,18800.0,18850.0,18600.0,18700.0,51520.0
128,2016-06-15,19050.0,19300.0,18750.0,18800.0,49913.0
129,2016-06-15,18800.0,18850.0,18750.0,18800.0,28441.0
130,2016-06-15,18750.0,18950.0,18650.0,18800.0,36701.0
131,2016-06-15,18800.0,18850.0,18750.0,18800.0,19796.0
132,2016-06-16,18800.0,18800.0,18550.0,18600.0,25652.0
133,2016-06-16,18700.0,18900.0,18600.0,18650.0,12940.0
134,2016-06-16,18600.0,18700.0,18550.0,18600.0,12960.0
135,2016-06-16,18600.0,18750.0,18550.0,18700.0,8213.0
136,2016-06-16,18700.0,18750.0,18550.0,18650.0,24053.0
137,2016-06-16,18650.0,18700.0,18400.0,18400.0,26349.0
138,2016-06-17,18550.0,18850.0,18550.0,18700.0,17812.0
139,2016-06-17,18700.0,18700.0,18450.0,18550.0,12856.0
140,2016-06-17,18400.0,18600.0,18350.0,18600.0,20326.0
141,2016-06-17,18550.0,18700.0,18450.0,18450.0,15993.0
142,2016-06-17,18450.0,18750.0,18450.0,18650.0,13826.0
143,2016-06-17,18650.0,18700.0,18300.0,18350.0,19245.0
144,2016-06-20,18700.0,19100.0,18650.0,18950.0,22712.0
145,2016-06-20,19000.0,19050.0,18950.0,19000.0,11225.0
146,2016-06-20,19000.0,19050.0,18850.0,18850.0,17261.0
147,2016-06-20,18850.0,18950.0,18800.0,18950.0,10614.0
148,2016-06-20,18850.0,19100.0,18850.0,19000.0,18554.0
149,2016-06-20,19000.0,19300.0,19000.0,19300.0,33497.0
150,2016-06-21,19200.0,19250.0,18950.0,19000.0,16425.0
151,2016-06-21,19000.0,19100.0,18950.0,19050.0,10656.0
152,2016-06-21,19050.0,19150.0,19000.0,19050.0,5314.0
153,2016-06-21,19050.0,19050.0,19000.0,19000.0,6604.0
154,2016-06-21,19000.0,19100.0,19000.0,19050.0,4440.0
155,2016-06-21,19050.0,19150.0,19050.0,19150.0,11111.0
156,2016-06-22,19000.0,19100.0,19000.0,19100.0,12524.0
157,2016-06-22,19050.0,19100.0,18950.0,19050.0,10380.0
158,2016-06-22,19050.0,19100.0,18950.0,19000.0,20330.0
159,2016-06-22,19150.0,19250.0,18950.0,19000.0,13030.0
160,2016-06-22,19150.0,19200.0,19000.0,19150.0,10899.0
161,2016-06-22,19000.0,19050.0,19000.0,19000.0,6336.0
162,2016-06-23,18900.0,19000.0,18850.0,18850.0,9161.0
163,2016-06-23,18850.0,18900.0,18750.0,18800.0,17870.0
164,2016-06-23,18800.0,18950.0,18600.0,18900.0,35148.0
165,2016-06-23,18900.0,19050.0,18650.0,18650.0,31056.0
166,2016-06-23,18650.0,18800.0,18650.0,18650.0,20701.0
167,2016-06-23,18650.0,18800.0,18650.0,18650.0,20055.0
168,2016-06-24,17550.0,18150.0,17550.0,17900.0,75179.0
169,2016-06-24,17350.0,17600.0,17000.0,17550.0,58562.0
170,2016-06-24,18900.0,19200.0,18600.0,18700.0,46011.0
171,2016-06-24,18800.0,18800.0,17800.0,17850.0,40649.0
172,2016-06-24,18700.0,18800.0,18400.0,18750.0,18802.0
173,2016-06-24,17850.0,18200.0,17200.0,17350.0,59600.0
174,2016-06-27,17000.0,18000.0,16900.0,17750.0,124771.0
175,2016-06-27,17300.0,17350.0,16950.0,17000.0,71563.0
176,2016-06-27,17400.0,17750.0,17400.0,17550.0,31017.0
177,2016-06-27,17550.0,17650.0,17250.0,17300.0,37018.0
178,2016-06-27,17300.0,17450.0,17300.0,17300.0,22321.0
179,2016-06-27,17300.0,17600.0,17300.0,17400.0,34975.0
180,2016-06-28,17750.0,18450.0,17700.0,18400.0,65867.0
181,2016-06-28,18450.0,18550.0,18050.0,18350.0,47287.0
182,2016-06-28,18350.0,18400.0,18200.0,18300.0,24039.0
183,2016-06-28,18300.0,18500.0,18200.0,18400.0,36408.0
184,2016-06-28,18400.0,18450.0,18300.0,18350.0,33941.0
185,2016-06-28,17350.0,18000.0,17350.0,17650.0,24288.0
186,2016-06-29,18700.0,19000.0,18500.0,18750.0,54457.0
187,2016-06-29,18750.0,18800.0,18600.0,18650.0,23471.0
188,2016-06-29,18650.0,18800.0,18500.0,18700.0,30251.0
189,2016-06-29,18700.0,18750.0,18600.0,18600.0,15734.0
190,2016-06-29,18600.0,18800.0,18600.0,18750.0,12878.0
191,2016-06-29,18750.0,18850.0,18700.0,18700.0,30163.0
192,2016-06-30,18650.0,18800.0,18650.0,18650.0,12178.0
193,2016-06-30,18700.0,18750.0,18650.0,18650.0,7924.0
194,2016-06-30,18750.0,18800.0,18650.0,18750.0,8910.0
195,2016-06-30,18700.0,18800.0,18600.0,18700.0,8260.0
196,2016-06-30,18650.0,18800.0,18650.0,18750.0,9891.0
197,2016-06-30,18700.0,18950.0,18600.0,18800.0,13935.0
198,2016-07-01,19000.0,19250.0,18900.0,19200.0,40057.0
199,2016-07-01,19200.0,19250.0,19100.0,19150.0,12797.0
200,2016-07-01,19150.0,19200.0,19050.0,19150.0,16286.0
201,2016-07-01,19150.0,19250.0,19050.0,19200.0,15416.0
202,2016-07-01,19250.0,19350.0,19200.0,19350.0,22784.0
203,2016-07-01,19350.0,19400.0,19250.0,19350.0,25215.0
204,2016-07-04,19150.0,19300.0,19150.0,19250.0,6626.0
205,2016-07-04,19250.0,19600.0,19250.0,19550.0,28436.0
206,2016-07-04,19150.0,19200.0,19150.0,19150.0,5344.0
207,2016-07-04,19250.0,19400.0,19250.0,19250.0,7868.0
208,2016-07-04,19200.0,19400.0,19200.0,19300.0,10526.0
209,2016-07-04,19250.0,19300.0,19150.0,19150.0,6589.0
210,2016-07-05,19500.0,19500.0,19150.0,19250.0,7474.0
211,2016-07-05,19300.0,19450.0,19200.0,19300.0,11517.0
212,2016-07-05,19300.0,19300.0,19200.0,19250.0,5737.0
213,2016-07-05,19200.0,19300.0,19150.0,19250.0,5618.0
214,2016-07-05,19250.0,19300.0,19050.0,19050.0,14157.0
215,2016-07-05,19050.0,19400.0,19050.0,19350.0,25393.0
216,2016-07-06,19150.0,19450.0,19150.0,19450.0,43500.0
217,2016-07-06,19100.0,19150.0,19050.0,19150.0,11913.0
218,2016-07-06,19350.0,19350.0,18950.0,19000.0,9652.0
219,2016-07-06,19100.0,19250.0,18950.0,19050.0,16239.0
220,2016-07-06,19000.0,19250.0,19000.0,19100.0,11266.0
221,2016-07-06,19000.0,19200.0,19000.0,19100.0,15259.0
222,2016-07-07,20050.0,20100.0,19850.0,20050.0,27174.0
223,2016-07-07,20100.0,20100.0,19950.0,20100.0,22784.0
224,2016-07-07,20000.0,20100.0,19950.0,20050.0,28990.0
225,2016-07-07,19850.0,20000.0,19850.0,19950.0,13403.0
226,2016-07-07,19850.0,19950.0,19750.0,19900.0,11065.0
227,2016-07-07,19500.0,20100.0,19450.0,19850.0,63788.0
228,2016-07-08,20050.0,20050.0,19700.0,19800.0,9194.0
229,2016-07-08,19800.0,20050.0,19750.0,20050.0,11138.0
230,2016-07-08,20000.0,20100.0,19700.0,19800.0,16647.0
231,2016-07-08,19750.0,19850.0,19750.0,19850.0,4010.0
232,2016-07-08,19800.0,19900.0,19750.0,19750.0,7626.0
233,2016-07-08,19750.0,19800.0,19650.0,19650.0,12862.0
234,2016-07-11,19550.0,19750.0,19550.0,19600.0,4503.0
235,2016-07-11,19550.0,19700.0,19550.0,19550.0,5974.0
236,2016-07-11,19750.0,20000.0,19650.0,19750.0,5247.0
237,2016-07-11,19600.0,19650.0,19550.0,19650.0,7844.0
238,2016-07-11,19750.0,19800.0,19600.0,19650.0,5374.0
239,2016-07-11,19600.0,19650.0,19450.0,19550.0,9983.0
240,2016-07-12,19300.0,19450.0,19100.0,19250.0,20800.0
241,2016-07-12,19200.0,19300.0,19050.0,19250.0,40043.0
242,2016-07-12,19600.0,19850.0,19550.0,19550.0,9583.0
243,2016-07-12,19400.0,19450.0,19250.0,19250.0,17591.0
244,2016-07-12,19550.0,19650.0,19350.0,19500.0,28013.0
245,2016-07-12,19250.0,19350.0,19100.0,19200.0,29148.0
246,2016-07-13,19500.0,19650.0,19400.0,19400.0,9924.0
247,2016-07-13,19450.0,19500.0,19300.0,19300.0,7802.0
248,2016-07-13,19300.0,19400.0,19200.0,19350.0,22012.0
249,2016-07-13,19250.0,19350.0,19250.0,19300.0,6959.0
250,2016-07-13,19300.0,19350.0,19250.0,19350.0,11459.0
251,2016-07-13,19400.0,19450.0,19350.0,19450.0,11018.0
252,2016-07-14,19350.0,19500.0,19300.0,19400.0,15723.0
253,2016-07-14,19200.0,19400.0,19200.0,19350.0,12789.0
254,2016-07-14,19550.0,19550.0,19200.0,19250.0,7174.0
255,2016-07-14,19300.0,19300.0,19100.0,19150.0,12851.0
256,2016-07-14,19250.0,19350.0,19200.0,19300.0,9474.0
257,2016-07-14,19200.0,19350.0,19150.0,19250.0,10225.0
258,2016-07-15,19550.0,19800.0,19500.0,19800.0,30838.0
259,2016-07-15,19700.0,19750.0,19550.0,19600.0,13372.0
260,2016-07-15,19550.0,19900.0,19450.0,19500.0,23128.0
261,2016-07-15,19600.0,19800.0,19600.0,19650.0,7993.0
262,2016-07-15,19500.0,19750.0,19500.0,19600.0,12980.0
263,2016-07-15,19650.0,19750.0,19600.0,19700.0,5539.0
264,2016-07-18,19800.0,20350.0,19750.0,20200.0,113120.0
265,2016-07-18,20150.0,20300.0,20150.0,20150.0,55107.0
266,2016-07-18,20200.0,20200.0,20000.0,20050.0,19035.0
267,2016-07-18,20000.0,20050.0,19800.0,19850.0,16048.0
268,2016-07-18,19850.0,19900.0,19700.0,19700.0,23011.0
269,2016-07-18,19700.0,19850.0,19700.0,19750.0,23605.0
270,2016-07-19,20200.0,20300.0,20100.0,20200.0,32408.0
271,2016-07-19,20250.0,20300.0,20150.0,20250.0,29911.0
272,2016-07-19,20150.0,20200.0,20000.0,20150.0,24142.0
273,2016-07-19,19850.0,20000.0,19750.0,19950.0,16274.0
274,2016-07-19,19650.0,20050.0,19650.0,19850.0,13443.0
275,2016-07-19,20000.0,20250.0,19950.0,20250.0,38931.0
276,2016-07-20,20350.0,20850.0,20200.0,20600.0,112055.0
277,2016-07-20,20600.0,20850.0,20550.0,20800.0,46064.0
278,2016-07-20,20800.0,20850.0,20750.0,20850.0,23163.0
279,2016-07-20,20850.0,20850.0,20750.0,20850.0,22130.0
280,2016-07-20,20850.0,20850.0,20250.0,20300.0,61649.0
281,2016-07-20,20300.0,20350.0,20100.0,20350.0,105001.0
282,2016-07-21,20250.0,20350.0,20250.0,20300.0,5898.0
283,2016-07-21,20250.0,20350.0,20250.0,20250.0,7807.0
284,2016-07-21,20500.0,20500.0,20200.0,20350.0,14260.0
285,2016-07-21,20250.0,20350.0,20000.0,20150.0,28281.0
286,2016-07-21,20350.0,20450.0,20250.0,20350.0,8164.0
287,2016-07-21,20100.0,20300.0,20050.0,20300.0,5602.0
288,2016-07-22,19900.0,20000.0,19850.0,19850.0,14818.0
289,2016-07-22,20000.0,20050.0,19900.0,19900.0,6858.0
290,2016-07-22,19950.0,20050.0,19900.0,20000.0,5952.0
291,2016-07-22,19950.0,20050.0,19900.0,20000.0,9614.0
292,2016-07-22,20000.0,20050.0,19800.0,19950.0,16123.0
293,2016-07-22,20350.0,20350.0,19950.0,20000.0,18665.0
294,2016-07-25,19950.0,20000.0,19750.0,19800.0,10574.0
295,2016-07-25,19800.0,19850.0,19650.0,19700.0,7870.0
296,2016-07-25,19650.0,19700.0,19600.0,19600.0,4690.0
297,2016-07-25,19600.0,19700.0,19550.0,19600.0,9192.0
298,2016-07-25,19600.0,19650.0,19550.0,19650.0,4886.0
299,2016-07-25,19600.0,19700.0,19600.0,19600.0,5606.0
300,2016-07-26,19600.0,19600.0,19500.0,19500.0,9027.0
301,2016-07-26,19550.0,19600.0,19550.0,19600.0,8823.0
302,2016-07-26,19550.0,19850.0,19550.0,19750.0,6472.0
303,2016-07-26,19700.0,19750.0,19600.0,19600.0,4573.0
304,2016-07-26,19650.0,19750.0,19550.0,19700.0,6702.0
305,2016-07-26,19600.0,19650.0,19550.0,19600.0,5825.0
306,2016-07-27,19200.0,19300.0,19150.0,19250.0,18308.0
307,2016-07-27,19300.0,19300.0,19150.0,19200.0,14076.0
308,2016-07-27,19500.0,19500.0,19300.0,19450.0,17099.0
309,2016-07-27,19500.0,19550.0,19400.0,19400.0,4020.0
310,2016-07-27,19600.0,19600.0,19500.0,19500.0,2829.0
311,2016-07-27,19450.0,19450.0,19250.0,19300.0,16136.0
312,2016-07-28,19400.0,19500.0,19050.0,19100.0,18985.0
313,2016-07-28,19050.0,19200.0,19050.0,19050.0,15382.0
314,2016-07-28,19100.0,19200.0,19000.0,19100.0,21573.0
315,2016-07-28,19150.0,19150.0,18950.0,19000.0,24939.0
316,2016-07-28,19000.0,19100.0,18950.0,18950.0,16170.0
317,2016-07-28,19000.0,19100.0,18950.0,19100.0,19690.0
318,2016-07-29,19200.0,19350.0,19150.0,19350.0,12289.0
319,2016-07-29,19200.0,19250.0,19150.0,19250.0,10809.0
320,2016-07-29,19300.0,19450.0,19100.0,19300.0,11882.0
321,2016-07-29,19150.0,19300.0,19150.0,19200.0,6790.0
322,2016-07-29,19300.0,19300.0,19150.0,19150.0,3741.0
323,2016-07-29,19150.0,19300.0,19150.0,19200.0,7613.0
324,2016-08-01,19600.0,19800.0,19600.0,19800.0,8503.0
325,2016-08-01,19650.0,19750.0,19600.0,19650.0,9915.0
326,2016-08-01,19900.0,19900.0,19600.0,19650.0,9722.0
327,2016-08-01,19550.0,20000.0,19550.0,19750.0,43434.0
328,2016-08-01,19750.0,19900.0,19700.0,19800.0,14730.0
329,2016-08-01,19350.0,19650.0,19300.0,19550.0,24993.0
330,2016-08-01,19750.0,19950.0,19750.0,19900.0,10689.0
331,2016-08-02,19900.0,19900.0,19600.0,19600.0,7478.0
332,2016-08-02,19600.0,19650.0,19350.0,19400.0,12761.0
333,2016-08-02,19400.0,19550.0,19400.0,19400.0,4126.0
334,2016-08-02,19400.0,19450.0,19350.0,19350.0,5492.0
335,2016-08-02,19350.0,19500.0,19350.0,19400.0,3884.0
336,2016-08-02,19400.0,19850.0,19400.0,19800.0,22391.0
337,2016-08-02,19750.0,19800.0,19600.0,19800.0,11768.0
338,2016-08-03,19350.0,19400.0,19250.0,19250.0,23085.0
339,2016-08-03,19350.0,19450.0,19350.0,19400.0,9511.0
340,2016-08-03,19500.0,19550.0,19350.0,19350.0,15113.0
341,2016-08-03,19750.0,19800.0,19450.0,19700.0,14943.0
342,2016-08-03,19650.0,19950.0,19600.0,19600.0,16347.0
343,2016-08-03,19550.0,19600.0,19450.0,19550.0,10178.0
344,2016-08-03,19650.0,19700.0,19550.0,19550.0,4411.0
345,2016-08-04,19300.0,19500.0,19300.0,19400.0,11365.0
346,2016-08-04,19400.0,19450.0,19350.0,19400.0,10490.0
347,2016-08-04,19350.0,19400.0,19300.0,19300.0,5003.0
348,2016-08-04,19300.0,19350.0,19250.0,19300.0,9463.0
349,2016-08-04,19250.0,19450.0,19250.0,19300.0,9083.0
350,2016-08-04,19300.0,19400.0,19250.0,19400.0,7341.0
351,2016-08-04,19350.0,19450.0,19300.0,19400.0,3393.0
352,2016-08-05,19000.0,19050.0,18750.0,18850.0,27955.0
353,2016-08-05,19000.0,19100.0,18900.0,19000.0,14050.0
354,2016-08-05,19250.0,19300.0,18950.0,19000.0,31067.0
355,2016-08-05,19450.0,19500.0,19300.0,19300.0,6455.0
356,2016-08-05,19300.0,19350.0,19150.0,19200.0,14949.0
357,2016-08-05,19400.0,19500.0,19300.0,19450.0,4797.0
358,2016-08-05,19200.0,19400.0,19200.0,19250.0,7261.0
359,2016-08-08,18900.0,18900.0,18750.0,18800.0,23261.0
360,2016-08-08,18750.0,18850.0,18750.0,18850.0,8442.0
361,2016-08-08,18800.0,18950.0,18800.0,18900.0,11984.0
362,2016-08-08,19150.0,19150.0,18850.0,18850.0,7300.0
363,2016-08-08,18850.0,18950.0,18850.0,18900.0,4302.0
364,2016-08-08,18850.0,18900.0,18750.0,18850.0,7635.0
365,2016-08-08,18900.0,19150.0,18750.0,19150.0,13190.0
366,2016-08-09,18950.0,19100.0,18800.0,18900.0,13224.0
367,2016-08-09,18900.0,19050.0,18850.0,19000.0,6290.0
368,2016-08-09,19000.0,19050.0,18950.0,19000.0,2667.0
369,2016-08-09,18950.0,19150.0,18950.0,19050.0,5940.0
370,2016-08-09,19050.0,19100.0,18850.0,18900.0,15832.0
371,2016-08-09,18900.0,19300.0,18850.0,19200.0,38196.0
372,2016-08-09,19200.0,19350.0,19100.0,19300.0,12999.0
373,2016-08-10,18950.0,19150.0,18900.0,19000.0,13930.0
374,2016-08-10,18950.0,19050.0,18900.0,18950.0,12656.0
375,2016-08-10,18950.0,19050.0,18950.0,18950.0,10357.0
376,2016-08-10,18950.0,19000.0,18900.0,18950.0,14542.0
377,2016-08-10,19050.0,19100.0,18950.0,18950.0,16966.0
378,2016-08-10,18950.0,19100.0,18950.0,18950.0,11043.0
379,2016-08-10,19300.0,19450.0,18950.0,19150.0,20729.0
380,2016-08-11,19000.0,19050.0,18800.0,18950.0,10243.0
381,2016-08-11,18900.0,18900.0,18600.0,18750.0,25158.0
382,2016-08-11,18700.0,18750.0,18600.0,18700.0,12313.0
383,2016-08-11,18700.0,18750.0,18600.0,18650.0,13483.0
384,2016-08-11,18650.0,18800.0,18650.0,18750.0,8868.0
385,2016-08-11,18750.0,18850.0,18650.0,18800.0,12688.0
386,2016-08-11,18800.0,18900.0,18800.0,18900.0,7871.0
387,2016-08-12,18800.0,18900.0,18750.0,18850.0,9397.0
388,2016-08-12,18800.0,18850.0,18750.0,18800.0,5207.0
389,2016-08-12,18850.0,18900.0,18750.0,18800.0,10011.0
390,2016-08-12,18850.0,18900.0,18700.0,18850.0,9086.0
391,2016-08-12,18950.0,19000.0,18850.0,18850.0,11517.0
392,2016-08-12,19050.0,19050.0,18850.0,19000.0,9523.0
393,2016-08-12,18800.0,18850.0,18800.0,18800.0,1189.0
394,2016-08-16,18700.0,18750.0,18650.0,18650.0,10328.0
395,2016-08-16,18750.0,18800.0,18650.0,18650.0,5711.0
396,2016-08-16,18700.0,18750.0,18650.0,18700.0,5256.0
397,2016-08-16,18700.0,18800.0,18700.0,18750.0,5899.0
398,2016-08-16,18800.0,18850.0,18700.0,18750.0,5730.0
399,2016-08-16,18700.0,18850.0,18700.0,18800.0,4864.0
400,2016-08-16,18850.0,18900.0,18750.0,18800.0,7176.0
401,2016-08-17,18250.0,18300.0,18250.0,18250.0,11185.0
402,2016-08-17,18600.0,18650.0,18350.0,18400.0,20073.0
403,2016-08-17,18450.0,18500.0,18200.0,18250.0,22254.0
404,2016-08-17,18250.0,18250.0,18000.0,18150.0,26810.0
405,2016-08-17,18100.0,18200.0,18100.0,18150.0,8248.0
406,2016-08-17,18150.0,18250.0,18150.0,18200.0,8125.0
407,2016-08-17,18200.0,18300.0,18150.0,18250.0,6881.0
408,2016-08-18,18200.0,18500.0,18150.0,18450.0,17018.0
409,2016-08-18,18450.0,18550.0,18350.0,18500.0,9273.0
410,2016-08-18,18250.0,18250.0,18200.0,18200.0,4852.0
411,2016-08-18,18250.0,18300.0,18100.0,18250.0,8834.0
412,2016-08-18,18200.0,18300.0,18150.0,18200.0,10786.0
413,2016-08-18,18200.0,18300.0,18200.0,18200.0,6889.0
414,2016-08-18,18250.0,18350.0,18200.0,18250.0,8707.0
415,2016-08-19,18450.0,18500.0,18350.0,18500.0,4692.0
416,2016-08-19,18500.0,18500.0,18300.0,18400.0,8102.0
417,2016-08-19,18350.0,18400.0,18250.0,18300.0,4602.0
418,2016-08-19,18300.0,18350.0,18250.0,18250.0,2876.0
419,2016-08-19,18250.0,18450.0,18250.0,18350.0,8799.0
420,2016-08-19,18350.0,18400.0,18300.0,18350.0,2139.0
421,2016-08-19,18350.0,18400.0,18300.0,18400.0,5175.0
422,2016-08-22,18200.0,18350.0,18150.0,18250.0,11916.0
423,2016-08-22,17900.0,18300.0,17900.0,18200.0,29848.0
424,2016-08-22,18050.0,18100.0,17900.0,17900.0,27875.0
425,2016-08-22,18400.0,18400.0,18050.0,18150.0,6243.0
426,2016-08-22,18100.0,18150.0,18000.0,18050.0,15183.0
427,2016-08-22,18150.0,18200.0,18100.0,18100.0,8678.0
428,2016-08-22,18050.0,18150.0,18000.0,18000.0,6974.0
429,2016-08-23,18250.0,18350.0,18250.0,18300.0,6253.0
430,2016-08-23,18350.0,18350.0,18150.0,18300.0,6379.0
431,2016-08-23,18200.0,18300.0,18150.0,18300.0,7649.0
432,2016-08-23,18300.0,18450.0,18200.0,18400.0,2676.0
433,2016-08-23,18350.0,18350.0,18250.0,18250.0,4784.0
434,2016-08-23,18400.0,18450.0,18350.0,18350.0,1407.0
435,2016-08-23,18250.0,18300.0,18200.0,18200.0,3766.0
436,2016-08-24,18400.0,18450.0,18250.0,18400.0,4156.0
437,2016-08-24,18400.0,18600.0,18350.0,18550.0,9641.0
438,2016-08-24,18500.0,18550.0,18450.0,18500.0,3606.0
439,2016-08-24,18450.0,18450.0,18250.0,18250.0,7334.0
440,2016-08-24,18300.0,18350.0,18250.0,18300.0,9788.0
441,2016-08-24,18300.0,18300.0,18200.0,18200.0,11065.0
442,2016-08-24,18200.0,18250.0,18150.0,18150.0,9568.0
443,2016-08-25,18350.0,18400.0,18250.0,18350.0,6224.0
444,2016-08-25,18300.0,18400.0,18200.0,18400.0,9702.0
445,2016-08-25,18300.0,18350.0,18200.0,18300.0,6969.0
446,2016-08-25,18100.0,18300.0,18050.0,18150.0,5577.0
447,2016-08-25,18200.0,18350.0,18150.0,18300.0,5610.0
448,2016-08-25,18100.0,18550.0,18050.0,18200.0,26984.0
449,2016-08-25,18300.0,18350.0,18200.0,18300.0,5253.0
450,2016-08-26,18400.0,18400.0,18150.0,18250.0,4029.0
451,2016-08-26,18300.0,18400.0,18250.0,18350.0,5395.0
452,2016-08-26,18350.0,18450.0,18200.0,18250.0,11213.0
453,2016-08-26,18250.0,18350.0,18150.0,18250.0,10306.0
454,2016-08-26,18200.0,18250.0,18150.0,18150.0,9889.0
455,2016-08-26,18200.0,18350.0,18150.0,18200.0,12421.0
456,2016-08-26,18150.0,18300.0,18100.0,18200.0,10597.0
457,2016-08-29,17750.0,17800.0,17700.0,17750.0,14744.0
458,2016-08-29,17850.0,17900.0,17750.0,17850.0,10147.0
459,2016-08-29,17850.0,17850.0,17700.0,17700.0,16064.0
460,2016-08-29,17900.0,17950.0,17700.0,17750.0,16832.0
461,2016-08-29,18100.0,18100.0,17800.0,17850.0,31720.0
462,2016-08-29,18100.0,18250.0,18050.0,18100.0,7593.0
463,2016-08-29,17750.0,17850.0,17700.0,17850.0,12484.0
464,2016-08-30,17600.0,17650.0,17550.0,17600.0,6406.0
465,2016-08-30,17650.0,17700.0,17450.0,17500.0,24587.0
466,2016-08-30,17500.0,17600.0,17450.0,17600.0,15442.0
467,2016-08-30,17600.0,17750.0,17600.0,17650.0,6675.0
468,2016-08-30,17750.0,17800.0,17600.0,17600.0,11494.0
469,2016-08-30,17700.0,17750.0,17650.0,17700.0,5852.0
470,2016-08-30,17700.0,17950.0,17700.0,17750.0,12390.0
471,2016-08-31,17200.0,17250.0,17150.0,17250.0,16380.0
472,2016-08-31,17500.0,17650.0,17450.0,17500.0,8663.0
473,2016-08-31,17500.0,17550.0,17250.0,17250.0,23996.0
474,2016-08-31,17250.0,17300.0,17100.0,17100.0,24016.0
475,2016-08-31,17100.0,17200.0,17100.0,17150.0,12270.0
476,2016-08-31,17200.0,17200.0,17100.0,17100.0,23557.0
477,2016-08-31,17100.0,17250.0,17100.0,17200.0,19685.0
478,2016-09-01,17350.0,17400.0,17250.0,17300.0,19039.0
479,2016-09-01,17300.0,17400.0,17300.0,17350.0,8950.0
480,2016-09-01,17400.0,17500.0,17300.0,17350.0,12623.0
481,2016-09-01,17300.0,17400.0,17200.0,17350.0,7043.0
482,2016-09-01,17250.0,17450.0,17250.0,17350.0,9757.0
483,2016-09-01,17300.0,17550.0,17250.0,17300.0,12557.0
484,2016-09-01,17350.0,17450.0,17300.0,17350.0,9372.0
485,2016-09-02,17300.0,17700.0,17300.0,17450.0,16463.0
486,2016-09-02,17450.0,17600.0,17450.0,17450.0,10166.0
487,2016-09-02,17450.0,17500.0,17400.0,17450.0,10745.0
488,2016-09-02,17400.0,17500.0,17300.0,17300.0,10458.0
489,2016-09-02,17350.0,17500.0,17300.0,17450.0,9198.0
490,2016-09-02,17450.0,17850.0,17400.0,17650.0,32357.0
491,2016-09-02,17650.0,17800.0,17650.0,17650.0,7029.0
492,2016-09-05,17500.0,17550.0,17400.0,17450.0,10913.0
493,2016-09-05,17550.0,17600.0,17450.0,17500.0,6144.0
494,2016-09-05,17450.0,17750.0,17450.0,17550.0,7687.0
495,2016-09-05,17950.0,17950.0,17650.0,17700.0,10868.0
496,2016-09-05,17500.0,17600.0,17450.0,17500.0,12498.0
497,2016-09-05,17650.0,17700.0,17450.0,17550.0,13538.0
498,2016-09-05,17500.0,17550.0,17450.0,17450.0,5921.0
499,2016-09-06,17400.0,17500.0,17300.0,17450.0,10122.0
500,2016-09-06,17400.0,17500.0,17350.0,17400.0,9124.0
501,2016-09-06,17450.0,17500.0,17300.0,17400.0,13837.0
502,2016-09-06,17550.0,17650.0,17400.0,17500.0,7252.0
503,2016-09-06,17500.0,17500.0,17350.0,17350.0,8977.0
504,2016-09-06,17500.0,17600.0,17450.0,17450.0,8868.0
505,2016-09-06,17350.0,17500.0,17350.0,17450.0,9281.0
506,2016-09-07,17500.0,17600.0,17400.0,17550.0,7379.0
507,2016-09-07,17500.0,17600.0,17400.0,17400.0,6671.0
508,2016-09-07,17400.0,17450.0,17350.0,17400.0,7327.0
509,2016-09-07,17450.0,17450.0,17350.0,17350.0,5017.0
510,2016-09-07,17350.0,17400.0,17300.0,17350.0,6488.0
511,2016-09-07,17300.0,17450.0,17300.0,17350.0,6805.0
512,2016-09-07,17350.0,17450.0,17350.0,17350.0,6791.0
513,2016-09-08,17100.0,17150.0,17000.0,17050.0,31163.0
514,2016-09-08,17000.0,17200.0,16900.0,16900.0,40010.0
515,2016-09-08,17150.0,17250.0,17050.0,17100.0,12355.0
516,2016-09-08,17300.0,17350.0,17200.0,17200.0,11206.0
517,2016-09-08,17300.0,17300.0,17150.0,17150.0,13096.0
518,2016-09-08,17250.0,17300.0,17200.0,17300.0,8261.0
519,2016-09-08,17150.0,17200.0,17100.0,17150.0,10615.0
520,2016-09-09,17050.0,17050.0,16800.0,16850.0,12162.0
521,2016-09-09,16850.0,17200.0,16850.0,17200.0,21182.0
522,2016-09-09,17100.0,17150.0,16900.0,16900.0,9277.0
523,2016-09-09,16900.0,17050.0,16850.0,16850.0,12491.0
524,2016-09-09,16900.0,16950.0,16800.0,16850.0,18852.0
525,2016-09-09,16850.0,16950.0,16800.0,16850.0,8712.0
526,2016-09-09,16900.0,16900.0,16850.0,16900.0,7297.0
527,2016-09-12,16950.0,16950.0,16750.0,16800.0,14781.0
528,2016-09-12,16500.0,17000.0,16400.0,16950.0,72711.0
529,2016-09-12,16500.0,16550.0,16400.0,16450.0,17075.0
530,2016-09-12,16550.0,16600.0,16500.0,16550.0,11734.0
531,2016-09-12,16600.0,16750.0,16600.0,16650.0,10106.0
532,2016-09-12,16700.0,16750.0,16450.0,16600.0,34301.0
533,2016-09-12,16650.0,16650.0,16500.0,16550.0,16735.0
534,2016-09-13,16850.0,17000.0,16750.0,16800.0,9800.0
535,2016-09-13,16800.0,16900.0,16750.0,16800.0,7417.0
536,2016-09-13,16800.0,16900.0,16700.0,16850.0,13673.0
537,2016-09-13,16850.0,16900.0,16750.0,16800.0,13158.0
538,2016-09-13,16800.0,16900.0,16750.0,16900.0,15986.0
539,2016-09-13,16900.0,16900.0,16700.0,16850.0,20462.0
540,2016-09-13,16850.0,16950.0,16700.0,16750.0,12978.0
541,2016-09-19,17050.0,17100.0,16850.0,17050.0,22557.0
542,2016-09-19,16800.0,17100.0,16750.0,17000.0,26236.0
543,2016-09-19,17050.0,17100.0,17000.0,17100.0,8718.0
544,2016-09-19,16750.0,16850.0,16600.0,16600.0,11014.0
545,2016-09-19,16750.0,16800.0,16600.0,16750.0,13421.0
546,2016-09-19,16600.0,16800.0,16600.0,16800.0,9854.0
547,2016-09-19,16850.0,16900.0,16650.0,16700.0,12682.0
548,2016-09-20,17000.0,17100.0,16950.0,17100.0,6083.0
549,2016-09-20,17000.0,17000.0,16900.0,16950.0,11695.0
550,2016-09-20,16900.0,17000.0,16850.0,17000.0,12544.0
551,2016-09-20,17150.0,17150.0,16850.0,16950.0,9833.0
552,2016-09-20,16900.0,16950.0,16850.0,16950.0,9116.0
553,2016-09-20,16950.0,17000.0,16850.0,16900.0,5608.0
554,2016-09-20,16900.0,17000.0,16900.0,16900.0,10687.0
555,2016-09-21,17100.0,17150.0,16950.0,17050.0,11019.0
556,2016-09-21,17050.0,17100.0,16950.0,17050.0,10800.0
557,2016-09-21,17050.0,17350.0,17000.0,17250.0,22974.0
558,2016-09-21,17250.0,17300.0,17200.0,17300.0,14755.0
559,2016-09-21,17300.0,17350.0,17200.0,17350.0,14177.0
560,2016-09-21,17300.0,17350.0,17250.0,17250.0,10318.0
561,2016-09-21,17300.0,17350.0,17250.0,17350.0,6019.0
562,2016-09-22,17850.0,17850.0,17750.0,17800.0,8561.0
563,2016-09-22,17850.0,17900.0,17750.0,17800.0,25851.0
564,2016-09-22,17650.0,17900.0,17600.0,17800.0,18013.0
565,2016-09-22,17550.0,17850.0,17550.0,17750.0,41565.0
566,2016-09-22,17800.0,17850.0,17750.0,17800.0,13183.0
567,2016-09-22,17700.0,17900.0,17700.0,17800.0,21928.0
568,2016-09-22,17750.0,17800.0,17650.0,17650.0,9838.0
569,2016-09-23,18000.0,18050.0,17950.0,18050.0,14494.0
570,2016-09-23,18050.0,18050.0,17950.0,18050.0,8871.0
571,2016-09-23,18000.0,18000.0,17850.0,18000.0,13922.0
572,2016-09-23,17750.0,17800.0,17700.0,17700.0,2656.0
573,2016-09-23,17900.0,17950.0,17850.0,17950.0,11500.0
574,2016-09-23,17700.0,17900.0,17700.0,17900.0,6641.0
575,2016-09-23,17950.0,18000.0,17850.0,18000.0,9038.0
576,2016-09-26,18200.0,18600.0,18150.0,18200.0,74934.0
577,2016-09-26,18150.0,18250.0,18100.0,18100.0,12264.0
578,2016-09-26,18150.0,18250.0,18050.0,18200.0,16480.0
579,2016-09-26,18200.0,18300.0,18200.0,18200.0,12705.0
580,2016-09-26,18200.0,18200.0,18050.0,18050.0,12958.0
581,2016-09-26,18050.0,18100.0,17800.0,17850.0,27267.0
582,2016-09-26,17900.0,17950.0,17800.0,17800.0,12035.0
583,2016-09-27,17550.0,17650.0,17550.0,17650.0,8266.0
584,2016-09-27,17550.0,17650.0,17550.0,17550.0,8970.0
585,2016-09-27,17400.0,17600.0,17400.0,17550.0,12991.0
586,2016-09-27,17850.0,17850.0,17500.0,17550.0,23181.0
587,2016-09-27,17450.0,17500.0,17400.0,17500.0,9611.0
588,2016-09-27,17550.0,17550.0,17400.0,17450.0,16345.0
589,2016-09-27,17450.0,17500.0,17400.0,17450.0,7044.0
590,2016-09-28,17700.0,17900.0,17700.0,17850.0,10741.0
591,2016-09-28,17850.0,17900.0,17650.0,17650.0,3886.0
592,2016-09-28,17650.0,17750.0,17600.0,17600.0,6816.0
593,2016-09-28,17600.0,17700.0,17600.0,17600.0,10177.0
594,2016-09-28,17600.0,17700.0,17450.0,17450.0,16215.0
595,2016-09-28,17450.0,17550.0,17400.0,17550.0,14607.0
596,2016-09-28,17550.0,17550.0,17450.0,17450.0,5029.0
597,2016-09-29,17350.0,17500.0,17350.0,17400.0,4227.0
598,2016-09-29,17450.0,17550.0,17400.0,17450.0,6177.0
599,2016-09-29,17500.0,17500.0,17350.0,17350.0,9954.0
600,2016-09-29,17500.0,17550.0,17400.0,17450.0,5108.0
601,2016-09-29,17500.0,17550.0,17400.0,17500.0,7687.0
602,2016-09-29,17450.0,17600.0,17450.0,17500.0,7779.0
603,2016-09-29,17450.0,17550.0,17400.0,17450.0,5855.0
604,2016-09-30,17100.0,17200.0,17000.0,17200.0,11225.0
605,2016-09-30,17200.0,17300.0,17100.0,17200.0,10389.0
606,2016-09-30,17200.0,17300.0,17050.0,17050.0,13792.0
607,2016-09-30,17250.0,17300.0,17150.0,17200.0,6237.0
608,2016-09-30,17300.0,17400.0,17200.0,17250.0,7219.0
609,2016-09-30,17200.0,17300.0,17150.0,17200.0,5869.0
610,2016-09-30,17500.0,17600.0,17300.0,17300.0,7973.0
611,2016-10-04,16950.0,17100.0,16950.0,17000.0,8351.0
612,2016-10-04,17200.0,17450.0,17200.0,17450.0,6085.0
613,2016-10-04,17450.0,17500.0,17250.0,17300.0,8533.0
614,2016-10-04,17300.0,17300.0,17150.0,17150.0,12605.0
615,2016-10-04,17150.0,17300.0,17100.0,17300.0,11530.0
616,2016-10-04,17200.0,17300.0,16950.0,16950.0,31060.0
617,2016-10-04,16950.0,17100.0,16900.0,16950.0,35897.0
618,2016-10-05,17100.0,17250.0,17050.0,17150.0,18160.0
619,2016-10-05,17150.0,17300.0,17150.0,17300.0,10580.0
620,2016-10-05,17000.0,17150.0,17000.0,17150.0,16713.0
621,2016-10-05,16950.0,17250.0,16950.0,17100.0,81469.0
622,2016-10-05,17150.0,17150.0,17000.0,17000.0,12242.0
623,2016-10-05,17100.0,17300.0,17100.0,17100.0,11854.0
624,2016-10-05,17050.0,17050.0,16900.0,17050.0,24238.0
625,2016-10-06,17450.0,17450.0,17200.0,17300.0,6615.0
626,2016-10-06,17350.0,17350.0,17100.0,17150.0,9699.0
627,2016-10-06,17150.0,17200.0,17050.0,17050.0,8636.0
628,2016-10-06,17100.0,17150.0,17050.0,17100.0,5821.0
629,2016-10-06,17050.0,17200.0,17000.0,17150.0,18543.0
630,2016-10-06,17150.0,17150.0,17050.0,17050.0,8380.0
631,2016-10-06,17050.0,17200.0,17050.0,17200.0,6555.0
632,2016-10-07,17000.0,17050.0,16900.0,16900.0,24160.0
633,2016-10-07,17100.0,17150.0,16950.0,17000.0,20852.0
634,2016-10-07,17200.0,17250.0,17100.0,17150.0,15249.0
635,2016-10-07,17200.0,17350.0,17100.0,17250.0,9698.0
636,2016-10-07,17450.0,17550.0,17400.0,17400.0,24018.0
637,2016-10-07,17200.0,17450.0,17150.0,17450.0,13660.0
638,2016-10-07,17400.0,17450.0,17150.0,17150.0,14128.0
639,2016-10-10,16950.0,17000.0,16900.0,16950.0,10283.0
640,2016-10-10,16900.0,17000.0,16900.0,16900.0,5877.0
641,2016-10-10,17000.0,17000.0,16900.0,17000.0,5391.0
642,2016-10-10,16950.0,17200.0,16900.0,17100.0,10380.0
643,2016-10-10,17050.0,17050.0,16950.0,17000.0,7008.0
644,2016-10-10,17100.0,17100.0,16950.0,17050.0,7900.0
645,2016-10-10,16950.0,17050.0,16950.0,17000.0,4942.0
646,2016-10-11,17050.0,17300.0,17050.0,17200.0,13676.0
647,2016-10-11,17200.0,17300.0,17100.0,17100.0,4183.0
648,2016-10-11,17100.0,17200.0,17000.0,17050.0,6623.0
649,2016-10-11,17000.0,17050.0,16950.0,17000.0,7248.0
650,2016-10-11,16950.0,17050.0,16950.0,17000.0,8815.0
651,2016-10-11,17050.0,17050.0,16900.0,16950.0,6506.0
652,2016-10-11,16950.0,17050.0,16900.0,17050.0,4113.0
653,2016-10-12,17400.0,17450.0,17350.0,17350.0,10981.0
654,2016-10-12,17400.0,17400.0,17300.0,17400.0,8385.0
655,2016-10-12,17300.0,17400.0,17250.0,17400.0,8836.0
656,2016-10-12,17100.0,17250.0,16950.0,17100.0,14723.0
657,2016-10-12,17250.0,17300.0,17200.0,17300.0,6991.0
658,2016-10-12,17100.0,17250.0,17100.0,17250.0,6458.0
659,2016-10-12,17250.0,17350.0,17250.0,17300.0,7080.0
660,2016-10-13,17400.0,17500.0,17350.0,17400.0,5371.0
661,2016-10-13,17400.0,17500.0,17350.0,17500.0,5549.0
662,2016-10-13,17500.0,17550.0,17400.0,17450.0,9836.0
663,2016-10-13,17450.0,17500.0,17400.0,17450.0,4487.0
664,2016-10-13,17450.0,17500.0,17400.0,17500.0,4662.0
665,2016-10-13,17500.0,17500.0,17350.0,17400.0,7313.0
666,2016-10-13,17350.0,17550.0,17350.0,17550.0,9159.0
667,2016-10-14,17550.0,17600.0,17500.0,17600.0,4849.0
668,2016-10-14,17600.0,17600.0,17500.0,17500.0,6475.0
669,2016-10-14,17550.0,17600.0,17500.0,17600.0,5836.0
670,2016-10-14,17600.0,17600.0,17550.0,17600.0,2346.0
671,2016-10-14,17500.0,17550.0,17400.0,17500.0,4398.0
672,2016-10-14,17550.0,17600.0,17350.0,17500.0,9972.0
673,2016-10-14,17500.0,17600.0,17450.0,17550.0,6550.0
674,2016-10-17,17700.0,17700.0,17400.0,17500.0,12292.0
675,2016-10-17,17500.0,17600.0,17450.0,17550.0,10905.0
676,2016-10-17,17600.0,17700.0,17550.0,17650.0,14625.0
677,2016-10-17,17700.0,18000.0,17650.0,17750.0,22808.0
678,2016-10-17,17750.0,17900.0,17750.0,17900.0,12067.0
679,2016-10-17,17850.0,17950.0,17700.0,17800.0,18504.0
680,2016-10-17,17800.0,17950.0,17800.0,17900.0,7027.0
681,2016-10-18,17650.0,17650.0,17600.0,17650.0,5794.0
682,2016-10-18,17600.0,17700.0,17600.0,17600.0,5973.0
683,2016-10-18,17600.0,17700.0,17600.0,17650.0,6781.0
684,2016-10-18,17850.0,17850.0,17600.0,17750.0,9650.0
685,2016-10-18,17750.0,17800.0,17650.0,17700.0,5565.0
686,2016-10-18,17750.0,17750.0,17600.0,17750.0,13018.0
687,2016-10-18,17700.0,17700.0,17600.0,17600.0,5386.0
688,2016-10-19,17550.0,17700.0,17450.0,17500.0,7487.0
689,2016-10-19,17500.0,17600.0,17450.0,17450.0,5152.0
690,2016-10-19,17500.0,17550.0,17450.0,17450.0,2838.0
691,2016-10-19,17500.0,17500.0,17400.0,17450.0,5933.0
692,2016-10-19,17450.0,17450.0,17250.0,17300.0,18985.0
693,2016-10-19,17300.0,17350.0,17100.0,17150.0,16468.0
694,2016-10-19,17150.0,17250.0,17150.0,17200.0,6911.0
695,2016-10-20,17150.0,17250.0,17150.0,17200.0,3150.0
696,2016-10-20,17200.0,17250.0,17100.0,17150.0,6930.0
697,2016-10-20,17150.0,17200.0,17100.0,17150.0,9303.0
698,2016-10-20,17150.0,17200.0,17150.0,17150.0,3786.0
699,2016-10-20,17150.0,17350.0,17150.0,17150.0,7350.0
700,2016-10-20,17250.0,17300.0,17150.0,17150.0,3118.0
701,2016-10-20,17250.0,17300.0,17150.0,17300.0,4883.0
702,2016-10-21,17250.0,17350.0,17100.0,17200.0,6239.0
703,2016-10-21,17250.0,17400.0,17100.0,17250.0,9742.0
704,2016-10-21,17250.0,17250.0,17150.0,17200.0,5456.0
705,2016-10-21,17150.0,17200.0,17150.0,17200.0,7331.0
706,2016-10-21,17200.0,17250.0,17100.0,17200.0,10218.0
707,2016-10-21,17250.0,17500.0,17150.0,17400.0,25936.0
708,2016-10-21,17400.0,17900.0,17300.0,17900.0,43398.0
709,2016-10-24,17850.0,17850.0,17650.0,17700.0,12925.0
710,2016-10-24,17850.0,17900.0,17800.0,17850.0,6414.0
711,2016-10-24,17700.0,17800.0,17700.0,17800.0,4163.0
712,2016-10-24,17900.0,17950.0,17800.0,17800.0,7671.0
713,2016-10-24,17800.0,17950.0,17800.0,17900.0,12173.0
714,2016-10-24,17900.0,17950.0,17750.0,17850.0,20815.0
715,2016-10-24,17800.0,17900.0,17750.0,17850.0,5134.0
716,2016-10-25,17700.0,17950.0,17550.0,17600.0,18828.0
717,2016-10-25,17600.0,17700.0,17550.0,17700.0,9323.0
718,2016-10-25,17700.0,17800.0,17500.0,17600.0,16106.0
719,2016-10-25,17650.0,17800.0,17550.0,17800.0,5711.0
720,2016-10-25,17800.0,17800.0,17700.0,17750.0,4881.0
721,2016-10-25,17750.0,17750.0,17600.0,17650.0,5329.0
722,2016-10-25,17650.0,17650.0,17500.0,17500.0,6506.0
723,2016-10-26,17600.0,17650.0,17300.0,17350.0,52137.0
724,2016-10-26,17800.0,17800.0,17600.0,17600.0,14308.0
725,2016-10-26,17400.0,17600.0,17350.0,17550.0,7213.0
726,2016-10-26,17800.0,17850.0,17700.0,17850.0,12615.0
727,2016-10-26,17900.0,17900.0,17800.0,17800.0,13100.0
728,2016-10-26,17550.0,17950.0,17500.0,17900.0,17070.0
729,2016-10-26,17800.0,17850.0,17750.0,17800.0,6577.0
730,2016-10-27,17550.0,17700.0,17550.0,17600.0,12129.0
731,2016-10-27,17550.0,17700.0,17500.0,17600.0,8745.0
732,2016-10-27,17600.0,17700.0,17500.0,17500.0,9237.0
733,2016-10-27,17700.0,17850.0,17650.0,17700.0,6144.0
734,2016-10-27,17750.0,17900.0,17650.0,17700.0,22572.0
735,2016-10-27,17600.0,17750.0,17600.0,17700.0,8524.0
736,2016-10-27,17650.0,17700.0,17550.0,17550.0,8468.0
737,2016-10-28,17550.0,17750.0,17500.0,17650.0,7826.0
738,2016-10-28,17650.0,17700.0,17550.0,17600.0,6628.0
739,2016-10-28,17650.0,17700.0,17550.0,17600.0,6180.0
740,2016-10-28,17600.0,17700.0,17550.0,17650.0,5421.0
741,2016-10-28,17700.0,17700.0,17550.0,17600.0,7597.0
742,2016-10-28,17550.0,17650.0,17400.0,17450.0,17759.0
743,2016-10-28,17500.0,17500.0,17350.0,17400.0,13984.0
744,2016-10-31,17600.0,17650.0,17550.0,17650.0,8205.0
745,2016-10-31,17400.0,17600.0,17400.0,17550.0,13187.0
746,2016-10-31,17550.0,17600.0,17450.0,17600.0,13501.0
747,2016-10-31,17450.0,17550.0,17350.0,17500.0,6776.0
748,2016-10-31,17500.0,17600.0,17350.0,17350.0,7450.0
749,2016-10-31,17400.0,17650.0,17350.0,17450.0,9613.0
750,2016-10-31,17550.0,17700.0,17300.0,17400.0,12540.0
751,2016-11-01,17650.0,17700.0,17500.0,17500.0,7079.0
752,2016-11-01,17750.0,17750.0,17550.0,17650.0,7747.0
753,2016-11-01,17750.0,17800.0,17700.0,17700.0,3431.0
754,2016-11-01,17500.0,17750.0,17500.0,17650.0,9650.0
755,2016-11-01,17700.0,17800.0,17650.0,17800.0,6538.0
756,2016-11-01,17600.0,17700.0,17600.0,17700.0,4169.0
757,2016-11-01,17750.0,17800.0,17700.0,17750.0,3313.0
758,2016-11-02,17400.0,17600.0,17350.0,17500.0,16569.0
759,2016-11-02,17500.0,17500.0,17350.0,17400.0,10909.0
760,2016-11-02,17350.0,17450.0,17250.0,17350.0,16899.0
761,2016-11-02,17350.0,17450.0,17300.0,17400.0,6932.0
762,2016-11-02,17350.0,17400.0,17150.0,17400.0,18580.0
763,2016-11-02,17350.0,17400.0,17200.0,17250.0,10916.0
764,2016-11-02,17200.0,17250.0,17150.0,17150.0,8536.0
765,2016-11-03,17450.0,17500.0,17450.0,17500.0,6077.0
766,2016-11-03,17500.0,17500.0,17450.0,17450.0,5874.0
767,2016-11-03,17450.0,17500.0,17400.0,17500.0,9834.0
768,2016-11-03,17450.0,17500.0,17400.0,17500.0,4994.0
769,2016-11-03,17350.0,17500.0,17350.0,17400.0,7633.0
770,2016-11-03,17300.0,17400.0,17300.0,17350.0,3998.0
771,2016-11-03,17100.0,17350.0,17100.0,17300.0,8215.0
772,2016-11-04,17400.0,17400.0,17100.0,17200.0,19424.0
773,2016-11-04,17200.0,17200.0,17050.0,17200.0,12000.0
774,2016-11-04,17200.0,17300.0,17100.0,17200.0,4620.0
775,2016-11-04,17200.0,17350.0,17150.0,17200.0,4435.0
776,2016-11-04,17200.0,17300.0,17150.0,17200.0,3869.0
777,2016-11-04,17150.0,17250.0,17150.0,17150.0,6023.0
778,2016-11-04,17200.0,17250.0,17100.0,17100.0,8271.0
779,2016-11-07,17300.0,17450.0,17300.0,17350.0,7028.0
780,2016-11-07,17250.0,17350.0,17200.0,17300.0,5808.0
781,2016-11-07,17350.0,17450.0,17350.0,17450.0,6599.0
782,2016-11-07,17250.0,17300.0,17200.0,17200.0,3427.0
783,2016-11-07,17200.0,17300.0,17200.0,17250.0,4012.0
784,2016-11-07,17150.0,17300.0,17100.0,17200.0,7849.0
785,2016-11-07,17150.0,17250.0,17150.0,17200.0,3082.0
786,2016-11-08,17500.0,17600.0,17350.0,17500.0,15020.0
787,2016-11-08,17450.0,17500.0,17300.0,17350.0,5694.0
788,2016-11-08,17350.0,17500.0,17300.0,17450.0,2244.0
789,2016-11-08,17450.0,17450.0,17400.0,17450.0,1701.0
790,2016-11-08,17450.0,17500.0,17400.0,17500.0,6618.0
791,2016-11-08,17500.0,17600.0,17450.0,17600.0,8163.0
792,2016-11-08,17600.0,17650.0,17550.0,17650.0,9809.0
793,2016-11-09,17250.0,17250.0,17100.0,17100.0,7983.0
794,2016-11-09,17250.0,17300.0,16800.0,16900.0,64889.0
795,2016-11-09,16950.0,17300.0,16900.0,17200.0,14479.0
796,2016-11-09,17800.0,17850.0,17150.0,17450.0,45609.0
797,2016-11-09,17800.0,18000.0,17700.0,17800.0,29342.0
798,2016-11-09,17650.0,17850.0,17650.0,17850.0,25530.0
799,2016-11-09,17400.0,17450.0,17050.0,17200.0,33013.0
800,2016-11-10,17450.0,17600.0,17450.0,17600.0,8004.0
801,2016-11-10,17500.0,17550.0,17450.0,17450.0,4741.0
802,2016-11-10,17450.0,17550.0,17300.0,17450.0,13739.0
803,2016-11-10,17550.0,17600.0,17500.0,17500.0,8648.0
804,2016-11-10,17550.0,17650.0,17500.0,17550.0,16349.0
805,2016-11-10,17550.0,17650.0,17450.0,17550.0,33647.0
806,2016-11-10,17500.0,17600.0,17450.0,17500.0,10339.0
807,2016-11-11,17550.0,17750.0,17450.0,17650.0,19738.0
808,2016-11-11,17700.0,17700.0,17600.0,17600.0,7864.0
809,2016-11-11,17600.0,17600.0,17400.0,17450.0,9491.0
810,2016-11-11,17400.0,17450.0,17400.0,17450.0,5327.0
811,2016-11-11,17450.0,17550.0,17400.0,17400.0,5669.0
812,2016-11-11,17450.0,17500.0,17400.0,17450.0,5280.0
813,2016-11-11,17450.0,17500.0,17450.0,17450.0,6076.0
814,2016-11-14,17200.0,17350.0,17200.0,17200.0,11606.0
815,2016-11-14,17200.0,17250.0,17150.0,17250.0,4989.0
816,2016-11-14,17300.0,17350.0,17200.0,17200.0,10251.0
817,2016-11-14,17300.0,17350.0,17250.0,17300.0,7019.0
818,2016-11-14,17350.0,17400.0,17300.0,17300.0,7901.0
819,2016-11-14,17500.0,17550.0,17350.0,17350.0,8546.0
820,2016-11-14,17400.0,17550.0,17400.0,17550.0,8033.0
821,2016-11-15,17400.0,17400.0,17250.0,17300.0,4025.0
822,2016-11-15,17400.0,17450.0,17350.0,17400.0,9646.0
823,2016-11-15,17200.0,17400.0,17200.0,17400.0,11062.0
824,2016-11-15,17250.0,17350.0,17150.0,17200.0,9464.0
825,2016-11-15,17250.0,17300.0,17200.0,17300.0,4970.0
826,2016-11-15,17250.0,17300.0,17200.0,17250.0,4383.0
827,2016-11-15,17200.0,17250.0,17150.0,17250.0,10119.0
828,2016-11-16,17350.0,17600.0,17350.0,17500.0,8469.0
829,2016-11-16,17500.0,17500.0,17400.0,17450.0,3852.0
830,2016-11-16,17450.0,17600.0,17400.0,17550.0,15501.0
831,2016-11-16,17500.0,17650.0,17500.0,17600.0,11099.0
832,2016-11-16,17650.0,17700.0,17600.0,17700.0,12348.0
833,2016-11-16,17700.0,17700.0,17600.0,17700.0,12778.0
834,2016-11-16,17700.0,17700.0,17550.0,17700.0,9729.0
835,2016-11-17,17650.0,17650.0,17550.0,17650.0,2203.0
836,2016-11-17,17600.0,17650.0,17550.0,17650.0,6133.0
837,2016-11-17,17500.0,17650.0,17450.0,17650.0,7615.0
838,2016-11-17,17550.0,17650.0,17500.0,17550.0,7221.0
839,2016-11-17,17550.0,17550.0,17400.0,17500.0,4864.0
840,2016-11-17,17750.0,17800.0,17500.0,17600.0,10397.0
841,2016-11-17,17500.0,17500.0,17400.0,17450.0,4376.0
842,2016-11-18,17350.0,17400.0,17300.0,17350.0,4433.0
843,2016-11-18,17300.0,17400.0,17250.0,17400.0,9553.0
844,2016-11-18,17300.0,17400.0,17300.0,17350.0,2133.0
845,2016-11-18,17550.0,17600.0,17400.0,17450.0,10321.0
846,2016-11-18,17450.0,17450.0,17300.0,17350.0,9060.0
847,2016-11-18,17650.0,17700.0,17550.0,17600.0,18313.0
848,2016-11-18,17350.0,17400.0,17300.0,17350.0,5566.0
849,2016-11-21,17400.0,17400.0,17200.0,17200.0,8681.0
850,2016-11-21,17250.0,17300.0,17200.0,17200.0,3880.0
851,2016-11-21,17200.0,17250.0,17150.0,17200.0,4041.0
852,2016-11-21,17200.0,17200.0,17150.0,17200.0,4980.0
853,2016-11-21,17250.0,17250.0,17100.0,17150.0,6251.0
854,2016-11-21,17200.0,17200.0,17150.0,17200.0,4622.0
855,2016-11-21,17150.0,17200.0,17100.0,17200.0,6400.0
856,2016-11-22,17250.0,17250.0,17150.0,17200.0,11993.0
857,2016-11-22,17100.0,17200.0,17100.0,17100.0,9076.0
858,2016-11-22,17100.0,17250.0,17100.0,17250.0,11959.0
859,2016-11-22,17150.0,17250.0,17100.0,17200.0,2617.0
860,2016-11-22,17250.0,17300.0,17000.0,17100.0,11744.0
861,2016-11-22,17050.0,17200.0,16900.0,17150.0,23474.0
862,2016-11-22,17200.0,17250.0,17050.0,17100.0,4616.0
863,2016-11-23,17300.0,17300.0,17050.0,17050.0,11727.0
864,2016-11-23,17050.0,17150.0,17050.0,17050.0,5843.0
865,2016-11-23,17050.0,17150.0,17000.0,17100.0,6281.0
866,2016-11-23,17050.0,17100.0,17000.0,17050.0,5543.0
867,2016-11-23,17050.0,17100.0,17000.0,17000.0,8147.0
868,2016-11-23,17000.0,17050.0,16900.0,17000.0,14787.0
869,2016-11-23,17050.0,17050.0,16900.0,16900.0,8828.0
870,2016-11-24,16550.0,16550.0,16450.0,16450.0,35080.0
871,2016-11-24,16600.0,16650.0,16500.0,16500.0,35449.0
872,2016-11-24,16850.0,16850.0,16600.0,16650.0,19634.0
873,2016-11-24,16950.0,17100.0,16800.0,16800.0,10161.0
874,2016-11-24,16900.0,17000.0,16850.0,16900.0,4589.0
875,2016-11-24,16850.0,16900.0,16650.0,16900.0,25842.0
876,2016-11-24,16900.0,16950.0,16750.0,16800.0,7733.0
877,2016-11-25,16250.0,16250.0,16050.0,16150.0,56914.0
878,2016-11-25,16150.0,16350.0,16100.0,16300.0,10904.0
879,2016-11-25,16350.0,16350.0,16200.0,16250.0,29115.0
880,2016-11-25,16450.0,16700.0,16450.0,16600.0,18533.0
881,2016-11-25,16500.0,16550.0,16300.0,16300.0,18228.0
882,2016-11-25,16600.0,16650.0,16500.0,16500.0,10064.0
883,2016-11-25,16300.0,16400.0,16300.0,16300.0,12115.0
884,2016-11-28,16350.0,16450.0,16150.0,16150.0,12761.0
885,2016-11-28,16150.0,16200.0,16100.0,16100.0,8737.0
886,2016-11-28,16100.0,16150.0,16000.0,16050.0,10289.0
887,2016-11-28,16050.0,16050.0,15900.0,16000.0,17258.0
888,2016-11-28,16000.0,16000.0,15850.0,15900.0,17297.0
889,2016-11-28,15900.0,16150.0,15850.0,16150.0,22647.0
890,2016-11-28,16100.0,16350.0,16100.0,16250.0,26362.0
891,2016-11-29,16250.0,16400.0,16200.0,16400.0,7975.0
892,2016-11-29,16200.0,16250.0,16100.0,16250.0,6413.0
893,2016-11-29,16150.0,16200.0,16100.0,16200.0,8131.0
894,2016-11-29,16250.0,16300.0,16150.0,16150.0,7136.0
895,2016-11-29,16150.0,16200.0,16100.0,16150.0,4963.0
896,2016-11-29,16150.0,16200.0,16100.0,16150.0,3523.0
897,2016-11-29,16200.0,16300.0,16100.0,16250.0,8382.0
898,2016-11-30,16400.0,16450.0,16350.0,16350.0,4054.0
899,2016-11-30,16350.0,16400.0,16350.0,16400.0,1603.0
900,2016-11-30,16400.0,16400.0,16300.0,16350.0,2843.0
901,2016-11-30,16350.0,16400.0,16100.0,16100.0,12965.0
902,2016-11-30,16100.0,16250.0,16050.0,16100.0,15506.0
903,2016-11-30,16150.0,16200.0,16050.0,16050.0,20631.0
904,2016-11-30,16650.0,16700.0,16300.0,16400.0,10613.0
905,2016-12-01,16000.0,16050.0,15950.0,16050.0,4421.0
906,2016-12-01,16000.0,16050.0,15900.0,15950.0,9833.0
907,2016-12-01,16100.0,16100.0,15850.0,15950.0,24189.0
908,2016-12-01,16100.0,16100.0,16000.0,16050.0,6852.0
909,2016-12-01,16000.0,16150.0,16000.0,16050.0,6296.0
910,2016-12-01,16150.0,16150.0,15950.0,16000.0,6769.0
911,2016-12-01,16050.0,16100.0,16000.0,16050.0,3990.0
912,2016-12-02,15900.0,15950.0,15850.0,15950.0,5829.0
913,2016-12-02,15900.0,15950.0,15850.0,15950.0,7430.0
914,2016-12-02,15900.0,15950.0,15850.0,15850.0,11962.0
915,2016-12-02,15900.0,15950.0,15850.0,15850.0,7422.0
916,2016-12-02,15950.0,15950.0,15900.0,15900.0,3669.0
917,2016-12-02,16000.0,16050.0,15900.0,15900.0,8006.0
918,2016-12-02,15850.0,16000.0,15850.0,15900.0,4619.0
919,2016-12-05,15950.0,15950.0,15600.0,15700.0,12244.0
920,2016-12-05,15700.0,15850.0,15600.0,15700.0,7210.0
921,2016-12-05,15700.0,15750.0,15550.0,15550.0,10673.0
922,2016-12-05,15550.0,15650.0,15550.0,15550.0,5086.0
923,2016-12-05,15550.0,15650.0,15500.0,15550.0,8856.0
924,2016-12-05,15600.0,15650.0,15500.0,15550.0,7959.0
925,2016-12-05,15500.0,15650.0,15500.0,15600.0,11822.0
926,2016-12-06,15900.0,15950.0,15850.0,15900.0,8956.0
927,2016-12-06,15850.0,15900.0,15800.0,15850.0,9469.0
928,2016-12-06,15850.0,15900.0,15800.0,15850.0,6426.0
929,2016-12-06,15850.0,15850.0,15750.0,15750.0,6536.0
930,2016-12-06,15750.0,15850.0,15650.0,15800.0,11993.0
931,2016-12-06,15750.0,15900.0,15750.0,15900.0,8173.0
932,2016-12-06,15600.0,15850.0,15600.0,15750.0,11127.0
933,2016-12-07,15950.0,16050.0,15850.0,15850.0,7741.0
934,2016-12-07,15850.0,15950.0,15800.0,15800.0,4188.0
935,2016-12-07,15800.0,15850.0,15800.0,15850.0,3822.0
936,2016-12-07,15850.0,15850.0,15700.0,15850.0,6299.0
937,2016-12-07,15800.0,16050.0,15800.0,16000.0,6316.0
938,2016-12-07,16000.0,16050.0,15950.0,16000.0,2527.0
939,2016-12-07,15900.0,16100.0,15900.0,16000.0,8682.0
940,2016-12-08,16250.0,16350.0,16200.0,16200.0,16568.0
941,2016-12-08,16200.0,16250.0,16050.0,16100.0,8986.0
942,2016-12-08,16100.0,16250.0,16050.0,16200.0,9790.0
943,2016-12-08,16350.0,16400.0,16200.0,16200.0,8595.0
944,2016-12-08,16300.0,16400.0,16100.0,16400.0,21996.0
945,2016-12-08,16250.0,16300.0,16150.0,16200.0,5734.0
946,2016-12-08,16100.0,16200.0,16100.0,16100.0,7109.0
947,2016-12-09,16200.0,16450.0,16200.0,16250.0,5878.0
948,2016-12-09,16250.0,16350.0,16250.0,16250.0,5172.0
949,2016-12-09,16250.0,16350.0,16250.0,16300.0,5324.0
950,2016-12-09,16300.0,16350.0,16200.0,16200.0,4777.0
951,2016-12-09,16200.0,16300.0,16200.0,16250.0,4913.0
952,2016-12-09,16250.0,16350.0,16250.0,16350.0,6700.0
953,2016-12-09,16350.0,16350.0,16250.0,16350.0,10096.0
954,2016-12-12,16400.0,16450.0,16350.0,16450.0,6703.0
955,2016-12-12,16400.0,16500.0,16350.0,16500.0,9273.0
956,2016-12-12,16400.0,16500.0,16350.0,16400.0,9713.0
957,2016-12-12,16400.0,16450.0,16350.0,16400.0,4886.0
958,2016-12-12,16550.0,16600.0,16500.0,16500.0,2959.0
959,2016-12-12,16500.0,16550.0,16300.0,16400.0,20872.0
960,2016-12-12,16450.0,16600.0,16350.0,16550.0,17689.0
961,2016-12-13,16450.0,16500.0,16400.0,16450.0,5245.0
962,2016-12-13,16500.0,16500.0,16200.0,16400.0,20759.0
963,2016-12-13,16400.0,16450.0,16400.0,16400.0,5349.0
964,2016-12-13,16450.0,16450.0,16350.0,16400.0,8240.0
965,2016-12-13,16400.0,16450.0,16350.0,16400.0,9254.0
966,2016-12-13,16400.0,16450.0,16350.0,16450.0,6585.0
967,2016-12-13,16500.0,16550.0,16350.0,16400.0,8500.0
968,2016-12-14,16400.0,16400.0,16300.0,16400.0,8846.0
969,2016-12-14,16350.0,16400.0,16300.0,16400.0,9820.0
970,2016-12-14,16350.0,16450.0,16350.0,16350.0,6118.0
971,2016-12-14,16400.0,16500.0,16350.0,16350.0,5724.0
972,2016-12-14,16450.0,16500.0,16350.0,16400.0,11110.0
973,2016-12-14,16500.0,16700.0,16450.0,16450.0,13615.0
974,2016-12-14,16350.0,16400.0,16300.0,16350.0,5880.0
975,2016-12-15,16300.0,16350.0,16300.0,16300.0,3695.0
976,2016-12-15,16300.0,16400.0,16250.0,16300.0,9743.0
977,2016-12-15,16200.0,16350.0,16150.0,16350.0,12029.0
978,2016-12-15,16250.0,16400.0,16250.0,16350.0,2650.0
979,2016-12-15,16350.0,16350.0,16200.0,16250.0,7472.0
980,2016-12-15,16350.0,16350.0,16200.0,16250.0,7136.0
981,2016-12-15,16250.0,16250.0,16100.0,16150.0,33822.0
982,2016-12-16,16300.0,16450.0,16300.0,16450.0,9250.0
983,2016-12-16,16400.0,16450.0,16400.0,16400.0,4371.0
984,2016-12-16,16450.0,16550.0,16400.0,16550.0,10399.0
985,2016-12-16,16500.0,16600.0,16450.0,16500.0,5447.0
986,2016-12-16,16500.0,16550.0,16450.0,16450.0,1374.0
987,2016-12-16,16450.0,16500.0,16400.0,16450.0,5370.0
988,2016-12-16,16450.0,16450.0,16400.0,16450.0,5441.0
989,2016-12-19,16750.0,16800.0,16700.0,16800.0,7879.0
990,2016-12-19,16700.0,16750.0,16650.0,16750.0,7790.0
991,2016-12-19,16750.0,16750.0,16700.0,16750.0,2302.0
992,2016-12-19,16650.0,16650.0,16600.0,16650.0,4787.0
993,2016-12-19,16550.0,16650.0,16450.0,16550.0,11231.0
994,2016-12-19,16550.0,16650.0,16550.0,16650.0,4118.0
995,2016-12-19,16650.0,16700.0,16600.0,16650.0,4277.0
996,2016-12-20,16950.0,16950.0,16650.0,16700.0,7674.0
997,2016-12-20,16700.0,16750.0,16600.0,16700.0,5548.0
998,2016-12-20,16700.0,16700.0,16600.0,16600.0,5335.0
999,2016-12-20,16600.0,16700.0,16600.0,16600.0,5128.0
1000,2016-12-20,16600.0,16700.0,16600.0,16700.0,17376.0
1001,2016-12-20,16650.0,16750.0,16650.0,16750.0,5940.0
1002,2016-12-20,16750.0,16750.0,16700.0,16750.0,9439.0
1003,2016-12-21,16700.0,16700.0,16500.0,16500.0,9026.0
1004,2016-12-21,16650.0,16700.0,16600.0,16650.0,6320.0
1005,2016-12-21,16700.0,16750.0,16650.0,16650.0,3023.0
1006,2016-12-21,16850.0,16850.0,16650.0,16650.0,5111.0
1007,2016-12-21,16800.0,16800.0,16700.0,16800.0,4192.0
1008,2016-12-21,16650.0,16800.0,16650.0,16800.0,5218.0
1009,2016-12-21,16750.0,16800.0,16650.0,16750.0,2746.0
1010,2016-12-22,16650.0,16750.0,16550.0,16650.0,13862.0
1011,2016-12-22,16700.0,16700.0,16550.0,16600.0,6869.0
1012,2016-12-22,16700.0,16700.0,16550.0,16650.0,5244.0
1013,2016-12-22,16550.0,16600.0,16450.0,16550.0,4738.0
1014,2016-12-22,16500.0,16650.0,16500.0,16650.0,4451.0
1015,2016-12-22,16550.0,16600.0,16450.0,16500.0,6435.0
1016,2016-12-22,16650.0,16700.0,16550.0,16700.0,5344.0
1017,2016-12-23,16650.0,16650.0,16450.0,16600.0,7123.0
1018,2016-12-23,16600.0,16650.0,16550.0,16550.0,6513.0
1019,2016-12-23,16550.0,16600.0,16500.0,16600.0,6043.0
1020,2016-12-23,16550.0,16600.0,16500.0,16500.0,5500.0
1021,2016-12-23,16500.0,16600.0,16500.0,16550.0,5663.0
1022,2016-12-23,16500.0,16600.0,16500.0,16550.0,4794.0
1023,2016-12-23,16600.0,16600.0,16550.0,16550.0,4737.0
1024,2016-12-26,16650.0,16700.0,16600.0,16600.0,9522.0
1025,2016-12-26,16650.0,16700.0,16600.0,16600.0,8349.0
1026,2016-12-26,16700.0,16700.0,16600.0,16700.0,5849.0
1027,2016-12-26,16650.0,16700.0,16600.0,16650.0,6245.0
1028,2016-12-26,16650.0,16750.0,16600.0,16700.0,6142.0
1029,2016-12-26,16700.0,16750.0,16650.0,16700.0,4581.0
1030,2016-12-26,16700.0,16700.0,16550.0,16600.0,8910.0
1031,2016-12-27,16750.0,16800.0,16650.0,16650.0,6450.0
1032,2016-12-27,16650.0,16750.0,16650.0,16700.0,6541.0
1033,2016-12-27,16700.0,16750.0,16650.0,16750.0,4929.0
1034,2016-12-27,16700.0,16750.0,16700.0,16750.0,8211.0
1035,2016-12-27,16700.0,16800.0,16700.0,16750.0,9279.0
1036,2016-12-27,16800.0,16800.0,16700.0,16800.0,9069.0
1037,2016-12-27,16650.0,16750.0,16650.0,16700.0,7897.0
1038,2016-12-28,16550.0,16600.0,16500.0,16600.0,3582.0
1039,2016-12-28,16450.0,16550.0,16400.0,16550.0,12171.0
1040,2016-12-28,16500.0,16500.0,16400.0,16450.0,7571.0
1041,2016-12-28,16500.0,16550.0,16450.0,16450.0,9234.0
1042,2016-12-28,16550.0,16600.0,16500.0,16500.0,8172.0
1043,2016-12-28,16650.0,16700.0,16500.0,16550.0,12861.0
1044,2016-12-28,16500.0,16500.0,16450.0,16450.0,9354.0
1045,2016-12-29,16550.0,16700.0,16500.0,16700.0,14923.0
1046,2016-12-29,16700.0,16700.0,16550.0,16550.0,2821.0
1047,2016-12-29,16550.0,16550.0,16450.0,16500.0,3559.0
1048,2016-12-29,16600.0,16600.0,16450.0,16450.0,1280.0
1049,2016-12-29,16450.0,16550.0,16450.0,16550.0,1761.0
1050,2016-12-29,16550.0,16600.0,16350.0,16550.0,3992.0
1051,2016-12-29,16550.0,16550.0,16500.0,16550.0,650.0
1052,2017-01-02,16550.0,16550.0,16400.0,16400.0,6475.0
1053,2017-01-02,16400.0,16500.0,16350.0,16450.0,2215.0
1054,2017-01-02,16450.0,16500.0,16300.0,16350.0,5311.0
1055,2017-01-02,16350.0,16400.0,16300.0,16350.0,5515.0
1056,2017-01-02,16300.0,16400.0,16200.0,16300.0,11101.0
1057,2017-01-02,16250.0,16400.0,16250.0,16400.0,3937.0
1058,2017-01-03,16300.0,16400.0,16300.0,16400.0,6945.0
1059,2017-01-03,16400.0,16400.0,16300.0,16350.0,11080.0
1060,2017-01-03,16400.0,16450.0,16350.0,16350.0,7361.0
1061,2017-01-03,16400.0,16550.0,16400.0,16450.0,8815.0
1062,2017-01-03,16400.0,16500.0,16300.0,16450.0,7977.0
1063,2017-01-03,16400.0,16400.0,16200.0,16400.0,11703.0
1064,2017-01-03,16500.0,16500.0,16400.0,16400.0,4924.0
1065,2017-01-04,16500.0,16500.0,16300.0,16300.0,8641.0
1066,2017-01-04,16300.0,16400.0,16300.0,16350.0,7163.0
1067,2017-01-04,16300.0,16350.0,16250.0,16350.0,9932.0
1068,2017-01-04,16300.0,16350.0,16250.0,16250.0,5887.0
1069,2017-01-04,16250.0,16300.0,16200.0,16250.0,11929.0
1070,2017-01-04,16200.0,16250.0,16150.0,16150.0,18519.0
1071,2017-01-04,16150.0,16250.0,16100.0,16250.0,14318.0
1072,2017-01-05,16100.0,16200.0,16050.0,16200.0,7735.0
1073,2017-01-05,16200.0,16200.0,16100.0,16100.0,17641.0
1074,2017-01-05,16150.0,16200.0,16150.0,16200.0,5167.0
1075,2017-01-05,16100.0,16200.0,16100.0,16150.0,6571.0
1076,2017-01-05,16150.0,16250.0,16100.0,16100.0,17815.0
1077,2017-01-05,16250.0,16350.0,16150.0,16200.0,15822.0
1078,2017-01-05,16100.0,16200.0,16100.0,16200.0,6698.0
1079,2017-01-06,16100.0,16200.0,16050.0,16100.0,10149.0
1080,2017-01-06,16100.0,16200.0,16100.0,16100.0,5841.0
1081,2017-01-06,16100.0,16150.0,16050.0,16050.0,13112.0
1082,2017-01-06,16050.0,16150.0,16050.0,16100.0,3586.0
1083,2017-01-06,16050.0,16150.0,16050.0,16050.0,8677.0
1084,2017-01-06,16050.0,16200.0,16050.0,16150.0,10857.0
1085,2017-01-06,16100.0,16200.0,16100.0,16150.0,6454.0
1086,2017-01-09,16100.0,16100.0,16050.0,16050.0,9892.0
1087,2017-01-09,16050.0,16150.0,16050.0,16100.0,5225.0
1088,2017-01-09,16050.0,16150.0,16050.0,16050.0,5576.0
1089,2017-01-09,16050.0,16150.0,16000.0,16050.0,3958.0
1090,2017-01-09,16150.0,16150.0,16050.0,16050.0,9170.0
1091,2017-01-09,16250.0,16400.0,16100.0,16100.0,8647.0
1092,2017-01-09,16100.0,16100.0,16000.0,16050.0,5664.0
1093,2017-01-10,16050.0,16150.0,16000.0,16050.0,11796.0
1094,2017-01-10,16000.0,16050.0,16000.0,16000.0,6872.0
1095,2017-01-10,16000.0,16050.0,15950.0,15950.0,8475.0
1096,2017-01-10,15950.0,16000.0,15900.0,16000.0,13418.0
1097,2017-01-10,15950.0,16050.0,15900.0,15950.0,8971.0
1098,2017-01-10,15950.0,16000.0,15900.0,15900.0,7498.0
1099,2017-01-10,15950.0,16000.0,15850.0,16000.0,13937.0
1100,2017-01-11,16000.0,16150.0,16000.0,16150.0,6598.0
1101,2017-01-11,16000.0,16050.0,15900.0,16000.0,11836.0
1102,2017-01-11,16100.0,16150.0,16000.0,16000.0,10808.0
1103,2017-01-11,16050.0,16050.0,15950.0,16000.0,3324.0
1104,2017-01-11,16100.0,16200.0,16100.0,16150.0,12732.0
1105,2017-01-11,16000.0,16200.0,15950.0,16100.0,14713.0
1106,2017-01-11,16150.0,16200.0,16000.0,16150.0,10399.0
1107,2017-01-12,16050.0,16050.0,15950.0,15950.0,7130.0
1108,2017-01-12,16000.0,16100.0,15950.0,16100.0,2714.0
1109,2017-01-12,16000.0,16050.0,16000.0,16000.0,5773.0
1110,2017-01-12,16100.0,16150.0,16000.0,16000.0,7648.0
1111,2017-01-12,16000.0,16100.0,16000.0,16050.0,2614.0
1112,2017-01-12,16000.0,16050.0,16000.0,16050.0,6391.0
1113,2017-01-12,16050.0,16100.0,16000.0,16050.0,3900.0
1114,2017-01-13,16000.0,16100.0,15950.0,15950.0,9336.0
1115,2017-01-13,15950.0,16000.0,15750.0,15850.0,33564.0
1116,2017-01-13,15800.0,15900.0,15750.0,15850.0,21574.0
1117,2017-01-13,15850.0,15900.0,15750.0,15800.0,12256.0
1118,2017-01-13,15750.0,15800.0,15700.0,15700.0,17603.0
1119,2017-01-13,15750.0,15900.0,15700.0,15750.0,21308.0
1120,2017-01-13,15800.0,15850.0,15750.0,15850.0,5089.0
1121,2017-01-16,15500.0,15650.0,15450.0,15600.0,13752.0
1122,2017-01-16,15600.0,15600.0,15550.0,15550.0,7709.0
1123,2017-01-16,15550.0,15600.0,15450.0,15500.0,23667.0
1124,2017-01-16,15600.0,15650.0,15550.0,15550.0,11342.0
1125,2017-01-16,15600.0,15650.0,15550.0,15650.0,10442.0
1126,2017-01-16,15700.0,15750.0,15550.0,15650.0,27508.0
1127,2017-01-16,15850.0,15900.0,15700.0,15750.0,14946.0
1128,2017-01-17,15450.0,15650.0,15450.0,15500.0,16948.0
1129,2017-01-17,15550.0,15600.0,15450.0,15500.0,14154.0
1130,2017-01-17,15550.0,15550.0,15450.0,15550.0,11846.0
1131,2017-01-17,15500.0,15550.0,15400.0,15500.0,18612.0
1132,2017-01-17,15550.0,15600.0,15500.0,15550.0,17580.0
1133,2017-01-17,15550.0,15600.0,15450.0,15500.0,18337.0
1134,2017-01-17,15500.0,15600.0,15450.0,15550.0,5879.0
1135,2017-01-18,15650.0,15700.0,15600.0,15650.0,6055.0
1136,2017-01-18,15600.0,15700.0,15550.0,15650.0,14104.0
1137,2017-01-18,15550.0,15650.0,15550.0,15600.0,7206.0
1138,2017-01-18,15550.0,15650.0,15450.0,15600.0,11197.0
1139,2017-01-18,15550.0,15600.0,15550.0,15550.0,7288.0
1140,2017-01-18,15550.0,15650.0,15550.0,15550.0,7151.0
1141,2017-01-18,15550.0,15650.0,15550.0,15550.0,9984.0
1142,2017-01-19,15550.0,15600.0,15450.0,15550.0,9095.0
1143,2017-01-19,15550.0,15550.0,15450.0,15450.0,11437.0
1144,2017-01-19,15550.0,15550.0,15450.0,15550.0,7881.0
1145,2017-01-19,15600.0,15750.0,15600.0,15650.0,5263.0
1146,2017-01-19,15550.0,15550.0,15450.0,15450.0,11078.0
1147,2017-01-19,15650.0,15700.0,15500.0,15550.0,12328.0
1148,2017-01-19,15500.0,15550.0,15450.0,15550.0,9216.0
1149,2017-01-20,15800.0,16300.0,15800.0,15800.0,155560.0
1150,2017-01-20,15800.0,15850.0,15700.0,15850.0,20504.0
1151,2017-01-20,15850.0,15850.0,15700.0,15800.0,11565.0
1152,2017-01-20,15800.0,15950.0,15750.0,15900.0,14954.0
1153,2017-01-20,15900.0,15900.0,15800.0,15850.0,9706.0
1154,2017-01-20,15800.0,16000.0,15750.0,15800.0,27512.0
1155,2017-01-20,15800.0,15850.0,15800.0,15800.0,5331.0
1156,2017-01-23,15650.0,15700.0,15650.0,15650.0,4108.0
1157,2017-01-23,15700.0,15700.0,15650.0,15700.0,3680.0
1158,2017-01-23,15650.0,15700.0,15650.0,15700.0,6574.0
1159,2017-01-23,15800.0,15900.0,15600.0,15750.0,9707.0
1160,2017-01-23,15750.0,15800.0,15600.0,15600.0,12120.0
1161,2017-01-23,15700.0,15700.0,15650.0,15650.0,3224.0
1162,2017-01-23,15600.0,15750.0,15600.0,15650.0,9169.0
1163,2017-01-24,15650.0,15800.0,15650.0,15700.0,12454.0
1164,2017-01-24,15750.0,15750.0,15700.0,15750.0,5597.0
1165,2017-01-24,15750.0,15900.0,15700.0,15850.0,16569.0
1166,2017-01-24,15900.0,15950.0,15850.0,15900.0,13418.0
1167,2017-01-24,15900.0,15950.0,15850.0,15900.0,5979.0
1168,2017-01-24,15900.0,15950.0,15900.0,15950.0,6781.0
1169,2017-01-24,15950.0,16000.0,15900.0,15950.0,11043.0
1170,2017-01-25,15950.0,15950.0,15900.0,15950.0,3605.0
1171,2017-01-25,15950.0,15950.0,15850.0,15950.0,3179.0
1172,2017-01-25,15950.0,15950.0,15850.0,15950.0,4801.0
1173,2017-01-25,15800.0,15850.0,15750.0,15850.0,5564.0
1174,2017-01-25,15850.0,15900.0,15750.0,15900.0,2017.0
1175,2017-01-25,16100.0,16100.0,15750.0,15800.0,16437.0
1176,2017-01-25,15900.0,15950.0,15800.0,15950.0,3613.0
1177,2017-01-26,15850.0,15950.0,15800.0,15900.0,12886.0
1178,2017-01-26,15900.0,16050.0,15900.0,16050.0,7482.0
1179,2017-01-26,15850.0,15900.0,15700.0,15850.0,12098.0
1180,2017-01-26,15850.0,16000.0,15850.0,15950.0,5388.0
1181,2017-01-26,15950.0,16050.0,15950.0,15950.0,2526.0
1182,2017-01-26,15950.0,16000.0,15850.0,15850.0,1665.0
1183,2017-01-26,15950.0,16000.0,15800.0,15900.0,4841.0
1184,2017-01-31,16100.0,16100.0,15800.0,16000.0,8265.0
1185,2017-01-31,16050.0,16100.0,15900.0,15950.0,6341.0
1186,2017-01-31,15950.0,16000.0,15900.0,15950.0,763.0
1187,2017-01-31,15950.0,15950.0,15850.0,15950.0,7129.0
1188,2017-01-31,15950.0,16000.0,15850.0,15900.0,10699.0
1189,2017-01-31,15950.0,16000.0,15900.0,15950.0,6090.0
1190,2017-01-31,15950.0,16000.0,15900.0,16000.0,4511.0
1191,2017-02-01,16250.0,16450.0,16250.0,16450.0,23292.0
1192,2017-02-01,16450.0,16450.0,16400.0,16450.0,5343.0
1193,2017-02-01,16400.0,16450.0,16350.0,16450.0,12083.0
1194,2017-02-01,16200.0,16300.0,16150.0,16300.0,12619.0
1195,2017-02-01,16050.0,16100.0,16050.0,16100.0,2401.0
1196,2017-02-01,16050.0,16200.0,16050.0,16200.0,12617.0
1197,2017-02-01,16200.0,16200.0,16000.0,16050.0,10386.0
1198,2017-02-02,16450.0,16500.0,16250.0,16300.0,5604.0
1199,2017-02-02,16300.0,16350.0,16200.0,16300.0,5752.0
1200,2017-02-02,16300.0,16300.0,16150.0,16200.0,6881.0
1201,2017-02-02,16200.0,16250.0,16100.0,16150.0,6629.0
1202,2017-02-02,16150.0,16250.0,16100.0,16200.0,4832.0
1203,2017-02-02,16200.0,16250.0,16150.0,16150.0,4115.0
1204,2017-02-02,16150.0,16250.0,16150.0,16150.0,5713.0
1205,2017-02-03,15800.0,15950.0,15800.0,15800.0,11804.0
1206,2017-02-03,15950.0,16000.0,15800.0,15850.0,13534.0
1207,2017-02-03,15800.0,15900.0,15800.0,15900.0,8176.0
1208,2017-02-03,15950.0,16000.0,15850.0,15900.0,10045.0
1209,2017-02-03,16000.0,16100.0,15900.0,15950.0,19675.0
1210,2017-02-03,16200.0,16250.0,16000.0,16000.0,7461.0
1211,2017-02-03,15850.0,16000.0,15850.0,16000.0,9208.0
1212,2017-02-06,16100.0,16100.0,16000.0,16100.0,9058.0
1213,2017-02-06,16050.0,16150.0,16000.0,16150.0,9303.0
1214,2017-02-06,16100.0,16150.0,15950.0,16100.0,8210.0
1215,2017-02-06,16050.0,16100.0,16000.0,16100.0,4310.0
1216,2017-02-06,15900.0,16100.0,15850.0,16050.0,12119.0
1217,2017-02-06,16100.0,16100.0,16050.0,16100.0,4140.0
1218,2017-02-06,15900.0,16050.0,15800.0,15900.0,15912.0
1219,2017-02-07,16000.0,16100.0,16000.0,16050.0,7367.0
1220,2017-02-07,16200.0,16250.0,15950.0,16000.0,20548.0
1221,2017-02-07,16000.0,16100.0,15950.0,16000.0,8607.0
1222,2017-02-07,16000.0,16050.0,15950.0,16000.0,3657.0
1223,2017-02-07,16000.0,16050.0,15950.0,16000.0,3736.0
1224,2017-02-07,15950.0,16000.0,15950.0,15950.0,1302.0
1225,2017-02-07,16000.0,16100.0,15950.0,16050.0,10750.0
1226,2017-02-08,15950.0,16000.0,15900.0,15900.0,6738.0
1227,2017-02-08,15950.0,16000.0,15900.0,16000.0,7328.0
1228,2017-02-08,16100.0,16100.0,15950.0,15950.0,11575.0
1229,2017-02-08,16050.0,16200.0,16000.0,16000.0,13923.0
1230,2017-02-08,16000.0,16100.0,16000.0,16050.0,3368.0
1231,2017-02-08,16000.0,16050.0,15950.0,16050.0,8966.0
1232,2017-02-08,16050.0,16100.0,16050.0,16050.0,1392.0
1233,2017-02-09,16050.0,16150.0,16000.0,16150.0,7455.0
1234,2017-02-09,16150.0,16150.0,16050.0,16050.0,4052.0
1235,2017-02-09,16050.0,16050.0,15750.0,15900.0,23511.0
1236,2017-02-09,15900.0,15950.0,15800.0,15900.0,8197.0
1237,2017-02-09,15900.0,16000.0,15850.0,15900.0,2764.0
1238,2017-02-09,15900.0,16000.0,15900.0,16000.0,1848.0
1239,2017-02-09,15950.0,16000.0,15950.0,16000.0,2465.0
1240,2017-02-10,15900.0,16000.0,15850.0,16000.0,8953.0
1241,2017-02-10,15850.0,15950.0,15850.0,15950.0,3525.0
1242,2017-02-10,16000.0,16000.0,15800.0,15900.0,12600.0
1243,2017-02-10,16050.0,16050.0,15900.0,16050.0,6241.0
1244,2017-02-10,16000.0,16050.0,15950.0,16000.0,3079.0
1245,2017-02-10,16050.0,16100.0,15950.0,16050.0,6297.0
1246,2017-02-10,15950.0,16000.0,15950.0,16000.0,940.0
1247,2017-02-13,16000.0,16050.0,15950.0,16050.0,13368.0
1248,2017-02-13,16050.0,16050.0,16000.0,16050.0,4039.0
1249,2017-02-13,16000.0,16000.0,15950.0,16000.0,3480.0
1250,2017-02-13,16050.0,16150.0,15900.0,15950.0,10395.0
1251,2017-02-13,15900.0,16000.0,15850.0,15950.0,11736.0
1252,2017-02-13,15950.0,16000.0,15850.0,15900.0,11263.0
1253,2017-02-13,16000.0,16000.0,15950.0,16000.0,1930.0
1254,2017-02-14,16100.0,16100.0,15950.0,15950.0,5901.0
1255,2017-02-14,16000.0,16050.0,15900.0,16000.0,13367.0
1256,2017-02-14,15950.0,16050.0,15950.0,16050.0,1796.0
1257,2017-02-14,16000.0,16050.0,15900.0,15950.0,4424.0
1258,2017-02-14,16000.0,16000.0,15950.0,16000.0,4452.0
1259,2017-02-14,15950.0,16050.0,15950.0,16050.0,5201.0
1260,2017-02-14,16050.0,16100.0,16050.0,16100.0,12394.0
1261,2017-02-15,16300.0,16350.0,16250.0,16350.0,7007.0
1262,2017-02-15,16350.0,16350.0,16250.0,16300.0,11782.0
1263,2017-02-15,16350.0,16400.0,16300.0,16350.0,6767.0
1264,2017-02-15,16100.0,16700.0,16100.0,16400.0,94470.0
1265,2017-02-15,16400.0,16400.0,16300.0,16350.0,14256.0
1266,2017-02-15,16400.0,16450.0,16350.0,16350.0,12856.0
1267,2017-02-15,16350.0,16350.0,16300.0,16350.0,1570.0
1268,2017-02-16,16400.0,16400.0,16200.0,16300.0,9398.0
1269,2017-02-16,16350.0,16350.0,16250.0,16300.0,3059.0
1270,2017-02-16,16300.0,16400.0,16250.0,16400.0,6962.0
1271,2017-02-16,16400.0,16400.0,16300.0,16400.0,2909.0
1272,2017-02-16,16400.0,16450.0,16350.0,16450.0,9141.0
1273,2017-02-16,16400.0,16500.0,16350.0,16400.0,10884.0
1274,2017-02-16,16350.0,16450.0,16350.0,16450.0,4180.0
1275,2017-02-17,16500.0,16500.0,16450.0,16450.0,4906.0
1276,2017-02-17,16550.0,16550.0,16400.0,16450.0,3500.0
1277,2017-02-17,16450.0,16500.0,16400.0,16500.0,4694.0
1278,2017-02-17,16450.0,16600.0,16400.0,16550.0,11738.0
1279,2017-02-17,16550.0,16550.0,16400.0,16450.0,4754.0
1280,2017-02-17,16350.0,16600.0,16300.0,16550.0,20275.0
1281,2017-02-17,16550.0,16600.0,16500.0,16550.0,2624.0
1282,2017-02-20,16450.0,16450.0,16400.0,16450.0,6185.0
1283,2017-02-20,16450.0,16450.0,16400.0,16400.0,5681.0
1284,2017-02-20,16400.0,16500.0,16350.0,16450.0,10372.0
1285,2017-02-20,16450.0,16450.0,16350.0,16400.0,2644.0
1286,2017-02-20,16500.0,16500.0,16400.0,16450.0,2394.0
1287,2017-02-20,16400.0,16450.0,16400.0,16450.0,1122.0
1288,2017-02-20,16450.0,16600.0,16400.0,16450.0,3647.0
1289,2017-02-21,16250.0,16400.0,16250.0,16350.0,6158.0
1290,2017-02-21,16500.0,16550.0,16400.0,16450.0,3943.0
1291,2017-02-21,16450.0,16500.0,16350.0,16500.0,10937.0
1292,2017-02-21,16500.0,16500.0,16350.0,16450.0,12614.0
1293,2017-02-21,16450.0,16450.0,16250.0,16250.0,17359.0
1294,2017-02-21,16250.0,16350.0,16250.0,16300.0,10322.0
1295,2017-02-21,16300.0,16350.0,16200.0,16250.0,14804.0
1296,2017-02-22,16350.0,16450.0,16350.0,16450.0,10817.0
1297,2017-02-22,16400.0,16450.0,16300.0,16400.0,8241.0
1298,2017-02-22,16400.0,16400.0,16350.0,16350.0,7347.0
1299,2017-02-22,16300.0,16400.0,16200.0,16300.0,25967.0
1300,2017-02-22,16350.0,16400.0,16350.0,16350.0,6888.0
1301,2017-02-22,16300.0,16400.0,16300.0,16350.0,11387.0
1302,2017-02-22,16350.0,16450.0,16350.0,16350.0,9127.0
1303,2017-02-23,16400.0,16500.0,16300.0,16400.0,6477.0
1304,2017-02-23,16350.0,16400.0,16300.0,16350.0,2839.0
1305,2017-02-23,16350.0,16450.0,16350.0,16350.0,2542.0
1306,2017-02-23,16350.0,16450.0,16300.0,16300.0,9252.0
1307,2017-02-23,16300.0,16400.0,16250.0,16350.0,7171.0
1308,2017-02-23,16400.0,16400.0,16250.0,16300.0,11395.0
1309,2017-02-23,16300.0,16400.0,16250.0,16400.0,4124.0
1310,2017-02-24,16250.0,16300.0,16200.0,16300.0,8999.0
1311,2017-02-24,16250.0,16300.0,16200.0,16250.0,4681.0
1312,2017-02-24,16200.0,16300.0,16200.0,16300.0,4902.0
1313,2017-02-24,16400.0,16450.0,16200.0,16250.0,16514.0
1314,2017-02-24,16200.0,16250.0,16150.0,16200.0,5501.0
1315,2017-02-24,16200.0,16300.0,16150.0,16200.0,9815.0
1316,2017-02-24,16200.0,16300.0,16150.0,16250.0,5300.0
1317,2017-02-27,16150.0,16200.0,16100.0,16200.0,3141.0
1318,2017-02-27,16200.0,16200.0,16100.0,16200.0,3324.0
1319,2017-02-27,16150.0,16250.0,16100.0,16200.0,5298.0
1320,2017-02-27,16300.0,16350.0,16100.0,16200.0,5936.0
1321,2017-02-27,16200.0,16250.0,16150.0,16200.0,599.0
1322,2017-02-27,16150.0,16250.0,16050.0,16250.0,14103.0
1323,2017-02-27,16150.0,16250.0,16100.0,16150.0,3402.0
1324,2017-02-28,16200.0,16250.0,16050.0,16250.0,4438.0
1325,2017-02-28,16250.0,16250.0,16150.0,16200.0,1315.0
1326,2017-02-28,16200.0,16200.0,16100.0,16150.0,5512.0
1327,2017-02-28,16150.0,16200.0,16100.0,16200.0,3503.0
1328,2017-02-28,16200.0,16300.0,16150.0,16300.0,12596.0
1329,2017-02-28,16300.0,16400.0,16250.0,16300.0,26908.0
1330,2017-02-28,16300.0,16450.0,16300.0,16450.0,13035.0
1331,2017-03-02,16450.0,16450.0,16350.0,16450.0,8224.0
1332,2017-03-02,16450.0,16450.0,16400.0,16450.0,4775.0
1333,2017-03-02,16450.0,16450.0,16400.0,16450.0,644.0
1334,2017-03-02,16450.0,16550.0,16400.0,16450.0,13478.0
1335,2017-03-02,16450.0,16450.0,16400.0,16450.0,1875.0
1336,2017-03-02,16400.0,16500.0,16350.0,16500.0,5782.0
1337,2017-03-02,16450.0,16450.0,16350.0,16450.0,1244.0
1338,2017-03-03,16450.0,16450.0,16250.0,16350.0,6089.0
1339,2017-03-03,16350.0,16350.0,16250.0,16300.0,8746.0
1340,2017-03-03,16300.0,16400.0,16250.0,16350.0,7631.0
1341,2017-03-03,16350.0,16350.0,16300.0,16350.0,2486.0
1342,2017-03-03,16350.0,16350.0,16250.0,16300.0,5729.0
1343,2017-03-03,16300.0,16350.0,16250.0,16350.0,6857.0
1344,2017-03-03,16350.0,16400.0,16300.0,16400.0,5867.0
1345,2017-03-06,16400.0,16400.0,16250.0,16400.0,11775.0
1346,2017-03-06,16350.0,16400.0,16300.0,16400.0,5407.0
1347,2017-03-06,16350.0,16400.0,16300.0,16350.0,3228.0
1348,2017-03-06,16350.0,16350.0,16300.0,16350.0,4945.0
1349,2017-03-06,16350.0,16400.0,16250.0,16300.0,11004.0
1350,2017-03-06,16400.0,16400.0,16300.0,16350.0,4153.0
1351,2017-03-06,16300.0,16350.0,16300.0,16300.0,3733.0
1352,2017-03-07,16300.0,16500.0,16300.0,16450.0,8792.0
1353,2017-03-07,16450.0,16550.0,16400.0,16500.0,9090.0
1354,2017-03-07,16500.0,16500.0,16400.0,16450.0,9772.0
1355,2017-03-07,16450.0,16450.0,16350.0,16450.0,7451.0
1356,2017-03-07,16450.0,16450.0,16300.0,16300.0,14055.0
1357,2017-03-07,16300.0,16400.0,16250.0,16350.0,14308.0
1358,2017-03-07,16350.0,16400.0,16250.0,16400.0,6101.0
1359,2017-03-08,16350.0,16350.0,16200.0,16200.0,11023.0
1360,2017-03-08,16250.0,16350.0,16200.0,16350.0,14962.0
1361,2017-03-08,16350.0,16400.0,16250.0,16250.0,4988.0
1362,2017-03-08,16400.0,16550.0,16250.0,16400.0,12290.0
1363,2017-03-08,16300.0,16400.0,16250.0,16300.0,5419.0
1364,2017-03-08,16350.0,16450.0,16300.0,16350.0,5184.0
1365,2017-03-08,16300.0,16400.0,16300.0,16350.0,4662.0
1366,2017-03-09,16100.0,16300.0,15950.0,16200.0,29919.0
1367,2017-03-09,16150.0,16250.0,16150.0,16250.0,1388.0
1368,2017-03-09,16250.0,16300.0,16200.0,16200.0,2200.0
1369,2017-03-09,16250.0,16300.0,16200.0,16300.0,3934.0
1370,2017-03-09,16300.0,16300.0,16150.0,16250.0,2033.0
1371,2017-03-09,16200.0,16250.0,16150.0,16250.0,2762.0
1372,2017-03-09,16200.0,16300.0,16100.0,16300.0,11888.0
1373,2017-03-10,16150.0,16200.0,16150.0,16200.0,3689.0
1374,2017-03-10,16150.0,16200.0,16100.0,16200.0,3015.0
1375,2017-03-10,16100.0,16150.0,16050.0,16150.0,4456.0
1376,2017-03-10,16150.0,16200.0,16050.0,16100.0,3483.0
1377,2017-03-10,16150.0,16200.0,15900.0,16200.0,13714.0
1378,2017-03-10,16000.0,16200.0,16000.0,16100.0,9262.0
1379,2017-03-10,16300.0,16400.0,15900.0,16000.0,19326.0
1380,2017-03-13,16150.0,16250.0,16100.0,16250.0,1799.0
1381,2017-03-13,16250.0,16250.0,16150.0,16200.0,2817.0
1382,2017-03-13,16200.0,16200.0,16150.0,16200.0,1775.0
1383,2017-03-13,16200.0,16200.0,16150.0,16200.0,1039.0
1384,2017-03-13,16200.0,16200.0,16050.0,16050.0,9596.0
1385,2017-03-13,16050.0,16150.0,16000.0,16100.0,7713.0
1386,2017-03-13,16150.0,16150.0,16050.0,16050.0,6096.0
1387,2017-03-14,16150.0,16150.0,16000.0,16050.0,8107.0
1388,2017-03-14,16150.0,16150.0,16050.0,16100.0,3838.0
1389,2017-03-14,16050.0,16100.0,16000.0,16050.0,4137.0
1390,2017-03-14,16050.0,16150.0,16050.0,16150.0,2999.0
1391,2017-03-14,16000.0,16150.0,16000.0,16100.0,6173.0
1392,2017-03-14,16150.0,16200.0,16000.0,16000.0,10068.0
1393,2017-03-14,16150.0,16150.0,16000.0,16150.0,4918.0
1394,2017-03-15,16000.0,16100.0,15950.0,15950.0,6055.0
1395,2017-03-15,15950.0,16050.0,15750.0,15900.0,23112.0
1396,2017-03-15,15850.0,15950.0,15800.0,15900.0,5464.0
1397,2017-03-15,15900.0,15950.0,15850.0,15900.0,4898.0
1398,2017-03-15,15900.0,15950.0,15850.0,15950.0,5004.0
1399,2017-03-15,15900.0,15950.0,15850.0,15950.0,7714.0
1400,2017-03-15,15950.0,15950.0,15800.0,15950.0,6132.0
1401,2017-03-16,15700.0,15850.0,15650.0,15800.0,21275.0
1402,2017-03-16,15900.0,15950.0,15700.0,15700.0,19234.0
1403,2017-03-16,15750.0,15850.0,15700.0,15800.0,6030.0
1404,2017-03-16,15950.0,16000.0,15750.0,15900.0,13444.0
1405,2017-03-16,16050.0,16050.0,15900.0,15950.0,6447.0
1406,2017-03-16,16000.0,16100.0,15950.0,16050.0,8922.0
1407,2017-03-16,15850.0,16000.0,15850.0,15900.0,4797.0
1408,2017-03-17,15650.0,15850.0,15650.0,15800.0,11670.0
1409,2017-03-17,15650.0,15750.0,15600.0,15650.0,17123.0
1410,2017-03-17,15800.0,15850.0,15750.0,15750.0,3806.0
1411,2017-03-17,15750.0,15800.0,15700.0,15750.0,4237.0
1412,2017-03-17,15850.0,15850.0,15650.0,15800.0,7863.0
1413,2017-03-17,15850.0,15850.0,15700.0,15800.0,3680.0
1414,2017-03-17,15750.0,15800.0,15650.0,15650.0,8976.0
1415,2017-03-20,15800.0,15850.0,15750.0,15850.0,7862.0
1416,2017-03-20,15800.0,15900.0,15800.0,15850.0,7501.0
1417,2017-03-20,15900.0,15900.0,15850.0,15850.0,816.0
1418,2017-03-20,15900.0,16000.0,15800.0,15950.0,10782.0
1419,2017-03-20,15950.0,16000.0,15900.0,15900.0,5170.0
1420,2017-03-20,15900.0,16000.0,15850.0,15950.0,4417.0
1421,2017-03-20,15950.0,16000.0,15950.0,15950.0,9320.0
1422,2017-03-21,16000.0,16050.0,15950.0,16000.0,5730.0
1423,2017-03-21,16000.0,16000.0,15900.0,16000.0,4575.0
1424,2017-03-21,16000.0,16050.0,15950.0,16050.0,3916.0
1425,2017-03-21,16050.0,16050.0,15950.0,16050.0,9344.0
1426,2017-03-21,15950.0,16150.0,15950.0,16000.0,14273.0
1427,2017-03-21,16050.0,16050.0,15900.0,16000.0,4919.0
1428,2017-03-21,16000.0,16050.0,16000.0,16050.0,6031.0
1429,2017-03-22,16000.0,16000.0,15900.0,15900.0,4085.0
1430,2017-03-22,15900.0,15950.0,15850.0,15950.0,2787.0
1431,2017-03-22,15950.0,15950.0,15800.0,15850.0,6472.0
1432,2017-03-22,15850.0,15850.0,15750.0,15850.0,6018.0
1433,2017-03-22,15850.0,15850.0,15800.0,15850.0,4776.0
1434,2017-03-22,15850.0,15850.0,15750.0,15850.0,6996.0
1435,2017-03-22,15850.0,15900.0,15750.0,15900.0,4769.0
1436,2017-03-23,15900.0,15950.0,15900.0,15900.0,3696.0
1437,2017-03-23,15850.0,15950.0,15850.0,15900.0,2684.0
1438,2017-03-23,15900.0,15900.0,15800.0,15900.0,2212.0
1439,2017-03-23,15900.0,15950.0,15850.0,15950.0,3606.0
1440,2017-03-23,15950.0,15950.0,15850.0,15900.0,3471.0
1441,2017-03-23,15950.0,15950.0,15850.0,15900.0,2850.0
1442,2017-03-23,15900.0,15950.0,15800.0,15900.0,3137.0
1443,2017-03-24,16100.0,16100.0,16000.0,16050.0,2294.0
1444,2017-03-24,16050.0,16100.0,16000.0,16100.0,4260.0
1445,2017-03-24,16050.0,16100.0,16050.0,16100.0,2997.0
1446,2017-03-24,15950.0,16150.0,15950.0,16100.0,18707.0
1447,2017-03-24,16100.0,16100.0,16050.0,16100.0,5165.0
1448,2017-03-24,16100.0,16100.0,16050.0,16050.0,5521.0
1449,2017-03-24,15950.0,15950.0,15800.0,15950.0,7083.0
1450,2017-03-27,16100.0,16200.0,15950.0,16000.0,3776.0
1451,2017-03-27,16000.0,16000.0,15850.0,16000.0,5068.0
1452,2017-03-27,16000.0,16000.0,15950.0,16000.0,1603.0
1453,2017-03-27,16000.0,16050.0,15950.0,16000.0,3821.0
1454,2017-03-27,16000.0,16000.0,15900.0,15950.0,4045.0
1455,2017-03-27,16000.0,16050.0,15900.0,16000.0,7004.0
1456,2017-03-27,16000.0,16000.0,15900.0,15950.0,6352.0
1457,2017-03-28,16050.0,16050.0,15950.0,16000.0,5173.0
1458,2017-03-28,16100.0,16100.0,16050.0,16100.0,3658.0
1459,2017-03-28,16050.0,16100.0,16000.0,16100.0,3075.0
1460,2017-03-28,15950.0,16050.0,15950.0,16000.0,3458.0
1461,2017-03-28,15950.0,16050.0,15950.0,16000.0,6349.0
1462,2017-03-28,16050.0,16100.0,15850.0,16000.0,11849.0
1463,2017-03-28,16000.0,16050.0,15950.0,15950.0,4826.0
1464,2017-03-29,16050.0,16100.0,16000.0,16050.0,7329.0
1465,2017-03-29,16050.0,16050.0,15900.0,15950.0,8724.0
1466,2017-03-29,15950.0,16000.0,15950.0,16000.0,370.0
1467,2017-03-29,15950.0,16050.0,15950.0,16000.0,3736.0
1468,2017-03-29,16000.0,16100.0,15950.0,16050.0,5982.0
1469,2017-03-29,16050.0,16100.0,16000.0,16100.0,3241.0
1470,2017-03-29,16050.0,16100.0,16050.0,16050.0,2455.0
1471,2017-03-30,16100.0,16150.0,16050.0,16100.0,6431.0
1472,2017-03-30,16100.0,16100.0,16050.0,16100.0,4101.0
1473,2017-03-30,16100.0,16100.0,16050.0,16100.0,1475.0
1474,2017-03-30,16050.0,16150.0,16050.0,16100.0,8205.0
1475,2017-03-30,16100.0,16150.0,16050.0,16100.0,6540.0
1476,2017-03-30,16100.0,16150.0,16050.0,16100.0,6590.0
1477,2017-03-30,16100.0,16150.0,16100.0,16100.0,5789.0
1478,2017-03-31,16550.0,16600.0,16450.0,16550.0,19147.0
1479,2017-03-31,16600.0,16600.0,16500.0,16500.0,22993.0
1480,2017-03-31,16600.0,16600.0,16500.0,16550.0,12485.0
1481,2017-03-31,16200.0,16850.0,16100.0,16550.0,105853.0
1482,2017-03-31,16500.0,16550.0,16450.0,16550.0,13553.0
1483,2017-03-31,16550.0,16800.0,16500.0,16550.0,45314.0
1484,2017-03-31,16500.0,16650.0,16500.0,16600.0,12835.0
1485,2017-04-03,16600.0,16650.0,16450.0,16500.0,22053.0
1486,2017-04-03,16450.0,16550.0,16400.0,16450.0,10245.0
1487,2017-04-03,16450.0,16600.0,16400.0,16550.0,12698.0
1488,2017-04-03,16550.0,16600.0,16500.0,16550.0,8238.0
1489,2017-04-03,16550.0,16550.0,16500.0,16550.0,9258.0
1490,2017-04-03,16500.0,16600.0,16450.0,16550.0,22492.0
1491,2017-04-03,16500.0,16600.0,16500.0,16600.0,12637.0
1492,2017-04-04,16650.0,16700.0,16600.0,16650.0,6928.0
1493,2017-04-04,16550.0,16600.0,16500.0,16550.0,11706.0
1494,2017-04-04,16600.0,16650.0,16550.0,16600.0,8498.0
1495,2017-04-04,16500.0,16600.0,16500.0,16500.0,5260.0
1496,2017-04-04,16500.0,16600.0,16500.0,16600.0,4200.0
1497,2017-04-04,16500.0,16650.0,16450.0,16500.0,11833.0
1498,2017-04-04,16700.0,16750.0,16450.0,16550.0,33233.0
1499,2017-04-05,16550.0,16600.0,16550.0,16550.0,7234.0
1500,2017-04-05,16550.0,16600.0,16500.0,16600.0,12329.0
1501,2017-04-05,16550.0,16550.0,16400.0,16550.0,13379.0
1502,2017-04-05,16700.0,16700.0,16500.0,16600.0,17474.0
1503,2017-04-05,16550.0,16600.0,16550.0,16600.0,4495.0
1504,2017-04-05,16550.0,16600.0,16550.0,16600.0,5042.0
1505,2017-04-05,16600.0,16600.0,16500.0,16550.0,5761.0
1506,2017-04-06,16550.0,16600.0,16500.0,16600.0,8721.0
1507,2017-04-06,16550.0,16600.0,16550.0,16600.0,5683.0
1508,2017-04-06,16600.0,16600.0,16550.0,16600.0,8360.0
1509,2017-04-06,16600.0,16600.0,16550.0,16600.0,5149.0
1510,2017-04-06,16600.0,16600.0,16500.0,16500.0,8486.0
1511,2017-04-06,16550.0,16600.0,16500.0,16600.0,14333.0
1512,2017-04-06,16550.0,16600.0,16550.0,16600.0,6742.0
1513,2017-04-07,16500.0,16550.0,16450.0,16550.0,3926.0
1514,2017-04-07,16550.0,16550.0,16450.0,16500.0,7661.0
1515,2017-04-07,16600.0,16650.0,16500.0,16500.0,14492.0
1516,2017-04-07,16550.0,16700.0,16550.0,16550.0,14322.0
1517,2017-04-07,16500.0,16600.0,16500.0,16600.0,8641.0
1518,2017-04-07,16600.0,16600.0,16500.0,16550.0,12115.0
1519,2017-04-07,16550.0,16650.0,16550.0,16650.0,8400.0
1520,2017-04-10,16450.0,16550.0,16400.0,16450.0,9278.0
1521,2017-04-10,16450.0,16550.0,16400.0,16500.0,11436.0
1522,2017-04-10,16550.0,16600.0,16350.0,16450.0,10720.0
1523,2017-04-10,16600.0,16650.0,16300.0,16500.0,28225.0
1524,2017-04-10,16700.0,16750.0,16550.0,16650.0,14304.0
1525,2017-04-10,16450.0,16700.0,16350.0,16700.0,26745.0
1526,2017-04-10,16650.0,16650.0,16550.0,16600.0,7536.0
1527,2017-04-11,16600.0,16700.0,16500.0,16600.0,15359.0
1528,2017-04-11,16600.0,16700.0,16550.0,16650.0,19461.0
1529,2017-04-11,16650.0,16750.0,16450.0,16600.0,30398.0
1530,2017-04-11,16550.0,16700.0,16550.0,16600.0,11911.0
1531,2017-04-11,16650.0,16650.0,16500.0,16600.0,9972.0
1532,2017-04-11,16600.0,16900.0,16550.0,16800.0,56603.0
1533,2017-04-11,16800.0,17100.0,16800.0,17100.0,78129.0
1534,2017-04-12,17250.0,17350.0,17150.0,17300.0,44129.0
1535,2017-04-12,17300.0,17350.0,17200.0,17300.0,19419.0
1536,2017-04-12,17000.0,17250.0,16950.0,17250.0,58117.0
1537,2017-04-12,17100.0,17250.0,16900.0,17000.0,42037.0
1538,2017-04-12,17050.0,17050.0,16950.0,17000.0,7760.0
1539,2017-04-12,17000.0,17050.0,16950.0,17050.0,14571.0
1540,2017-04-12,17000.0,17000.0,16950.0,17000.0,6320.0
1541,2017-04-13,17300.0,17450.0,17200.0,17250.0,48524.0
1542,2017-04-13,17250.0,17300.0,17200.0,17250.0,6030.0
1543,2017-04-13,17250.0,17300.0,17200.0,17250.0,4735.0
1544,2017-04-13,17250.0,17250.0,17100.0,17200.0,21153.0
1545,2017-04-13,17200.0,17300.0,17150.0,17250.0,14794.0
1546,2017-04-13,17250.0,17350.0,17250.0,17350.0,13619.0
1547,2017-04-13,17350.0,17400.0,17350.0,17350.0,13798.0
1548,2017-04-14,17000.0,17000.0,16800.0,16850.0,45161.0
1549,2017-04-14,17200.0,17200.0,17000.0,17000.0,26802.0
1550,2017-04-14,17250.0,17250.0,17150.0,17200.0,4926.0
1551,2017-04-14,17250.0,17250.0,17200.0,17250.0,7034.0
1552,2017-04-14,17300.0,17350.0,17250.0,17300.0,7624.0
1553,2017-04-14,17250.0,17450.0,17200.0,17300.0,15245.0
1554,2017-04-14,17250.0,17300.0,17150.0,17200.0,9518.0
1555,2017-04-17,16900.0,17150.0,16900.0,17050.0,12875.0
1556,2017-04-17,17050.0,17050.0,16850.0,16950.0,42596.0
1557,2017-04-17,16900.0,17050.0,16900.0,17000.0,15751.0
1558,2017-04-17,17050.0,17100.0,17000.0,17050.0,9229.0
1559,2017-04-17,17100.0,17150.0,17050.0,17100.0,8598.0
1560,2017-04-17,17150.0,17300.0,17100.0,17250.0,18429.0
1561,2017-04-17,17200.0,17250.0,17150.0,17250.0,3142.0
1562,2017-04-18,17400.0,17450.0,17350.0,17350.0,11682.0
1563,2017-04-18,17350.0,17400.0,17300.0,17350.0,12785.0
1564,2017-04-18,17350.0,17400.0,17350.0,17350.0,6422.0
1565,2017-04-18,17250.0,17400.0,17200.0,17350.0,31770.0
1566,2017-04-18,17250.0,17300.0,17200.0,17250.0,7028.0
1567,2017-04-18,17300.0,17350.0,17200.0,17250.0,17359.0
1568,2017-04-18,17350.0,17400.0,17300.0,17350.0,18102.0
1569,2017-04-19,17350.0,17400.0,17200.0,17250.0,15344.0
1570,2017-04-19,17300.0,17300.0,17150.0,17250.0,10102.0
1571,2017-04-19,17250.0,17300.0,17150.0,17250.0,7951.0
1572,2017-04-19,17200.0,17300.0,17200.0,17200.0,7756.0
1573,2017-04-19,17200.0,17250.0,17200.0,17250.0,3183.0
1574,2017-04-19,17200.0,17500.0,17200.0,17500.0,24982.0
1575,2017-04-19,17500.0,17500.0,17400.0,17500.0,14008.0
1576,2017-04-20,17250.0,17300.0,17150.0,17300.0,6427.0
1577,2017-04-20,17200.0,17300.0,17100.0,17300.0,20574.0
1578,2017-04-20,17300.0,17350.0,17200.0,17250.0,12337.0
1579,2017-04-20,17400.0,17550.0,17400.0,17450.0,14085.0
1580,2017-04-20,17450.0,17450.0,17300.0,17350.0,9107.0
1581,2017-04-20,17450.0,17500.0,17400.0,17400.0,9602.0
1582,2017-04-20,17300.0,17350.0,17250.0,17250.0,6047.0
1583,2017-04-21,17250.0,17350.0,17250.0,17300.0,16088.0
1584,2017-04-21,17300.0,17350.0,17250.0,17350.0,5974.0
1585,2017-04-21,17250.0,17300.0,17150.0,17250.0,13214.0
1586,2017-04-21,17300.0,17300.0,17100.0,17250.0,16668.0
1587,2017-04-21,17250.0,17400.0,17200.0,17350.0,11807.0
1588,2017-04-21,17200.0,17250.0,17150.0,17250.0,8898.0
1589,2017-04-21,17300.0,17350.0,17200.0,17250.0,9778.0
1590,2017-04-24,17350.0,17500.0,17200.0,17400.0,14585.0
1591,2017-04-24,17400.0,17550.0,17350.0,17400.0,19320.0
1592,2017-04-24,17400.0,17450.0,17250.0,17400.0,13999.0
1593,2017-04-24,17400.0,17400.0,17350.0,17350.0,7104.0
1594,2017-04-24,17350.0,17350.0,17300.0,17300.0,5300.0
1595,2017-04-24,17300.0,17350.0,17200.0,17200.0,17373.0
1596,2017-04-24,17250.0,17300.0,17200.0,17200.0,8508.0
1597,2017-04-25,17250.0,17350.0,17150.0,17350.0,10136.0
1598,2017-04-25,17200.0,17250.0,17150.0,17200.0,11522.0
1599,2017-04-25,17350.0,17350.0,17250.0,17250.0,6815.0
1600,2017-04-25,17300.0,17350.0,17200.0,17300.0,3945.0
1601,2017-04-25,17300.0,17300.0,17200.0,17300.0,5176.0
1602,2017-04-25,17250.0,17400.0,17250.0,17300.0,11918.0
1603,2017-04-25,17300.0,17350.0,17250.0,17350.0,3567.0
1604,2017-04-26,17250.0,17350.0,17250.0,17300.0,8961.0
1605,2017-04-26,17300.0,17400.0,17200.0,17350.0,11623.0
1606,2017-04-26,17350.0,17400.0,17250.0,17350.0,11831.0
1607,2017-04-26,17350.0,17350.0,17250.0,17300.0,7041.0
1608,2017-04-26,17250.0,17350.0,17250.0,17300.0,7555.0
1609,2017-04-26,17250.0,17300.0,17150.0,17200.0,14459.0
1610,2017-04-26,17250.0,17300.0,17150.0,17300.0,16503.0
1611,2017-04-27,17000.0,17200.0,16900.0,17150.0,26566.0
1612,2017-04-27,17100.0,17150.0,16950.0,17000.0,28892.0
1613,2017-04-27,17200.0,17200.0,17100.0,17200.0,5892.0
1614,2017-04-27,17150.0,17200.0,17100.0,17150.0,5205.0
1615,2017-04-27,17150.0,17250.0,17150.0,17200.0,8801.0
1616,2017-04-27,17200.0,17300.0,17100.0,17150.0,7635.0
1617,2017-04-27,17150.0,17200.0,17050.0,17100.0,6263.0
1618,2017-04-28,17150.0,17200.0,17100.0,17200.0,10950.0
1619,2017-04-28,17150.0,17150.0,17050.0,17100.0,11802.0
1620,2017-04-28,17100.0,17200.0,17050.0,17150.0,18602.0
1621,2017-04-28,17100.0,17250.0,17100.0,17200.0,8787.0
1622,2017-04-28,17150.0,17200.0,17050.0,17100.0,11780.0
1623,2017-04-28,17250.0,17300.0,17100.0,17150.0,11151.0
1624,2017-04-28,17200.0,17200.0,17100.0,17100.0,7120.0
1625,2017-05-02,17200.0,17200.0,17000.0,17050.0,9576.0
1626,2017-05-02,17000.0,17100.0,16950.0,17000.0,5864.0
1627,2017-05-02,17000.0,17050.0,16950.0,16950.0,10098.0
1628,2017-05-02,17000.0,17000.0,16900.0,16900.0,6026.0
1629,2017-05-02,16950.0,16950.0,16900.0,16900.0,3620.0
1630,2017-05-02,16950.0,17000.0,16800.0,16950.0,11235.0
1631,2017-05-02,16950.0,16950.0,16750.0,16950.0,11436.0
1632,2017-05-04,17150.0,17350.0,17150.0,17300.0,16853.0
1633,2017-05-04,17350.0,17400.0,17300.0,17400.0,9595.0
1634,2017-05-04,17150.0,17250.0,17100.0,17150.0,14156.0
1635,2017-05-04,16950.0,17000.0,16750.0,16900.0,7722.0
1636,2017-05-04,16850.0,17100.0,16800.0,17000.0,18469.0
1637,2017-05-04,16900.0,16950.0,16800.0,16850.0,5764.0
1638,2017-05-04,17000.0,17150.0,17000.0,17150.0,9391.0
1639,2017-05-08,17400.0,17450.0,17200.0,17300.0,13299.0
1640,2017-05-08,17300.0,17400.0,17300.0,17300.0,8738.0
1641,2017-05-08,17300.0,17350.0,17250.0,17350.0,6598.0
1642,2017-05-08,17300.0,17400.0,17300.0,17350.0,8270.0
1643,2017-05-08,17350.0,17400.0,17300.0,17350.0,6913.0
1644,2017-05-08,17350.0,17400.0,17300.0,17400.0,11243.0
1645,2017-05-08,17400.0,17400.0,17300.0,17350.0,8569.0
1646,2017-05-10,18200.0,18300.0,18150.0,18300.0,38169.0
1647,2017-05-10,18100.0,18200.0,17950.0,18150.0,50078.0
1648,2017-05-10,18150.0,18200.0,18000.0,18100.0,46280.0
1649,2017-05-10,17400.0,17550.0,17150.0,17500.0,35470.0
1650,2017-05-10,18100.0,18250.0,18000.0,18050.0,50612.0
1651,2017-05-10,17550.0,18150.0,17350.0,18150.0,138015.0
1652,2017-05-10,18050.0,18150.0,17950.0,18100.0,30735.0
1653,2017-05-11,18300.0,18400.0,18300.0,18350.0,24374.0
1654,2017-05-11,18400.0,18450.0,18300.0,18350.0,14239.0
1655,2017-05-11,18250.0,18400.0,18250.0,18300.0,29263.0
1656,2017-05-11,18400.0,18450.0,18150.0,18200.0,57998.0
1657,2017-05-11,18300.0,18350.0,18200.0,18250.0,21567.0
1658,2017-05-11,18250.0,18350.0,18150.0,18250.0,23876.0
1659,2017-05-11,18300.0,18350.0,18250.0,18300.0,14454.0
1660,2017-05-12,18200.0,18300.0,18000.0,18050.0,36100.0
1661,2017-05-12,18100.0,18250.0,17950.0,18100.0,39351.0
1662,2017-05-12,18150.0,18200.0,17950.0,18000.0,24356.0
1663,2017-05-12,18050.0,18100.0,18000.0,18050.0,5082.0
1664,2017-05-12,18050.0,18150.0,18000.0,18000.0,8618.0
1665,2017-05-12,18050.0,18400.0,18000.0,18300.0,35067.0
1666,2017-05-12,18300.0,18400.0,18250.0,18300.0,22859.0
1667,2017-05-15,18200.0,18300.0,18150.0,18200.0,12429.0
1668,2017-05-15,18200.0,18200.0,18150.0,18200.0,7882.0
1669,2017-05-15,18300.0,18300.0,18200.0,18250.0,4749.0
1670,2017-05-15,18250.0,18300.0,18250.0,18250.0,2957.0
1671,2017-05-15,18250.0,18350.0,18150.0,18300.0,11637.0
1672,2017-05-15,18250.0,18400.0,18200.0,18250.0,17023.0
1673,2017-05-15,18500.0,18600.0,18100.0,18200.0,42424.0
1674,2017-05-16,18350.0,18350.0,18150.0,18250.0,20760.0
1675,2017-05-16,18250.0,18400.0,18150.0,18350.0,14508.0
1676,2017-05-16,18350.0,18450.0,18250.0,18400.0,19684.0
1677,2017-05-16,18400.0,18600.0,18300.0,18500.0,25204.0
1678,2017-05-16,18500.0,18500.0,18300.0,18400.0,22512.0
1679,2017-05-16,18350.0,18450.0,18300.0,18300.0,12730.0
1680,2017-05-16,18350.0,18400.0,18300.0,18350.0,8145.0
1681,2017-05-17,18350.0,18400.0,18000.0,18050.0,24426.0
1682,2017-05-17,18200.0,18450.0,18150.0,18400.0,16685.0
1683,2017-05-17,18200.0,18350.0,18100.0,18250.0,17179.0
1684,2017-05-17,18150.0,18150.0,17800.0,17900.0,46545.0
1685,2017-05-17,17950.0,18600.0,17900.0,18500.0,64561.0
1686,2017-05-17,17900.0,17950.0,17800.0,17950.0,51439.0
1687,2017-05-17,18500.0,18500.0,18100.0,18250.0,25255.0
1688,2017-05-18,17900.0,18050.0,17850.0,18000.0,19097.0
1689,2017-05-18,18050.0,18050.0,17950.0,18050.0,8874.0
1690,2017-05-18,17900.0,17950.0,17900.0,17950.0,7174.0
1691,2017-05-18,17950.0,18350.0,17700.0,18050.0,50150.0
1692,2017-05-18,18000.0,18000.0,17850.0,17900.0,13134.0
1693,2017-05-18,18050.0,18050.0,17850.0,18000.0,16851.0
1694,2017-05-18,17900.0,17950.0,17850.0,17900.0,8530.0
1695,2017-05-19,18000.0,18150.0,17850.0,17950.0,14472.0
1696,2017-05-19,17950.0,18000.0,17800.0,17850.0,17938.0
1697,2017-05-19,17850.0,18000.0,17850.0,17950.0,5287.0
1698,2017-05-19,18000.0,18050.0,17900.0,17950.0,7088.0
1699,2017-05-19,18000.0,18100.0,17950.0,18050.0,7670.0
1700,2017-05-19,18100.0,18100.0,18000.0,18050.0,12881.0
1701,2017-05-19,18050.0,18200.0,18000.0,18150.0,11236.0
1702,2017-05-22,17900.0,17950.0,17850.0,17900.0,6980.0
1703,2017-05-22,18000.0,18000.0,17900.0,17950.0,8050.0
1704,2017-05-22,18050.0,18050.0,17950.0,18000.0,5021.0
1705,2017-05-22,18250.0,18300.0,17900.0,18050.0,10753.0
1706,2017-05-22,18000.0,18050.0,17950.0,18000.0,2628.0
1707,2017-05-22,17950.0,18050.0,17900.0,18050.0,2230.0
1708,2017-05-22,18000.0,18050.0,17900.0,17900.0,4815.0
1709,2017-05-23,17900.0,18050.0,17850.0,18000.0,8035.0
1710,2017-05-23,17950.0,18000.0,17850.0,18000.0,6823.0
1711,2017-05-23,18000.0,18200.0,18000.0,18150.0,27361.0
1712,2017-05-23,18150.0,18250.0,18100.0,18200.0,18243.0
1713,2017-05-23,18200.0,18200.0,18100.0,18150.0,14026.0
1714,2017-05-23,18150.0,18250.0,18100.0,18150.0,20190.0
1715,2017-05-23,18150.0,18250.0,18100.0,18250.0,11696.0
1716,2017-05-24,18450.0,18450.0,18350.0,18450.0,19967.0
1717,2017-05-24,18400.0,18500.0,18350.0,18450.0,31275.0
1718,2017-05-24,18300.0,18400.0,18250.0,18400.0,17268.0
1719,2017-05-24,18300.0,18350.0,18150.0,18150.0,13244.0
1720,2017-05-24,18200.0,18250.0,18100.0,18250.0,14207.0
1721,2017-05-24,18250.0,18300.0,18100.0,18300.0,10130.0
1722,2017-05-24,18250.0,18350.0,18200.0,18300.0,14780.0
1723,2017-05-25,18300.0,18300.0,18100.0,18250.0,35534.0
1724,2017-05-25,18250.0,18400.0,18250.0,18250.0,11828.0
1725,2017-05-25,18300.0,18300.0,18200.0,18250.0,7823.0
1726,2017-05-25,18450.0,18500.0,18400.0,18400.0,21623.0
1727,2017-05-25,18400.0,18450.0,18300.0,18350.0,15315.0
1728,2017-05-25,18300.0,18350.0,18250.0,18250.0,9336.0
1729,2017-05-25,18500.0,18550.0,18350.0,18450.0,26530.0
1730,2017-05-26,18150.0,18300.0,18150.0,18250.0,5917.0
1731,2017-05-26,18250.0,18300.0,18100.0,18150.0,11792.0
1732,2017-05-26,18150.0,18150.0,18000.0,18000.0,19651.0
1733,2017-05-26,18000.0,18050.0,17950.0,17950.0,13332.0
1734,2017-05-26,18000.0,18000.0,17900.0,17950.0,9865.0
1735,2017-05-26,17900.0,18100.0,17900.0,18050.0,17143.0
1736,2017-05-26,18100.0,18100.0,18000.0,18050.0,8118.0
1737,2017-05-29,17950.0,18050.0,17900.0,18050.0,6720.0
1738,2017-05-29,17950.0,17950.0,17850.0,17850.0,14915.0
1739,2017-05-29,18050.0,18050.0,17900.0,17950.0,4781.0
1740,2017-05-29,17950.0,17950.0,17900.0,17950.0,4215.0
1741,2017-05-29,18050.0,18050.0,17950.0,18000.0,5238.0
1742,2017-05-29,18000.0,18000.0,17900.0,17950.0,11648.0
1743,2017-05-29,18000.0,18150.0,17950.0,18000.0,9689.0
1744,2017-05-30,17800.0,18000.0,17800.0,17950.0,6368.0
1745,2017-05-30,17950.0,18000.0,17900.0,18000.0,8009.0
1746,2017-05-30,18000.0,18050.0,17950.0,18050.0,1473.0
1747,2017-05-30,18050.0,18050.0,18000.0,18000.0,3398.0
1748,2017-05-30,18000.0,18050.0,17950.0,18000.0,6030.0
1749,2017-05-30,18000.0,18050.0,17950.0,18000.0,4859.0
1750,2017-05-30,18000.0,18050.0,17950.0,18050.0,5141.0
1751,2017-05-31,18000.0,18050.0,17950.0,18050.0,8644.0
1752,2017-05-31,18050.0,18050.0,17950.0,18000.0,6051.0
1753,2017-05-31,18050.0,18150.0,18000.0,18150.0,16105.0
1754,2017-05-31,18050.0,18050.0,17900.0,18000.0,4785.0
1755,2017-05-31,18100.0,18150.0,17950.0,18050.0,6609.0
1756,2017-05-31,17950.0,18200.0,17950.0,18100.0,11662.0
1757,2017-05-31,18000.0,18050.0,17950.0,18050.0,3637.0
1758,2017-06-01,18000.0,18000.0,17900.0,17950.0,4411.0
1759,2017-06-01,18000.0,18050.0,17950.0,18000.0,4155.0
1760,2017-06-01,18000.0,18000.0,17950.0,18000.0,3716.0
1761,2017-06-01,17950.0,18050.0,17950.0,18000.0,3013.0
1762,2017-06-01,18000.0,18100.0,17950.0,18000.0,2494.0
1763,2017-06-01,17950.0,18050.0,17950.0,18000.0,1917.0
1764,2017-06-01,18150.0,18150.0,17900.0,17950.0,6799.0
1765,2017-06-02,17850.0,17950.0,17750.0,17950.0,15005.0
1766,2017-06-02,17950.0,18050.0,17800.0,17850.0,14278.0
1767,2017-06-02,17850.0,17900.0,17800.0,17900.0,11849.0
1768,2017-06-02,17850.0,17900.0,17800.0,17850.0,7901.0
1769,2017-06-02,17800.0,17900.0,17800.0,17900.0,6774.0
1770,2017-06-02,17900.0,17900.0,17850.0,17900.0,4988.0
1771,2017-06-02,17900.0,17900.0,17800.0,17850.0,9733.0
1772,2017-06-05,17750.0,17900.0,17700.0,17900.0,13615.0
1773,2017-06-05,17900.0,18000.0,17800.0,17950.0,8368.0
1774,2017-06-05,17800.0,17850.0,17750.0,17750.0,3571.0
1775,2017-06-05,17950.0,17950.0,17700.0,17850.0,20123.0
1776,2017-06-05,17850.0,17850.0,17800.0,17850.0,2231.0
1777,2017-06-05,17850.0,17850.0,17750.0,17850.0,10115.0
1778,2017-06-05,17800.0,17850.0,17750.0,17850.0,7487.0
1779,2017-06-07,17850.0,18000.0,17750.0,17950.0,8612.0
1780,2017-06-07,17900.0,18000.0,17850.0,17900.0,10987.0
1781,2017-06-07,17900.0,17950.0,17850.0,17950.0,10718.0
1782,2017-06-07,17950.0,18000.0,17850.0,17950.0,11924.0
1783,2017-06-07,17950.0,17950.0,17900.0,17950.0,2936.0
1784,2017-06-07,17950.0,17950.0,17850.0,17950.0,6971.0
1785,2017-06-07,17950.0,18250.0,17900.0,18250.0,28746.0
1786,2017-06-08,18050.0,18100.0,18000.0,18000.0,18508.0
1787,2017-06-08,18050.0,18150.0,18050.0,18100.0,10810.0
1788,2017-06-08,18050.0,18200.0,18000.0,18050.0,14159.0
1789,2017-06-08,18200.0,18250.0,18050.0,18150.0,17570.0
1790,2017-06-08,18100.0,18200.0,18000.0,18050.0,9836.0
1791,2017-06-08,18200.0,18200.0,18050.0,18100.0,12262.0
1792,2017-06-08,18050.0,18150.0,18050.0,18050.0,3627.0
1793,2017-06-09,17950.0,18050.0,17950.0,18000.0,5073.0
1794,2017-06-09,17950.0,18050.0,17900.0,18050.0,12174.0
1795,2017-06-09,18100.0,18150.0,17950.0,18000.0,19526.0
1796,2017-06-09,18100.0,18100.0,17900.0,17950.0,11732.0
1797,2017-06-09,18100.0,18100.0,17900.0,18000.0,10671.0
1798,2017-06-09,17950.0,18150.0,17950.0,18050.0,8134.0
1799,2017-06-09,17950.0,18150.0,17950.0,18150.0,4946.0
1800,2017-06-12,17900.0,18050.0,17850.0,18000.0,26417.0
1801,2017-06-12,17950.0,18000.0,17950.0,18000.0,1962.0
1802,2017-06-12,18000.0,18000.0,17900.0,18000.0,3546.0
1803,2017-06-12,17950.0,18000.0,17900.0,17900.0,2186.0
1804,2017-06-12,17950.0,17950.0,17850.0,17900.0,4958.0
1805,2017-06-12,17900.0,17900.0,17800.0,17850.0,8319.0
1806,2017-06-12,17850.0,17950.0,17850.0,17850.0,4622.0
1807,2017-06-13,17600.0,17750.0,17600.0,17650.0,8730.0
1808,2017-06-13,17600.0,17700.0,17600.0,17650.0,5639.0
1809,2017-06-13,17600.0,17650.0,17600.0,17650.0,4540.0
1810,2017-06-13,17850.0,18000.0,17800.0,17800.0,9410.0
1811,2017-06-13,17700.0,17750.0,17500.0,17650.0,27931.0
1812,2017-06-13,17800.0,17850.0,17650.0,17700.0,15307.0
1813,2017-06-13,17650.0,17650.0,17550.0,17600.0,6035.0
1814,2017-06-14,17650.0,17750.0,17600.0,17650.0,12847.0
1815,2017-06-14,17700.0,17700.0,17600.0,17700.0,8109.0
1816,2017-06-14,17650.0,17700.0,17600.0,17600.0,8212.0
1817,2017-06-14,17650.0,17700.0,17550.0,17650.0,6016.0
1818,2017-06-14,17700.0,17700.0,17600.0,17600.0,8409.0
1819,2017-06-14,17600.0,17650.0,17550.0,17550.0,9370.0
1820,2017-06-14,17550.0,17650.0,17550.0,17650.0,4939.0
1821,2017-06-15,17350.0,17350.0,17200.0,17200.0,12285.0
1822,2017-06-15,17400.0,17450.0,17300.0,17400.0,10922.0
1823,2017-06-15,17350.0,17400.0,17300.0,17300.0,8584.0
1824,2017-06-15,17400.0,17500.0,17300.0,17350.0,6732.0
1825,2017-06-15,17450.0,17500.0,17200.0,17400.0,23552.0
1826,2017-06-15,17600.0,17700.0,17400.0,17450.0,26184.0
1827,2017-06-15,17350.0,17450.0,17350.0,17400.0,4010.0
1828,2017-06-16,17450.0,17500.0,17300.0,17350.0,19763.0
1829,2017-06-16,17500.0,17550.0,17450.0,17500.0,4182.0
1830,2017-06-16,17500.0,17500.0,17350.0,17500.0,8043.0
1831,2017-06-16,17450.0,17550.0,17400.0,17500.0,9485.0
1832,2017-06-16,17400.0,17550.0,17400.0,17500.0,10017.0
1833,2017-06-16,17550.0,17550.0,17400.0,17500.0,8300.0
1834,2017-06-16,17200.0,17550.0,17200.0,17400.0,28420.0
1835,2017-06-19,17350.0,17400.0,17250.0,17400.0,5328.0
1836,2017-06-19,17400.0,17450.0,17200.0,17350.0,5672.0
1837,2017-06-19,17300.0,17450.0,17300.0,17450.0,3019.0
1838,2017-06-19,17450.0,17500.0,17450.0,17450.0,3337.0
1839,2017-06-19,17450.0,17450.0,17300.0,17400.0,6816.0
1840,2017-06-19,17400.0,17400.0,17300.0,17400.0,8344.0
1841,2017-06-19,17350.0,17400.0,17250.0,17350.0,12702.0
1842,2017-06-20,17050.0,17100.0,16950.0,17000.0,15392.0
1843,2017-06-20,17000.0,17050.0,16950.0,17000.0,17378.0
1844,2017-06-20,17100.0,17150.0,17050.0,17100.0,11414.0
1845,2017-06-20,17450.0,17500.0,17000.0,17050.0,29180.0
1846,2017-06-20,17100.0,17150.0,17050.0,17150.0,10252.0
1847,2017-06-20,17050.0,17200.0,17000.0,17100.0,15958.0
1848,2017-06-20,17100.0,17150.0,17000.0,17100.0,15638.0
1849,2017-06-21,16900.0,17100.0,16850.0,16900.0,10659.0
1850,2017-06-21,16900.0,17050.0,16850.0,17000.0,8152.0
1851,2017-06-21,17000.0,17100.0,16950.0,16950.0,8787.0
1852,2017-06-21,17000.0,17050.0,16900.0,17000.0,5497.0
1853,2017-06-21,17000.0,17050.0,16900.0,17000.0,5357.0
1854,2017-06-21,16950.0,17000.0,16900.0,17000.0,9646.0
1855,2017-06-21,17000.0,17050.0,16950.0,17050.0,4649.0
1856,2017-06-22,16800.0,16800.0,16650.0,16700.0,14894.0
1857,2017-06-22,16800.0,16850.0,16700.0,16800.0,23613.0
1858,2017-06-22,16850.0,17000.0,16800.0,16800.0,21994.0
1859,2017-06-22,17100.0,17100.0,16950.0,17050.0,9522.0
1860,2017-06-22,17000.0,17050.0,16950.0,17000.0,7845.0
1861,2017-06-22,17050.0,17050.0,17000.0,17000.0,7098.0
1862,2017-06-22,17000.0,17050.0,16850.0,16900.0,11752.0
1863,2017-06-23,16900.0,16950.0,16800.0,16850.0,10874.0
1864,2017-06-23,16900.0,16950.0,16800.0,16950.0,5563.0
1865,2017-06-23,16900.0,17000.0,16850.0,16950.0,16348.0
1866,2017-06-23,16850.0,16950.0,16650.0,16900.0,10339.0
1867,2017-06-23,16950.0,17300.0,16850.0,17100.0,22837.0
1868,2017-06-23,16850.0,17000.0,16850.0,16900.0,8205.0
1869,2017-06-23,17150.0,17150.0,16900.0,16900.0,11324.0
1870,2017-06-26,17000.0,17050.0,16850.0,16950.0,6632.0
1871,2017-06-26,16900.0,17050.0,16900.0,16950.0,6711.0
1872,2017-06-26,16950.0,17050.0,16850.0,16950.0,6708.0
1873,2017-06-26,16900.0,17000.0,16850.0,16950.0,6553.0
1874,2017-06-26,16950.0,17000.0,16850.0,16950.0,7273.0
1875,2017-06-26,16950.0,17050.0,16850.0,16900.0,14217.0
1876,2017-06-26,16950.0,17050.0,16950.0,17050.0,3816.0
1877,2017-06-27,17200.0,17200.0,17100.0,17150.0,10424.0
1878,2017-06-27,17100.0,17150.0,17050.0,17100.0,5714.0
1879,2017-06-27,17150.0,17200.0,17100.0,17200.0,9167.0
1880,2017-06-27,17150.0,17150.0,17000.0,17100.0,6598.0
1881,2017-06-27,17100.0,17200.0,17050.0,17150.0,6409.0
1882,2017-06-27,17050.0,17150.0,17050.0,17100.0,3473.0
1883,2017-06-27,17150.0,17200.0,17100.0,17200.0,1936.0
1884,2017-06-28,17050.0,17050.0,16900.0,16950.0,10084.0
1885,2017-06-28,16950.0,17100.0,16950.0,17050.0,9925.0
1886,2017-06-28,17000.0,17150.0,17000.0,17000.0,4572.0
1887,2017-06-28,17000.0,17100.0,16950.0,17000.0,7538.0
1888,2017-06-28,16950.0,17150.0,16950.0,17050.0,5692.0
1889,2017-06-28,17000.0,17150.0,16950.0,17100.0,5526.0
1890,2017-06-28,17100.0,17200.0,17050.0,17200.0,5462.0
1891,2017-06-29,17150.0,17200.0,17150.0,17200.0,3359.0
1892,2017-06-29,17200.0,17200.0,17150.0,17200.0,10063.0
1893,2017-06-29,17200.0,17250.0,17150.0,17150.0,3890.0
1894,2017-06-29,17250.0,17250.0,17150.0,17250.0,3706.0
1895,2017-06-29,17200.0,17250.0,17150.0,17250.0,3750.0
1896,2017-06-29,17250.0,17300.0,17050.0,17250.0,5621.0
1897,2017-06-29,17250.0,17250.0,17150.0,17200.0,3299.0
1898,2017-06-30,17200.0,17200.0,16950.0,17000.0,9697.0
1899,2017-06-30,17100.0,17100.0,16850.0,16950.0,6756.0
1900,2017-06-30,16950.0,17050.0,16850.0,17050.0,4931.0
1901,2017-06-30,17050.0,17100.0,17000.0,17000.0,1601.0
1902,2017-06-30,17000.0,17050.0,16850.0,16850.0,12144.0
1903,2017-06-30,16850.0,17000.0,16800.0,16850.0,16130.0
1904,2017-06-30,16850.0,17050.0,16800.0,17050.0,8651.0
1905,2017-07-03,16900.0,16950.0,16800.0,16850.0,13437.0
1906,2017-07-03,16800.0,17000.0,16800.0,16950.0,6591.0
1907,2017-07-03,16900.0,16950.0,16900.0,16900.0,6151.0
1908,2017-07-03,17100.0,17150.0,17000.0,17000.0,6427.0
1909,2017-07-03,17000.0,17050.0,16900.0,16950.0,7800.0
1910,2017-07-03,16950.0,16950.0,16850.0,16900.0,6311.0
1911,2017-07-03,17050.0,17050.0,16900.0,17050.0,7914.0
1912,2017-07-04,17050.0,17150.0,16850.0,17000.0,11537.0
1913,2017-07-04,17000.0,17050.0,16850.0,16900.0,17208.0
1914,2017-07-04,16900.0,16950.0,16850.0,16900.0,6533.0
1915,2017-07-04,16900.0,16950.0,16850.0,16950.0,6869.0
1916,2017-07-04,16950.0,16950.0,16800.0,16850.0,7960.0
1917,2017-07-04,16800.0,16900.0,16750.0,16750.0,20493.0
1918,2017-07-04,16750.0,17000.0,16750.0,17000.0,11647.0
1919,2017-07-05,17100.0,17250.0,17100.0,17250.0,9093.0
1920,2017-07-05,17000.0,17150.0,17000.0,17100.0,27305.0
1921,2017-07-05,17000.0,17050.0,16950.0,17000.0,8370.0
1922,2017-07-05,16900.0,17100.0,16900.0,16950.0,11986.0
1923,2017-07-05,16950.0,17050.0,16950.0,17050.0,6747.0
1924,2017-07-05,16950.0,17000.0,16900.0,16900.0,2639.0
1925,2017-07-05,17000.0,17050.0,16950.0,16950.0,7976.0
1926,2017-07-06,17000.0,17100.0,16950.0,17050.0,2458.0
1927,2017-07-06,17100.0,17100.0,16950.0,16950.0,9787.0
1928,2017-07-06,17050.0,17100.0,16950.0,17000.0,3134.0
1929,2017-07-06,17100.0,17150.0,17050.0,17100.0,2041.0
1930,2017-07-06,17050.0,17150.0,17050.0,17100.0,2225.0
1931,2017-07-06,17200.0,17250.0,16900.0,17100.0,10408.0
1932,2017-07-06,17050.0,17100.0,17000.0,17050.0,3263.0
1933,2017-07-07,17000.0,17250.0,16950.0,17150.0,15223.0
1934,2017-07-07,17150.0,17200.0,17050.0,17100.0,3556.0
1935,2017-07-07,17100.0,17100.0,17000.0,17100.0,2024.0
1936,2017-07-07,17100.0,17100.0,17050.0,17100.0,1561.0
1937,2017-07-07,17100.0,17100.0,17050.0,17100.0,2215.0
1938,2017-07-07,17100.0,17100.0,17000.0,17050.0,9403.0
1939,2017-07-07,17050.0,17150.0,17000.0,17150.0,10143.0
1940,2017-07-10,16000.0,16150.0,15950.0,16150.0,38662.0
1941,2017-07-10,16200.0,16200.0,15950.0,16150.0,108585.0
1942,2017-07-10,16100.0,16150.0,15850.0,15950.0,110614.0
1943,2017-07-10,16100.0,16300.0,16050.0,16200.0,44411.0
1944,2017-07-10,17150.0,17150.0,15900.0,16000.0,113069.0
1945,2017-07-10,16000.0,16150.0,15950.0,16050.0,64158.0
1946,2017-07-10,16200.0,16250.0,16100.0,16150.0,34775.0
1947,2017-07-11,16150.0,16450.0,16100.0,16350.0,25516.0
1948,2017-07-11,16400.0,16550.0,16350.0,16500.0,41896.0
1949,2017-07-11,16450.0,16550.0,16400.0,16500.0,23802.0
1950,2017-07-11,16550.0,16550.0,16450.0,16550.0,25578.0
1951,2017-07-11,16550.0,16700.0,16450.0,16700.0,21294.0
1952,2017-07-11,16700.0,16800.0,16550.0,16800.0,24782.0
1953,2017-07-11,16800.0,16850.0,16700.0,16700.0,7647.0
1954,2017-07-12,16500.0,16700.0,16450.0,16700.0,9102.0
1955,2017-07-12,16750.0,16850.0,16450.0,16450.0,20966.0
1956,2017-07-12,16550.0,16800.0,16550.0,16750.0,6491.0
1957,2017-07-12,16750.0,16850.0,16650.0,16700.0,12534.0
1958,2017-07-12,16750.0,16750.0,16600.0,16600.0,4796.0
1959,2017-07-12,16700.0,16750.0,16600.0,16750.0,5724.0
1960,2017-07-12,16550.0,16600.0,16450.0,16550.0,9841.0
1961,2017-07-13,16900.0,17000.0,16800.0,17000.0,11552.0
1962,2017-07-13,17050.0,17050.0,16850.0,17000.0,4042.0
1963,2017-07-13,16750.0,17050.0,16750.0,16900.0,13353.0
1964,2017-07-13,16900.0,16900.0,16550.0,16750.0,7857.0
1965,2017-07-13,16850.0,17000.0,16800.0,16800.0,12293.0
1966,2017-07-13,16750.0,16950.0,16750.0,16850.0,12221.0
1967,2017-07-13,16850.0,16900.0,16750.0,16850.0,4135.0
1968,2017-07-14,16850.0,17100.0,16800.0,16950.0,9001.0
1969,2017-07-14,16950.0,17200.0,16800.0,16800.0,18910.0
1970,2017-07-14,16800.0,16850.0,16050.0,16100.0,44776.0
1971,2017-07-14,16100.0,16300.0,15900.0,16050.0,43799.0
1972,2017-07-14,16000.0,16200.0,16000.0,16150.0,48431.0
1973,2017-07-14,16200.0,16350.0,16100.0,16300.0,56526.0
1974,2017-07-14,16300.0,16350.0,16250.0,16250.0,16000.0
1975,2017-07-17,15850.0,15900.0,15800.0,15900.0,15995.0
1976,2017-07-17,15950.0,16000.0,15800.0,15800.0,23044.0
1977,2017-07-17,15900.0,16050.0,15900.0,15950.0,14940.0
1978,2017-07-17,16150.0,16200.0,16050.0,16100.0,12370.0
1979,2017-07-17,16100.0,16150.0,15900.0,16000.0,26809.0
1980,2017-07-17,16000.0,16000.0,15900.0,15950.0,16532.0
1981,2017-07-17,16200.0,16250.0,16100.0,16150.0,15425.0
1982,2017-07-18,16250.0,16350.0,16000.0,16000.0,14686.0
1983,2017-07-18,16050.0,16050.0,15900.0,15900.0,8591.0
1984,2017-07-18,15900.0,16000.0,15900.0,15900.0,10235.0
1985,2017-07-18,15950.0,15950.0,15700.0,15750.0,24326.0
1986,2017-07-18,15750.0,15850.0,15700.0,15750.0,26964.0
1987,2017-07-18,15700.0,15800.0,15700.0,15750.0,8199.0
1988,2017-07-18,15900.0,16250.0,15900.0,16250.0,19778.0
1989,2017-07-19,16300.0,16600.0,16300.0,16550.0,33614.0
1990,2017-07-19,16200.0,16350.0,16050.0,16350.0,40876.0
1991,2017-07-19,15850.0,16200.0,15850.0,16200.0,26215.0
1992,2017-07-19,15950.0,15950.0,15800.0,15850.0,5952.0
1993,2017-07-19,15800.0,15950.0,15750.0,15950.0,12582.0
1994,2017-07-19,15950.0,15950.0,15750.0,15850.0,9777.0
1995,2017-07-19,15850.0,15900.0,15800.0,15900.0,4614.0
1996,2017-07-20,16700.0,16700.0,16600.0,16600.0,4249.0
1997,2017-07-20,16650.0,16750.0,16550.0,16700.0,11960.0
1998,2017-07-20,16500.0,16650.0,16450.0,16650.0,10363.0
1999,2017-07-20,16600.0,16600.0,16500.0,16500.0,4547.0
2000,2017-07-20,16550.0,16600.0,16450.0,16550.0,11155.0
2001,2017-07-20,16500.0,16600.0,16350.0,16550.0,7523.0
2002,2017-07-20,16500.0,16600.0,16500.0,16500.0,12023.0
2003,2017-07-21,16550.0,16700.0,16350.0,16400.0,8424.0
2004,2017-07-21,16400.0,16550.0,16150.0,16200.0,28958.0
2005,2017-07-21,16200.0,16300.0,16200.0,16200.0,16224.0
2006,2017-07-21,16250.0,16300.0,16200.0,16200.0,15040.0
2007,2017-07-21,16250.0,16350.0,16150.0,16300.0,28618.0
2008,2017-07-21,16300.0,16300.0,16200.0,16200.0,33256.0
2009,2017-07-21,16250.0,16350.0,16200.0,16350.0,8379.0
2010,2017-07-24,16300.0,16400.0,16300.0,16400.0,3348.0
2011,2017-07-24,16350.0,16400.0,16250.0,16350.0,6496.0
2012,2017-07-24,16350.0,16400.0,16250.0,16350.0,9184.0
2013,2017-07-24,16500.0,16500.0,16350.0,16400.0,3739.0
2014,2017-07-24,16400.0,16550.0,16400.0,16450.0,7272.0
2015,2017-07-24,16400.0,16450.0,16300.0,16400.0,7607.0
2016,2017-07-24,16400.0,16500.0,16350.0,16400.0,8271.0
2017,2017-07-25,16250.0,16400.0,16250.0,16300.0,15804.0
2018,2017-07-25,16300.0,16350.0,16150.0,16200.0,11074.0
2019,2017-07-25,16200.0,16300.0,16100.0,16250.0,9921.0
2020,2017-07-25,16200.0,16300.0,16150.0,16250.0,8983.0
2021,2017-07-25,16250.0,16300.0,16050.0,16100.0,20692.0
2022,2017-07-25,16100.0,16200.0,16050.0,16200.0,5509.0
2023,2017-07-25,16400.0,16500.0,16200.0,16250.0,10079.0
2024,2017-07-26,16200.0,16300.0,16150.0,16250.0,8783.0
2025,2017-07-26,16100.0,16100.0,16000.0,16000.0,4044.0
2026,2017-07-26,16100.0,16300.0,16050.0,16200.0,20185.0
2027,2017-07-26,16100.0,16150.0,16050.0,16150.0,11982.0
2028,2017-07-26,16250.0,16300.0,16100.0,16100.0,8604.0
2029,2017-07-26,16150.0,16150.0,16050.0,16100.0,8094.0
2030,2017-07-26,16050.0,16150.0,16000.0,16100.0,11532.0
2031,2017-07-27,16150.0,16300.0,16150.0,16300.0,7142.0
2032,2017-07-27,16250.0,16300.0,16200.0,16250.0,5382.0
2033,2017-07-27,16300.0,16300.0,16200.0,16300.0,4460.0
2034,2017-07-27,16300.0,16350.0,16200.0,16300.0,8840.0
2035,2017-07-27,16250.0,16350.0,16200.0,16300.0,11350.0
2036,2017-07-27,16300.0,16400.0,16250.0,16300.0,15827.0
2037,2017-07-27,16350.0,16400.0,16300.0,16400.0,8576.0
2038,2017-07-28,16400.0,16400.0,16300.0,16400.0,15869.0
2039,2017-07-28,16400.0,16400.0,16250.0,16400.0,13835.0
2040,2017-07-28,16400.0,16400.0,16300.0,16400.0,18666.0
2041,2017-07-28,16400.0,16400.0,16350.0,16400.0,8443.0
2042,2017-07-28,16350.0,16400.0,16250.0,16350.0,11770.0
2043,2017-07-28,16350.0,16450.0,16150.0,16400.0,21879.0
2044,2017-07-28,16300.0,16400.0,16300.0,16400.0,15698.0
2045,2017-07-31,16400.0,16400.0,15950.0,16100.0,18639.0
2046,2017-07-31,16100.0,16100.0,15950.0,16050.0,7611.0
2047,2017-07-31,16050.0,16050.0,15950.0,16000.0,4108.0
2048,2017-07-31,16000.0,16050.0,15950.0,16000.0,4466.0
2049,2017-07-31,15950.0,16050.0,15850.0,15950.0,17279.0
2050,2017-07-31,15900.0,16050.0,15900.0,16000.0,14808.0
2051,2017-07-31,15950.0,16050.0,15950.0,16000.0,7836.0
2052,2017-08-01,15900.0,16000.0,15900.0,16000.0,14378.0
2053,2017-08-01,15850.0,16000.0,15850.0,15950.0,17782.0
2054,2017-08-01,15900.0,15950.0,15800.0,15950.0,15619.0
2055,2017-08-01,16100.0,16150.0,15900.0,15950.0,4921.0
2056,2017-08-01,15850.0,15950.0,15800.0,15900.0,14601.0
2057,2017-08-01,15950.0,16000.0,15800.0,15900.0,19390.0
2058,2017-08-01,15900.0,15950.0,15850.0,15850.0,11241.0
2059,2017-08-02,15900.0,16000.0,15850.0,15950.0,6963.0
2060,2017-08-02,15950.0,15950.0,15800.0,15800.0,20510.0
2061,2017-08-02,15900.0,15950.0,15900.0,15900.0,5406.0
2062,2017-08-02,15950.0,16050.0,15900.0,15950.0,6900.0
2063,2017-08-02,15950.0,16000.0,15900.0,15950.0,4108.0
2064,2017-08-02,15950.0,16000.0,15850.0,15950.0,10324.0
2065,2017-08-02,15900.0,15950.0,15900.0,15900.0,2325.0
2066,2017-08-03,15800.0,15950.0,15650.0,15750.0,14509.0
2067,2017-08-03,15700.0,15750.0,15600.0,15650.0,9072.0
2068,2017-08-03,15600.0,15750.0,15600.0,15750.0,15618.0
2069,2017-08-03,15750.0,15950.0,15700.0,15850.0,14118.0
2070,2017-08-03,15900.0,16050.0,15850.0,16000.0,14087.0
2071,2017-08-03,16000.0,16000.0,15650.0,15700.0,31738.0
2072,2017-08-03,15650.0,15800.0,15650.0,15800.0,7157.0
2073,2017-08-04,15550.0,15600.0,15500.0,15500.0,5480.0
2074,2017-08-04,15600.0,15650.0,15500.0,15550.0,8936.0
2075,2017-08-04,15500.0,15600.0,15500.0,15600.0,9544.0
2076,2017-08-04,15750.0,16200.0,15650.0,15650.0,12535.0
2077,2017-08-04,15600.0,15650.0,15550.0,15550.0,9535.0
2078,2017-08-04,15650.0,15700.0,15600.0,15650.0,13798.0
2079,2017-08-04,15550.0,15600.0,15500.0,15500.0,9522.0
2080,2017-08-07,15600.0,15750.0,15500.0,15750.0,12569.0
2081,2017-08-07,15750.0,15950.0,15700.0,15750.0,9270.0
2082,2017-08-07,15750.0,15900.0,15700.0,15850.0,3847.0
2083,2017-08-07,15850.0,15950.0,15800.0,15900.0,4580.0
2084,2017-08-07,15900.0,16000.0,15800.0,15950.0,6929.0
2085,2017-08-07,15900.0,16500.0,15850.0,16400.0,60363.0
2086,2017-08-07,16450.0,16500.0,16400.0,16450.0,14094.0
2087,2017-08-08,16350.0,16450.0,16350.0,16450.0,2551.0
2088,2017-08-08,16350.0,16550.0,16300.0,16500.0,14756.0
2089,2017-08-08,16500.0,16550.0,16350.0,16350.0,5165.0
2090,2017-08-08,16300.0,16350.0,16250.0,16300.0,12683.0
2091,2017-08-08,16300.0,16350.0,16250.0,16300.0,5561.0
2092,2017-08-08,16600.0,16650.0,16100.0,16350.0,20142.0
2093,2017-08-08,16250.0,16400.0,16250.0,16350.0,5656.0
2094,2017-08-09,16500.0,16550.0,16450.0,16500.0,6797.0
2095,2017-08-09,16300.0,16400.0,16200.0,16400.0,17247.0
2096,2017-08-09,16400.0,16500.0,16400.0,16450.0,27171.0
2097,2017-08-09,16150.0,16300.0,16150.0,16250.0,5775.0
2098,2017-08-09,16150.0,16250.0,16150.0,16150.0,7747.0
2099,2017-08-09,16250.0,16300.0,16200.0,16300.0,5412.0
2100,2017-08-09,16350.0,16350.0,16100.0,16200.0,15672.0
2101,2017-08-10,16400.0,16500.0,16350.0,16400.0,5522.0
2102,2017-08-10,16500.0,16500.0,16250.0,16300.0,11059.0
2103,2017-08-10,16350.0,16350.0,16300.0,16300.0,3495.0
2104,2017-08-10,16300.0,16350.0,16050.0,16150.0,16481.0
2105,2017-08-10,16150.0,16300.0,16100.0,16250.0,6363.0
2106,2017-08-10,16250.0,16500.0,16150.0,16400.0,13943.0
2107,2017-08-10,16400.0,16500.0,16350.0,16350.0,15822.0
2108,2017-08-11,16100.0,16150.0,16000.0,16100.0,8556.0
2109,2017-08-11,16100.0,16150.0,16050.0,16100.0,4267.0
2110,2017-08-11,16100.0,16150.0,16050.0,16150.0,3273.0
2111,2017-08-11,16100.0,16400.0,16000.0,16150.0,25705.0
2112,2017-08-11,16000.0,16150.0,15950.0,16100.0,6069.0
2113,2017-08-11,16150.0,16200.0,16000.0,16000.0,11252.0
2114,2017-08-11,16100.0,16150.0,16100.0,16100.0,2927.0
2115,2017-08-14,16100.0,16200.0,16050.0,16050.0,11979.0
2116,2017-08-14,16050.0,16150.0,16050.0,16050.0,6912.0
2117,2017-08-14,16050.0,16100.0,16050.0,16100.0,1282.0
2118,2017-08-14,16050.0,16100.0,15850.0,15950.0,9141.0
2119,2017-08-14,15950.0,16000.0,15900.0,16000.0,17117.0
2120,2017-08-14,16000.0,16000.0,15900.0,15950.0,6588.0
2121,2017-08-14,15950.0,16000.0,15850.0,15900.0,9415.0
2122,2017-08-16,15900.0,16050.0,15900.0,16050.0,4286.0
2123,2017-08-16,16000.0,16050.0,15850.0,15950.0,8387.0
2124,2017-08-16,16000.0,16050.0,15900.0,15950.0,6455.0
2125,2017-08-16,16150.0,16400.0,16050.0,16150.0,15390.0
2126,2017-08-16,16050.0,16050.0,16000.0,16000.0,5043.0
2127,2017-08-16,16100.0,16150.0,15950.0,16000.0,10614.0
2128,2017-08-16,16000.0,16050.0,15950.0,15950.0,16904.0
2129,2017-08-17,15950.0,16000.0,15850.0,16000.0,6176.0
2130,2017-08-17,16000.0,16100.0,15900.0,16100.0,7094.0
2131,2017-08-17,15950.0,16000.0,15900.0,15900.0,6284.0
2132,2017-08-17,16100.0,16200.0,15900.0,16200.0,7906.0
2133,2017-08-17,16100.0,16100.0,15850.0,16000.0,11761.0
2134,2017-08-17,16100.0,16200.0,16050.0,16100.0,6140.0
2135,2017-08-17,16000.0,16000.0,15900.0,15900.0,3718.0
2136,2017-08-18,17200.0,17500.0,16550.0,16600.0,355141.0
2137,2017-08-18,16600.0,16700.0,16450.0,16550.0,60618.0
2138,2017-08-18,16550.0,16600.0,16500.0,16550.0,43150.0
2139,2017-08-18,16550.0,16600.0,16450.0,16500.0,34426.0
2140,2017-08-18,16500.0,16550.0,16400.0,16450.0,27854.0
2141,2017-08-18,16500.0,16500.0,16300.0,16300.0,49992.0
2142,2017-08-18,16300.0,16450.0,16250.0,16350.0,48117.0
2143,2017-08-21,15950.0,16000.0,15900.0,15950.0,5235.0
2144,2017-08-21,15950.0,16000.0,15850.0,15900.0,7209.0
2145,2017-08-21,16000.0,16000.0,15900.0,15950.0,3746.0
2146,2017-08-21,16500.0,16500.0,15800.0,16050.0,64616.0
2147,2017-08-21,16000.0,16000.0,15800.0,15900.0,26158.0
2148,2017-08-21,16100.0,16100.0,15950.0,15950.0,12795.0
2149,2017-08-21,15850.0,16050.0,15850.0,16000.0,7753.0
2150,2017-08-22,15900.0,16150.0,15750.0,15800.0,21573.0
2151,2017-08-22,15800.0,15900.0,15750.0,15850.0,14695.0
2152,2017-08-22,15800.0,15950.0,15800.0,15950.0,9974.0
2153,2017-08-22,15900.0,16050.0,15850.0,15850.0,8063.0
2154,2017-08-22,15850.0,15900.0,15750.0,15750.0,8639.0
2155,2017-08-22,15750.0,16150.0,15750.0,16150.0,48664.0
2156,2017-08-22,16150.0,16150.0,15950.0,16000.0,11768.0
2157,2017-08-23,15850.0,15900.0,15800.0,15800.0,15596.0
2158,2017-08-23,15900.0,15950.0,15850.0,15900.0,3577.0
2159,2017-08-23,15900.0,16000.0,15850.0,15900.0,11282.0
2160,2017-08-23,16100.0,16100.0,15900.0,15950.0,11079.0
2161,2017-08-23,16100.0,16150.0,16050.0,16150.0,5268.0
2162,2017-08-23,16000.0,16200.0,15950.0,16100.0,18141.0
2163,2017-08-23,16100.0,16150.0,16000.0,16100.0,8827.0
2164,2017-08-24,15950.0,15950.0,15750.0,15800.0,24658.0
2165,2017-08-24,15850.0,15850.0,15700.0,15800.0,16921.0
2166,2017-08-24,15800.0,15850.0,15700.0,15800.0,8535.0
2167,2017-08-24,15750.0,15800.0,15700.0,15750.0,7736.0
2168,2017-08-24,15750.0,15750.0,15700.0,15750.0,12530.0
2169,2017-08-24,15750.0,15950.0,15700.0,15750.0,25452.0
2170,2017-08-24,15750.0,15800.0,15700.0,15750.0,13254.0
2171,2017-08-25,15900.0,15900.0,15700.0,15750.0,28127.0
2172,2017-08-25,15850.0,15950.0,15800.0,15950.0,8558.0
2173,2017-08-25,15950.0,15950.0,15850.0,15850.0,12356.0
2174,2017-08-25,15850.0,15950.0,15800.0,15900.0,6327.0
2175,2017-08-25,15850.0,15900.0,15700.0,15850.0,11800.0
2176,2017-08-25,15900.0,15900.0,15850.0,15900.0,3183.0
2177,2017-08-25,15850.0,15850.0,15750.0,15850.0,7097.0
2178,2017-08-28,15800.0,15950.0,15750.0,15800.0,8782.0
2179,2017-08-28,15850.0,15950.0,15800.0,15950.0,11869.0
2180,2017-08-28,15950.0,16150.0,15900.0,16100.0,17870.0
2181,2017-08-28,16150.0,16150.0,16050.0,16100.0,10762.0
2182,2017-08-28,16100.0,16100.0,16050.0,16100.0,10372.0
2183,2017-08-28,16100.0,16150.0,16050.0,16100.0,9073.0
2184,2017-08-28,16050.0,16150.0,16050.0,16100.0,6240.0
2185,2017-08-29,16050.0,16100.0,15950.0,16000.0,9722.0
2186,2017-08-29,15900.0,16050.0,15900.0,16050.0,8448.0
2187,2017-08-29,15900.0,16000.0,15850.0,15900.0,11288.0
2188,2017-08-29,16050.0,16050.0,15850.0,15900.0,6716.0
2189,2017-08-29,15850.0,15950.0,15800.0,15900.0,10595.0
2190,2017-08-29,16100.0,16150.0,15900.0,16050.0,9672.0
2191,2017-08-29,15900.0,16000.0,15850.0,15950.0,4838.0
2192,2017-08-30,16350.0,16600.0,16300.0,16400.0,60189.0
2193,2017-08-30,16450.0,16450.0,16300.0,16300.0,8763.0
2194,2017-08-30,16300.0,16400.0,16150.0,16350.0,25294.0
2195,2017-08-30,16200.0,16250.0,16150.0,16200.0,6932.0
2196,2017-08-30,16200.0,16200.0,16100.0,16200.0,10255.0
2197,2017-08-30,16050.0,16250.0,15950.0,16250.0,19654.0
2198,2017-08-30,16200.0,16350.0,16150.0,16300.0,25546.0
2199,2017-08-31,16300.0,16500.0,16250.0,16400.0,19610.0
2200,2017-08-31,16400.0,16500.0,16350.0,16450.0,27648.0
2201,2017-08-31,16450.0,16500.0,16400.0,16500.0,10459.0
2202,2017-08-31,16500.0,16550.0,16450.0,16550.0,11641.0
2203,2017-08-31,16550.0,16550.0,16450.0,16550.0,18412.0
2204,2017-08-31,16550.0,16650.0,16400.0,16500.0,32813.0
2205,2017-08-31,16500.0,16650.0,16500.0,16500.0,17200.0
2206,2017-09-01,17550.0,17800.0,17300.0,17750.0,61596.0
2207,2017-09-01,17250.0,17600.0,17200.0,17600.0,56181.0
2208,2017-09-01,17650.0,17650.0,17200.0,17250.0,62221.0
2209,2017-09-01,16450.0,17050.0,16400.0,17050.0,71252.0
2210,2017-09-01,17400.0,17700.0,17300.0,17400.0,69449.0
2211,2017-09-01,17000.0,17500.0,16900.0,17400.0,242454.0
2212,2017-09-01,17400.0,17650.0,17350.0,17650.0,47358.0
2213,2017-09-04,17300.0,17750.0,17250.0,17650.0,102278.0
2214,2017-09-04,17600.0,17650.0,17350.0,17450.0,35744.0
2215,2017-09-04,17450.0,17550.0,17350.0,17550.0,27379.0
2216,2017-09-04,17550.0,17550.0,17200.0,17350.0,39219.0
2217,2017-09-04,17400.0,17400.0,17250.0,17250.0,22913.0
2218,2017-09-04,17300.0,17400.0,17150.0,17200.0,66955.0
2219,2017-09-04,17250.0,17250.0,16950.0,17050.0,60149.0
2220,2017-09-05,17150.0,17200.0,17100.0,17150.0,10735.0
2221,2017-09-05,17200.0,17250.0,17050.0,17150.0,9323.0
2222,2017-09-05,17600.0,17650.0,17550.0,17650.0,28562.0
2223,2017-09-05,16950.0,17150.0,16800.0,17150.0,45624.0
2224,2017-09-05,17150.0,17250.0,17050.0,17250.0,17836.0
2225,2017-09-05,17150.0,17600.0,17100.0,17600.0,61821.0
2226,2017-09-05,17200.0,17300.0,16950.0,16950.0,44461.0
2227,2017-09-06,17750.0,18250.0,17650.0,17750.0,102639.0
2228,2017-09-06,17800.0,18000.0,17750.0,17900.0,42366.0
2229,2017-09-06,17850.0,18250.0,17850.0,18250.0,61714.0
2230,2017-09-06,18250.0,18250.0,18000.0,18100.0,27975.0
2231,2017-09-06,18100.0,18150.0,17800.0,18000.0,48381.0
2232,2017-09-06,17850.0,17900.0,17750.0,17750.0,17458.0
2233,2017-09-06,17900.0,18050.0,17800.0,17850.0,39126.0
2234,2017-09-07,18350.0,18450.0,18200.0,18200.0,32428.0
2235,2017-09-07,17850.0,18200.0,17850.0,18100.0,56071.0
2236,2017-09-07,18100.0,18250.0,18000.0,18150.0,52952.0
2237,2017-09-07,18150.0,18500.0,18100.0,18450.0,103408.0
2238,2017-09-07,18450.0,18500.0,18250.0,18350.0,38055.0
2239,2017-09-07,18350.0,18400.0,18200.0,18300.0,24909.0
2240,2017-09-07,18300.0,18450.0,18050.0,18350.0,53319.0
2241,2017-09-08,18150.0,18200.0,18000.0,18000.0,10580.0
2242,2017-09-08,18050.0,18150.0,18000.0,18100.0,16948.0
2243,2017-09-08,18100.0,18200.0,18050.0,18100.0,23418.0
2244,2017-09-08,18100.0,18200.0,18000.0,18050.0,17830.0
2245,2017-09-08,17950.0,18200.0,17950.0,18150.0,24059.0
2246,2017-09-08,18050.0,18100.0,18000.0,18050.0,11412.0
2247,2017-09-08,18250.0,18350.0,17950.0,17950.0,39948.0
2248,2017-09-11,18050.0,18150.0,17700.0,17700.0,51434.0
2249,2017-09-11,17750.0,17950.0,17650.0,17850.0,31694.0
2250,2017-09-11,17800.0,17950.0,17800.0,17850.0,16493.0
2251,2017-09-11,17900.0,17900.0,17650.0,17750.0,25720.0
2252,2017-09-11,17750.0,17800.0,17450.0,17450.0,59766.0
2253,2017-09-11,17450.0,17650.0,17350.0,17500.0,46792.0
2254,2017-09-11,17500.0,17550.0,17400.0,17500.0,25291.0
2255,2017-09-12,18050.0,18300.0,18000.0,18300.0,43381.0
2256,2017-09-12,18050.0,18100.0,17950.0,18000.0,51430.0
2257,2017-09-12,17950.0,18100.0,17950.0,18050.0,44486.0
2258,2017-09-12,18000.0,18000.0,17850.0,17850.0,7726.0
2259,2017-09-12,17850.0,18000.0,17800.0,17900.0,8680.0
2260,2017-09-12,17650.0,18150.0,17550.0,18000.0,51001.0
2261,2017-09-12,17900.0,17950.0,17800.0,17950.0,5670.0
2262,2017-09-13,18800.0,18950.0,18650.0,18700.0,56476.0
2263,2017-09-13,18750.0,18850.0,18650.0,18650.0,14017.0
2264,2017-09-13,18800.0,18950.0,18750.0,18850.0,42785.0
2265,2017-09-13,18350.0,18950.0,18300.0,18950.0,118437.0
2266,2017-09-13,18950.0,19150.0,18800.0,18900.0,136000.0
2267,2017-09-13,18950.0,18950.0,18750.0,18800.0,31347.0
2268,2017-09-13,18450.0,18450.0,17950.0,18350.0,40183.0
2269,2017-09-14,18800.0,19150.0,18750.0,18900.0,59437.0
2270,2017-09-14,18850.0,18900.0,18600.0,18650.0,31110.0
2271,2017-09-14,18650.0,18750.0,18550.0,18700.0,15023.0
2272,2017-09-14,18750.0,18750.0,18600.0,18700.0,11160.0
2273,2017-09-14,18650.0,18850.0,18600.0,18800.0,18649.0
2274,2017-09-14,18800.0,18900.0,18700.0,18800.0,28216.0
2275,2017-09-14,18800.0,18850.0,18650.0,18700.0,10989.0
2276,2017-09-15,18650.0,18750.0,18400.0,18400.0,26305.0
2277,2017-09-15,18350.0,18700.0,18300.0,18700.0,18106.0
2278,2017-09-15,18450.0,18600.0,18250.0,18350.0,30770.0
2279,2017-09-15,18550.0,18800.0,18450.0,18600.0,16962.0
2280,2017-09-15,18300.0,18650.0,18250.0,18500.0,32789.0
2281,2017-09-15,18700.0,18800.0,18250.0,18300.0,62548.0
2282,2017-09-15,18550.0,18600.0,18350.0,18550.0,20863.0
2283,2017-09-18,19000.0,19050.0,18500.0,18750.0,50735.0
2284,2017-09-18,18750.0,18850.0,18600.0,18600.0,28760.0
2285,2017-09-18,18600.0,18650.0,18500.0,18550.0,20658.0
2286,2017-09-18,18550.0,18650.0,18450.0,18650.0,15461.0
2287,2017-09-18,18650.0,18650.0,18450.0,18550.0,15291.0
2288,2017-09-18,18550.0,18800.0,18500.0,18750.0,23752.0
2289,2017-09-18,18750.0,18800.0,18650.0,18750.0,12522.0
2290,2017-09-19,18350.0,18350.0,18200.0,18200.0,6776.0
2291,2017-09-19,18250.0,18500.0,18150.0,18300.0,25523.0
2292,2017-09-19,18300.0,18400.0,18200.0,18300.0,19761.0
2293,2017-09-19,18600.0,18700.0,18200.0,18300.0,31679.0
2294,2017-09-19,18200.0,18250.0,18050.0,18150.0,39051.0
2295,2017-09-19,18300.0,18400.0,18200.0,18250.0,32312.0
2296,2017-09-19,18100.0,18300.0,18050.0,18300.0,18615.0
2297,2017-09-20,18350.0,18400.0,18150.0,18250.0,33844.0
2298,2017-09-20,18250.0,18250.0,17950.0,18200.0,17821.0
2299,2017-09-20,18250.0,18500.0,18250.0,18400.0,34623.0
2300,2017-09-20,18300.0,18450.0,17800.0,17800.0,64531.0
2301,2017-09-20,18000.0,18200.0,17900.0,18150.0,29440.0
2302,2017-09-20,17850.0,18100.0,17650.0,18000.0,62959.0
2303,2017-09-20,18200.0,18300.0,18100.0,18250.0,18360.0
2304,2017-09-21,18200.0,18400.0,17950.0,18050.0,24200.0
2305,2017-09-21,18050.0,18150.0,17750.0,17850.0,32160.0
2306,2017-09-21,17850.0,18050.0,17800.0,17850.0,17219.0
2307,2017-09-21,17800.0,17950.0,17750.0,17800.0,13543.0
2308,2017-09-21,17800.0,17900.0,17750.0,17750.0,17113.0
2309,2017-09-21,17800.0,18000.0,17750.0,17750.0,17752.0
2310,2017-09-21,17750.0,17800.0,17700.0,17700.0,20881.0
2311,2017-09-22,17300.0,17400.0,17150.0,17250.0,28554.0
2312,2017-09-22,17300.0,17550.0,17200.0,17550.0,15306.0
2313,2017-09-22,17400.0,17450.0,17250.0,17300.0,24302.0
2314,2017-09-22,17650.0,17700.0,17350.0,17450.0,21655.0
2315,2017-09-22,17450.0,17600.0,17300.0,17350.0,22090.0
2316,2017-09-22,17550.0,17950.0,17450.0,17650.0,31148.0
2317,2017-09-22,17350.0,17450.0,17300.0,17400.0,19132.0
2318,2017-09-25,17400.0,17650.0,17150.0,17200.0,17182.0
2319,2017-09-25,17200.0,17200.0,16850.0,16900.0,41075.0
2320,2017-09-25,16900.0,17050.0,16800.0,17000.0,19678.0
2321,2017-09-25,16950.0,17000.0,16900.0,17000.0,12834.0
2322,2017-09-25,17000.0,17000.0,16900.0,16950.0,9250.0
2323,2017-09-25,16950.0,17500.0,16900.0,17400.0,46262.0
2324,2017-09-25,17400.0,17400.0,17250.0,17250.0,7270.0
2325,2017-09-26,17150.0,17150.0,17000.0,17000.0,10262.0
2326,2017-09-26,16900.0,17150.0,16850.0,17150.0,25199.0
2327,2017-09-26,16900.0,17000.0,16850.0,16850.0,17449.0
2328,2017-09-26,17050.0,17300.0,16700.0,16900.0,46225.0
2329,2017-09-26,16900.0,17150.0,16800.0,16800.0,29800.0
2330,2017-09-26,16900.0,17300.0,16750.0,16900.0,44802.0
2331,2017-09-26,16800.0,16900.0,16800.0,16900.0,14401.0
2332,2017-09-27,16800.0,16900.0,16750.0,16800.0,24565.0
2333,2017-09-27,16800.0,17000.0,16800.0,16950.0,22488.0
2334,2017-09-27,16700.0,16950.0,16650.0,16800.0,32135.0
2335,2017-09-27,17000.0,17200.0,16900.0,17050.0,18989.0
2336,2017-09-27,17000.0,17050.0,16750.0,16800.0,31885.0
2337,2017-09-27,17000.0,17150.0,16900.0,17000.0,20399.0
2338,2017-09-27,16800.0,17000.0,16600.0,16750.0,51535.0
2339,2017-09-28,16950.0,17200.0,16900.0,17100.0,28176.0
2340,2017-09-28,17100.0,17250.0,17100.0,17100.0,18489.0
2341,2017-09-28,17100.0,17250.0,17000.0,17150.0,19183.0
2342,2017-09-28,17150.0,17400.0,17150.0,17350.0,17181.0
2343,2017-09-28,17350.0,17550.0,17300.0,17450.0,29552.0
2344,2017-09-28,17400.0,17500.0,17350.0,17400.0,14656.0
2345,2017-09-28,17350.0,17400.0,17200.0,17300.0,5787.0
2346,2017-09-29,17500.0,17500.0,17300.0,17400.0,25377.0
2347,2017-09-29,17400.0,17550.0,17300.0,17450.0,30092.0
2348,2017-09-29,17350.0,17500.0,17300.0,17400.0,11348.0
2349,2017-09-29,17400.0,17450.0,17250.0,17300.0,35746.0
2350,2017-09-29,17250.0,17350.0,17250.0,17350.0,3439.0
2351,2017-09-29,17250.0,17450.0,17250.0,17300.0,8949.0
2352,2017-09-29,17350.0,17450.0,17300.0,17350.0,4923.0
2353,2017-10-10,17600.0,17600.0,16950.0,16950.0,44520.0
2354,2017-10-10,16950.0,17050.0,16900.0,16950.0,26044.0
2355,2017-10-10,16900.0,17050.0,16850.0,16950.0,22290.0
2356,2017-10-10,16950.0,17000.0,16850.0,16950.0,9205.0
2357,2017-10-10,16900.0,16950.0,16850.0,16900.0,13143.0
2358,2017-10-10,16850.0,16900.0,16700.0,16750.0,31669.0
2359,2017-10-10,16750.0,16950.0,16750.0,16900.0,9974.0
2360,2017-10-11,17250.0,17550.0,17200.0,17550.0,17985.0
2361,2017-10-11,17300.0,17500.0,17250.0,17450.0,25118.0
2362,2017-10-11,17400.0,17500.0,17250.0,17250.0,30460.0
2363,2017-10-11,17450.0,17450.0,17200.0,17200.0,27497.0
2364,2017-10-11,17400.0,17450.0,17250.0,17450.0,20542.0
2365,2017-10-11,16900.0,17450.0,16900.0,17400.0,38050.0
2366,2017-10-11,17250.0,17400.0,17100.0,17300.0,18538.0
2367,2017-10-12,17100.0,17200.0,17050.0,17200.0,7274.0
2368,2017-10-12,17250.0,17350.0,17100.0,17250.0,12450.0
2369,2017-10-12,17250.0,17250.0,17000.0,17150.0,39119.0
2370,2017-10-12,17350.0,17400.0,17250.0,17250.0,4816.0
2371,2017-10-12,17350.0,17450.0,17250.0,17350.0,9706.0
2372,2017-10-12,17250.0,17300.0,17150.0,17250.0,10250.0
2373,2017-10-12,17400.0,17550.0,17150.0,17300.0,20679.0
2374,2017-10-13,16750.0,16950.0,16700.0,16900.0,6979.0
2375,2017-10-13,17200.0,17450.0,16900.0,16950.0,18736.0
2376,2017-10-13,16950.0,17100.0,16650.0,16750.0,31456.0
2377,2017-10-13,16700.0,17000.0,16700.0,16950.0,7929.0
2378,2017-10-13,16900.0,16950.0,16750.0,16850.0,10346.0
2379,2017-10-13,16850.0,16900.0,16750.0,16800.0,14780.0
2380,2017-10-13,16850.0,16950.0,16700.0,16800.0,21952.0
2381,2017-10-16,16600.0,16950.0,16450.0,16900.0,23859.0
2382,2017-10-16,16900.0,17000.0,16850.0,16900.0,15511.0
2383,2017-10-16,16700.0,16700.0,16450.0,16600.0,14838.0
2384,2017-10-16,16900.0,17000.0,16550.0,16600.0,29648.0
2385,2017-10-16,16700.0,16750.0,16500.0,16650.0,18089.0
2386,2017-10-16,16650.0,16800.0,16300.0,16700.0,78215.0
2387,2017-10-16,16650.0,16700.0,16500.0,16650.0,8514.0
2388,2017-10-17,17150.0,17150.0,16800.0,16850.0,20164.0
2389,2017-10-17,16850.0,17100.0,16850.0,17100.0,12971.0
2390,2017-10-17,17050.0,17150.0,17000.0,17050.0,14025.0
2391,2017-10-17,17050.0,17150.0,16950.0,17050.0,14774.0
2392,2017-10-17,17050.0,17050.0,16800.0,16900.0,23869.0
2393,2017-10-17,16900.0,17000.0,16750.0,16850.0,24428.0
2394,2017-10-17,16900.0,16900.0,16800.0,16800.0,11359.0
2395,2017-10-18,18100.0,18200.0,18000.0,18100.0,36036.0
2396,2017-10-18,17900.0,18300.0,17850.0,18150.0,121469.0
2397,2017-10-18,17750.0,17950.0,17700.0,17900.0,38443.0
2398,2017-10-18,16750.0,17350.0,16750.0,17150.0,38607.0
2399,2017-10-18,17300.0,17950.0,17250.0,17900.0,108442.0
2400,2017-10-18,17200.0,17300.0,17100.0,17300.0,18469.0
2401,2017-10-18,17850.0,18000.0,17700.0,17800.0,42638.0
2402,2017-10-19,18350.0,18350.0,18150.0,18250.0,24939.0
2403,2017-10-19,18250.0,18300.0,18200.0,18300.0,17704.0
2404,2017-10-19,18250.0,18350.0,18200.0,18300.0,22947.0
2405,2017-10-19,18000.0,18200.0,17800.0,17950.0,61322.0
2406,2017-10-19,18350.0,18350.0,18050.0,18200.0,43363.0
2407,2017-10-19,17950.0,18450.0,17900.0,18350.0,63116.0
2408,2017-10-19,18200.0,18300.0,18100.0,18300.0,11494.0
2409,2017-10-20,18300.0,18300.0,17700.0,17850.0,99665.0
2410,2017-10-20,17850.0,17900.0,16700.0,17250.0,214114.0
2411,2017-10-20,17250.0,17300.0,16900.0,17000.0,139562.0
2412,2017-10-20,17000.0,17050.0,16750.0,17050.0,126475.0
2413,2017-10-20,17000.0,17100.0,16850.0,17050.0,93121.0
2414,2017-10-20,17050.0,17100.0,16650.0,16700.0,126637.0
2415,2017-10-20,16700.0,16800.0,16500.0,16500.0,172706.0
2416,2017-10-23,15700.0,15700.0,15500.0,15550.0,127013.0
2417,2017-10-23,15550.0,15650.0,15500.0,15550.0,58020.0
2418,2017-10-23,15550.0,15750.0,15500.0,15700.0,106183.0
2419,2017-10-23,16250.0,16350.0,15750.0,16050.0,321394.0
2420,2017-10-23,15850.0,15950.0,15350.0,15500.0,222563.0
2421,2017-10-23,16000.0,16100.0,15800.0,15850.0,158838.0
2422,2017-10-23,15500.0,15650.0,15450.0,15600.0,67305.0
2423,2017-10-24,15650.0,16100.0,15650.0,16000.0,164919.0
2424,2017-10-24,16000.0,16150.0,15950.0,16150.0,59280.0
2425,2017-10-24,16150.0,16300.0,16050.0,16200.0,87660.0
2426,2017-10-24,16200.0,16450.0,16200.0,16400.0,88743.0
2427,2017-10-24,16350.0,16450.0,16250.0,16350.0,57604.0
2428,2017-10-24,16350.0,16400.0,16000.0,16100.0,122875.0
2429,2017-10-24,16150.0,16300.0,16050.0,16250.0,35145.0
2430,2017-10-25,16450.0,16500.0,16300.0,16300.0,15864.0
2431,2017-10-25,16500.0,16550.0,16400.0,16450.0,36898.0
2432,2017-10-25,16300.0,16550.0,16200.0,16500.0,70297.0
2433,2017-10-25,16400.0,16400.0,16250.0,16300.0,35386.0
2434,2017-10-25,16300.0,16450.0,16250.0,16350.0,42987.0
2435,2017-10-25,16200.0,16450.0,16050.0,16300.0,94804.0
2436,2017-10-25,16350.0,16400.0,16250.0,16350.0,33086.0
2437,2017-10-26,16300.0,16500.0,16150.0,16250.0,27843.0
2438,2017-10-26,16200.0,16300.0,16100.0,16200.0,23970.0
2439,2017-10-26,16200.0,16300.0,16000.0,16000.0,32172.0
2440,2017-10-26,16000.0,16100.0,15800.0,15900.0,70816.0
2441,2017-10-26,15850.0,15950.0,15700.0,15800.0,82321.0
2442,2017-10-26,15800.0,15850.0,15600.0,15650.0,81916.0
2443,2017-10-26,15650.0,15850.0,15650.0,15750.0,14768.0
2444,2017-10-27,16050.0,16050.0,15950.0,16050.0,6010.0
2445,2017-10-27,16000.0,16000.0,15900.0,16000.0,18277.0
2446,2017-10-27,15950.0,16050.0,15950.0,16000.0,15488.0
2447,2017-10-27,15950.0,16050.0,15900.0,16000.0,11456.0
2448,2017-10-27,15800.0,16050.0,15750.0,15850.0,40587.0
2449,2017-10-27,15900.0,16000.0,15900.0,15950.0,14160.0
2450,2017-10-27,15950.0,16050.0,15900.0,15950.0,11579.0
2451,2017-10-30,16100.0,16100.0,15800.0,15950.0,34263.0
2452,2017-10-30,15950.0,16000.0,15800.0,15900.0,34087.0
2453,2017-10-30,15900.0,16000.0,15850.0,15900.0,16692.0
2454,2017-10-30,15950.0,16000.0,15800.0,15850.0,14375.0
2455,2017-10-30,15900.0,15900.0,15750.0,15750.0,32376.0
2456,2017-10-30,15750.0,15850.0,15750.0,15850.0,22531.0
2457,2017-10-30,15850.0,15900.0,15750.0,15850.0,10028.0
2458,2017-10-31,15900.0,15900.0,15750.0,15850.0,12680.0
2459,2017-10-31,15800.0,15950.0,15750.0,15900.0,14989.0
2460,2017-10-31,15850.0,15850.0,15750.0,15800.0,9601.0
2461,2017-10-31,15850.0,15900.0,15700.0,15750.0,16578.0
2462,2017-10-31,15950.0,16000.0,15850.0,15900.0,19677.0
2463,2017-10-31,15750.0,15950.0,15700.0,15950.0,17565.0
2464,2017-10-31,15900.0,15900.0,15800.0,15800.0,21238.0
2465,2017-11-01,16000.0,16100.0,15950.0,15950.0,25343.0
2466,2017-11-01,15950.0,16100.0,15900.0,16100.0,15780.0
2467,2017-11-01,16150.0,16150.0,16000.0,16050.0,11119.0
2468,2017-11-01,15850.0,16100.0,15800.0,16100.0,27512.0
2469,2017-11-01,16100.0,16200.0,16100.0,16150.0,12503.0
2470,2017-11-01,16100.0,16200.0,15950.0,16100.0,34290.0
2471,2017-11-01,16150.0,16150.0,16100.0,16150.0,8175.0
2472,2017-11-02,15950.0,16150.0,15900.0,16000.0,17917.0
2473,2017-11-02,16000.0,16050.0,15950.0,16000.0,7505.0
2474,2017-11-02,16000.0,16150.0,15900.0,15950.0,18739.0
2475,2017-11-02,16000.0,16100.0,15950.0,16050.0,4244.0
2476,2017-11-02,16050.0,16100.0,15950.0,16050.0,7842.0
2477,2017-11-02,16050.0,16150.0,16000.0,16100.0,11137.0
2478,2017-11-02,16100.0,16100.0,16000.0,16050.0,6028.0
2479,2017-11-03,15850.0,15900.0,15750.0,15800.0,20199.0
2480,2017-11-03,15800.0,15950.0,15750.0,15950.0,12568.0
2481,2017-11-03,15750.0,15900.0,15750.0,15800.0,17085.0
2482,2017-11-03,15900.0,15900.0,15750.0,15800.0,18924.0
2483,2017-11-03,15850.0,15900.0,15850.0,15850.0,11514.0
2484,2017-11-03,16000.0,16000.0,15750.0,15900.0,20844.0
2485,2017-11-03,16000.0,16150.0,15900.0,16000.0,15040.0
2486,2017-11-06,15950.0,16100.0,15750.0,16050.0,29798.0
2487,2017-11-06,16050.0,16050.0,15900.0,15950.0,33229.0
2488,2017-11-06,16000.0,16150.0,15950.0,16100.0,23211.0
2489,2017-11-06,16150.0,16150.0,16000.0,16050.0,23718.0
2490,2017-11-06,16000.0,16100.0,15950.0,15950.0,17696.0
2491,2017-11-06,16000.0,16100.0,15950.0,16100.0,21477.0
2492,2017-11-06,16100.0,16100.0,16000.0,16050.0,9491.0
2493,2017-11-07,16200.0,16250.0,16150.0,16150.0,14142.0
2494,2017-11-07,16350.0,16350.0,16150.0,16150.0,39614.0
2495,2017-11-07,16350.0,16350.0,16150.0,16350.0,24295.0
2496,2017-11-07,16200.0,16250.0,16050.0,16200.0,39342.0
2497,2017-11-07,16350.0,16450.0,16300.0,16350.0,32172.0
2498,2017-11-07,16200.0,16350.0,16150.0,16350.0,31336.0
2499,2017-11-07,16350.0,16350.0,16300.0,16300.0,12390.0
2500,2017-11-08,16150.0,16200.0,16000.0,16100.0,25494.0
2501,2017-11-08,16100.0,16100.0,15950.0,16000.0,15120.0
2502,2017-11-08,16000.0,16200.0,15950.0,16100.0,24809.0
2503,2017-11-08,16150.0,16250.0,15950.0,16150.0,35864.0
2504,2017-11-08,16050.0,16100.0,16000.0,16000.0,16431.0
2505,2017-11-08,16100.0,16150.0,16000.0,16100.0,22860.0
2506,2017-11-08,16000.0,16050.0,15950.0,16000.0,9164.0
2507,2017-11-09,16150.0,16300.0,16000.0,16150.0,35463.0
2508,2017-11-09,16100.0,16200.0,16100.0,16150.0,15968.0
2509,2017-11-09,16150.0,16200.0,16150.0,16150.0,9705.0
2510,2017-11-09,16150.0,16150.0,16050.0,16050.0,11786.0
2511,2017-11-09,16050.0,16200.0,16050.0,16100.0,9254.0
2512,2017-11-09,16100.0,16150.0,16050.0,16050.0,12473.0
2513,2017-11-09,16050.0,16200.0,16000.0,16200.0,13223.0
2514,2017-11-10,16050.0,16150.0,16000.0,16050.0,40209.0
2515,2017-11-10,16050.0,16150.0,16000.0,16150.0,17968.0
2516,2017-11-10,16100.0,16150.0,16050.0,16100.0,15746.0
2517,2017-11-10,16150.0,16150.0,16050.0,16100.0,8936.0
2518,2017-11-10,16150.0,16200.0,16100.0,16100.0,9338.0
2519,2017-11-10,16100.0,16200.0,16000.0,16200.0,17036.0
2520,2017-11-10,16200.0,16200.0,16050.0,16100.0,10256.0
2521,2017-11-13,16100.0,16100.0,15850.0,15900.0,36819.0
2522,2017-11-13,15950.0,15950.0,15750.0,15850.0,37682.0
2523,2017-11-13,15850.0,16000.0,15800.0,15850.0,26871.0
2524,2017-11-13,15900.0,15950.0,15850.0,15850.0,18687.0
2525,2017-11-13,15900.0,16000.0,15800.0,15950.0,31515.0
2526,2017-11-13,15950.0,16150.0,15900.0,16100.0,55594.0
2527,2017-11-13,16100.0,16200.0,16050.0,16150.0,25827.0
2528,2017-11-14,16650.0,16700.0,16500.0,16700.0,17297.0
2529,2017-11-14,16650.0,16700.0,16600.0,16650.0,28087.0
2530,2017-11-14,16700.0,16700.0,16600.0,16650.0,25468.0
2531,2017-11-14,16150.0,16650.0,16050.0,16600.0,144844.0
2532,2017-11-14,16600.0,16850.0,16550.0,16750.0,68906.0
2533,2017-11-14,16600.0,16700.0,16500.0,16600.0,62495.0
2534,2017-11-14,16800.0,16850.0,16700.0,16700.0,35550.0
2535,2017-11-15,17000.0,17050.0,16750.0,16950.0,79152.0
2536,2017-11-15,16950.0,16950.0,16800.0,16900.0,23210.0
2537,2017-11-15,16850.0,17050.0,16750.0,17000.0,63580.0
2538,2017-11-15,16750.0,16900.0,16500.0,16650.0,47647.0
2539,2017-11-15,16800.0,16900.0,16700.0,16850.0,51819.0
2540,2017-11-15,16650.0,16800.0,16500.0,16750.0,28371.0
2541,2017-11-15,16900.0,16950.0,16800.0,16800.0,53436.0
2542,2017-11-16,16950.0,17000.0,16450.0,16500.0,53431.0
2543,2017-11-16,16500.0,16850.0,16500.0,16750.0,22902.0
2544,2017-11-16,16750.0,16750.0,16550.0,16650.0,11268.0
2545,2017-11-16,16700.0,16700.0,16500.0,16700.0,24525.0
2546,2017-11-16,16700.0,16750.0,16550.0,16650.0,13213.0
2547,2017-11-16,16600.0,16750.0,16550.0,16700.0,19386.0
2548,2017-11-16,16700.0,16750.0,16650.0,16750.0,5826.0
2549,2017-11-17,16550.0,16600.0,16500.0,16500.0,4356.0
2550,2017-11-17,16600.0,16600.0,16450.0,16500.0,10917.0
2551,2017-11-17,16600.0,16650.0,16550.0,16550.0,6819.0
2552,2017-11-17,16600.0,16700.0,16450.0,16550.0,34097.0
2553,2017-11-17,16650.0,16700.0,16500.0,16500.0,14154.0
2554,2017-11-17,16550.0,16700.0,16500.0,16650.0,16083.0
2555,2017-11-17,16550.0,16600.0,16500.0,16550.0,4494.0
2556,2017-11-20,16500.0,16800.0,16500.0,16700.0,24026.0
2557,2017-11-20,16750.0,16850.0,16700.0,16800.0,22961.0
2558,2017-11-20,16850.0,17100.0,16750.0,17050.0,36976.0
2559,2017-11-20,17050.0,17150.0,17000.0,17050.0,40706.0
2560,2017-11-20,17000.0,17100.0,17000.0,17050.0,27432.0
2561,2017-11-20,17050.0,17100.0,17000.0,17100.0,23720.0
2562,2017-11-20,17100.0,17100.0,16900.0,16950.0,18033.0
2563,2017-11-21,17250.0,17300.0,17100.0,17100.0,13299.0
2564,2017-11-21,17200.0,17200.0,17050.0,17050.0,22139.0
2565,2017-11-21,17050.0,17300.0,17050.0,17250.0,30674.0
2566,2017-11-21,17100.0,17300.0,17000.0,17200.0,58921.0
2567,2017-11-21,17050.0,17100.0,16900.0,17100.0,25213.0
2568,2017-11-21,17300.0,17350.0,16950.0,17050.0,96652.0
2569,2017-11-21,17200.0,17250.0,17050.0,17200.0,14106.0
2570,2017-11-22,17350.0,17350.0,17150.0,17300.0,18949.0
2571,2017-11-22,17200.0,17300.0,17150.0,17300.0,18112.0
2572,2017-11-22,17300.0,17450.0,17150.0,17350.0,45161.0
2573,2017-11-22,17000.0,17100.0,16900.0,17100.0,14722.0
2574,2017-11-22,17200.0,17200.0,16900.0,17000.0,30879.0
2575,2017-11-22,17100.0,17200.0,17050.0,17200.0,22608.0
2576,2017-11-22,17300.0,17300.0,17100.0,17150.0,24927.0
2577,2017-11-23,17400.0,17400.0,17300.0,17400.0,8890.0
2578,2017-11-23,17350.0,17400.0,17250.0,17350.0,29797.0
2579,2017-11-23,17350.0,17350.0,17200.0,17200.0,14756.0
2580,2017-11-23,17200.0,17300.0,17100.0,17300.0,17767.0
2581,2017-11-23,17300.0,17350.0,17200.0,17350.0,13375.0
2582,2017-11-23,17350.0,17350.0,17300.0,17350.0,13629.0
2583,2017-11-23,17350.0,17400.0,17300.0,17350.0,20443.0
2584,2017-11-24,17400.0,17400.0,17250.0,17400.0,23969.0
2585,2017-11-24,17350.0,17450.0,17250.0,17250.0,13842.0
2586,2017-11-24,17450.0,17500.0,17350.0,17400.0,40935.0
2587,2017-11-24,17350.0,17600.0,17200.0,17500.0,22032.0
2588,2017-11-24,17450.0,17500.0,17450.0,17450.0,5838.0
2589,2017-11-24,17500.0,17550.0,17400.0,17450.0,22053.0
2590,2017-11-24,17500.0,17500.0,17400.0,17450.0,8273.0
2591,2017-11-27,17300.0,17550.0,17250.0,17300.0,35366.0
2592,2017-11-27,17300.0,17350.0,17050.0,17150.0,19500.0
2593,2017-11-27,17150.0,17300.0,17050.0,17250.0,15324.0
2594,2017-11-27,17200.0,17250.0,17050.0,17050.0,12953.0
2595,2017-11-27,17050.0,17200.0,17050.0,17200.0,6401.0
2596,2017-11-27,17150.0,17350.0,17150.0,17250.0,31998.0
2597,2017-11-27,17300.0,17350.0,17250.0,17300.0,11885.0
2598,2017-11-28,16800.0,16900.0,16700.0,16700.0,24222.0
2599,2017-11-28,16850.0,16900.0,16750.0,16750.0,34502.0
2600,2017-11-28,17000.0,17050.0,16850.0,16850.0,25249.0
2601,2017-11-28,17300.0,17300.0,17050.0,17100.0,21935.0
2602,2017-11-28,17050.0,17100.0,17050.0,17050.0,9015.0
2603,2017-11-28,17100.0,17150.0,17000.0,17050.0,20325.0
2604,2017-11-28,17050.0,17050.0,16950.0,17000.0,22510.0
2605,2017-11-29,17000.0,17050.0,16900.0,16950.0,8908.0
2606,2017-11-29,16950.0,17050.0,16950.0,17050.0,7156.0
2607,2017-11-29,16950.0,17000.0,16900.0,17000.0,4556.0
2608,2017-11-29,16700.0,17150.0,16700.0,17050.0,28383.0
2609,2017-11-29,17000.0,17000.0,16900.0,17000.0,5953.0
2610,2017-11-29,17050.0,17050.0,16900.0,17000.0,9631.0
2611,2017-11-29,17000.0,17050.0,16900.0,16950.0,5908.0
2612,2017-11-30,17000.0,17100.0,16800.0,16900.0,11918.0
2613,2017-11-30,16950.0,17000.0,16850.0,16950.0,8772.0
2614,2017-11-30,16950.0,16950.0,16850.0,16950.0,6081.0
2615,2017-11-30,16950.0,17050.0,16850.0,17050.0,14557.0
2616,2017-11-30,17050.0,17200.0,17000.0,17150.0,29843.0
2617,2017-11-30,17150.0,17250.0,17050.0,17100.0,38331.0
2618,2017-11-30,17100.0,17150.0,16950.0,16950.0,25665.0
2619,2017-12-01,17500.0,17600.0,17450.0,17600.0,25292.0
2620,2017-12-01,17550.0,17550.0,17450.0,17500.0,16502.0
2621,2017-12-01,17700.0,17700.0,17500.0,17550.0,16277.0
2622,2017-12-01,17100.0,17350.0,17100.0,17250.0,23641.0
2623,2017-12-01,17350.0,17700.0,17300.0,17600.0,82047.0
2624,2017-12-01,17250.0,17400.0,17200.0,17300.0,30476.0
2625,2017-12-01,17600.0,17700.0,17450.0,17650.0,21735.0
2626,2017-12-04,17800.0,17850.0,17450.0,17700.0,63424.0
2627,2017-12-04,17750.0,17850.0,17600.0,17750.0,47862.0
2628,2017-12-04,17800.0,17850.0,17700.0,17800.0,29918.0
2629,2017-12-04,17800.0,17900.0,17800.0,17800.0,25640.0
2630,2017-12-04,17850.0,17850.0,17800.0,17850.0,18520.0
2631,2017-12-04,17850.0,17850.0,17750.0,17800.0,21124.0
2632,2017-12-04,17850.0,17850.0,17750.0,17800.0,10575.0
2633,2017-12-05,17700.0,17750.0,17550.0,17700.0,9472.0
2634,2017-12-05,17750.0,17900.0,17700.0,17800.0,12190.0
2635,2017-12-05,17850.0,17850.0,17600.0,17650.0,18081.0
2636,2017-12-05,17650.0,17750.0,17650.0,17750.0,14234.0
2637,2017-12-05,17700.0,17750.0,17550.0,17650.0,11344.0
2638,2017-12-05,17850.0,17900.0,17450.0,17700.0,18461.0
2639,2017-12-05,17700.0,17750.0,17700.0,17750.0,5050.0
2640,2017-12-06,17600.0,17650.0,17500.0,17650.0,12783.0
2641,2017-12-06,17800.0,17800.0,17400.0,17500.0,25124.0
2642,2017-12-06,17550.0,17700.0,17400.0,17650.0,22700.0
2643,2017-12-06,17700.0,17850.0,17600.0,17750.0,21732.0
2644,2017-12-06,17750.0,17900.0,17700.0,17700.0,27079.0
2645,2017-12-06,17800.0,17800.0,17600.0,17800.0,12755.0
2646,2017-12-06,17800.0,17800.0,17550.0,17750.0,29959.0
2647,2017-12-07,17250.0,17300.0,17200.0,17250.0,16126.0
2648,2017-12-07,17650.0,17750.0,17200.0,17300.0,47698.0
2649,2017-12-07,17250.0,17450.0,17150.0,17350.0,28622.0
2650,2017-12-07,17350.0,17400.0,17200.0,17300.0,20466.0
2651,2017-12-07,17250.0,17300.0,17150.0,17200.0,11045.0
2652,2017-12-07,17200.0,17250.0,17100.0,17200.0,21536.0
2653,2017-12-07,17200.0,17300.0,17150.0,17300.0,12126.0
2654,2017-12-08,17400.0,17500.0,17300.0,17400.0,31947.0
2655,2017-12-08,17400.0,17450.0,17300.0,17450.0,20074.0
2656,2017-12-08,17550.0,17550.0,17250.0,17400.0,44594.0
2657,2017-12-08,17250.0,17550.0,17200.0,17450.0,37098.0
2658,2017-12-08,17400.0,17800.0,17350.0,17700.0,37040.0
2659,2017-12-08,17400.0,17450.0,17250.0,17400.0,17134.0
2660,2017-12-08,17650.0,17650.0,17450.0,17550.0,12755.0
2661,2017-12-11,17500.0,17500.0,16950.0,17150.0,19553.0
2662,2017-12-11,17150.0,17150.0,17050.0,17100.0,8821.0
2663,2017-12-11,17100.0,17200.0,17000.0,17200.0,11572.0
2664,2017-12-11,17200.0,17200.0,17150.0,17200.0,2730.0
2665,2017-12-11,17200.0,17250.0,17150.0,17250.0,5950.0
2666,2017-12-11,17250.0,17300.0,17150.0,17300.0,15484.0
2667,2017-12-11,17300.0,17400.0,17250.0,17400.0,16037.0
2668,2017-12-12,17450.0,17500.0,17300.0,17500.0,14741.0
2669,2017-12-12,17400.0,17500.0,17350.0,17450.0,6164.0
2670,2017-12-12,17400.0,17500.0,17350.0,17400.0,14611.0
2671,2017-12-12,17450.0,17600.0,17250.0,17500.0,19241.0
2672,2017-12-12,17450.0,17450.0,17350.0,17350.0,7277.0
2673,2017-12-12,17500.0,17600.0,17400.0,17450.0,17450.0
2674,2017-12-12,17400.0,17450.0,17350.0,17450.0,4587.0
2675,2017-12-13,17400.0,17550.0,17400.0,17450.0,10830.0
2676,2017-12-13,17450.0,17550.0,17450.0,17550.0,9972.0
2677,2017-12-13,17550.0,17600.0,17400.0,17400.0,9500.0
2678,2017-12-13,17550.0,17650.0,17400.0,17550.0,22653.0
2679,2017-12-13,17550.0,17600.0,17500.0,17550.0,11563.0
2680,2017-12-13,17550.0,17600.0,17500.0,17550.0,8299.0
2681,2017-12-13,17550.0,17600.0,17500.0,17550.0,8312.0
2682,2017-12-14,17550.0,17650.0,17350.0,17400.0,33572.0
2683,2017-12-14,17400.0,17400.0,17300.0,17400.0,21166.0
2684,2017-12-14,17400.0,17400.0,17300.0,17400.0,12199.0
2685,2017-12-14,17350.0,17400.0,17350.0,17350.0,6168.0
2686,2017-12-14,17350.0,17400.0,17300.0,17300.0,9364.0
2687,2017-12-14,17300.0,17400.0,17250.0,17300.0,20647.0
2688,2017-12-14,17300.0,17400.0,17300.0,17300.0,56444.0
2689,2017-12-15,17300.0,17350.0,17150.0,17350.0,16997.0
2690,2017-12-15,17300.0,17400.0,17200.0,17400.0,23836.0
2691,2017-12-15,17300.0,17300.0,17150.0,17300.0,6571.0
2692,2017-12-15,17300.0,17450.0,17150.0,17250.0,21882.0
2693,2017-12-15,17300.0,17300.0,17200.0,17300.0,10055.0
2694,2017-12-15,17300.0,17400.0,17250.0,17300.0,11144.0
2695,2017-12-15,17300.0,17300.0,17200.0,17300.0,2800.0
2696,2017-12-18,17500.0,17550.0,17300.0,17500.0,29275.0
2697,2017-12-18,17500.0,17500.0,17400.0,17400.0,13793.0
2698,2017-12-18,17400.0,17500.0,17400.0,17450.0,15483.0
2699,2017-12-18,17450.0,17500.0,17450.0,17500.0,12317.0
2700,2017-12-18,17500.0,17650.0,17450.0,17650.0,33838.0
2701,2017-12-18,17700.0,17800.0,17600.0,17750.0,33639.0
2702,2017-12-18,17700.0,17850.0,17700.0,17850.0,37985.0
2703,2017-12-19,17350.0,17500.0,17300.0,17350.0,11064.0
2704,2017-12-19,17350.0,17550.0,17350.0,17400.0,15529.0
2705,2017-12-19,17450.0,17500.0,17350.0,17400.0,11328.0
2706,2017-12-19,17550.0,17550.0,17400.0,17450.0,9620.0
2707,2017-12-19,17650.0,17700.0,17400.0,17550.0,25877.0
2708,2017-12-19,17700.0,17850.0,17650.0,17700.0,15480.0
2709,2017-12-19,17450.0,17500.0,17400.0,17450.0,7063.0
2710,2017-12-20,17350.0,17450.0,17200.0,17300.0,18183.0
2711,2017-12-20,17300.0,17350.0,17100.0,17250.0,15698.0
2712,2017-12-20,17200.0,17250.0,17100.0,17150.0,10810.0
2713,2017-12-20,17150.0,17300.0,17100.0,17250.0,3708.0
2714,2017-12-20,17250.0,17300.0,17150.0,17150.0,6296.0
2715,2017-12-20,17200.0,17300.0,17100.0,17200.0,11340.0
2716,2017-12-20,17200.0,17300.0,17150.0,17200.0,10386.0
2717,2017-12-21,17050.0,17150.0,17000.0,17100.0,12188.0
2718,2017-12-21,17100.0,17150.0,16950.0,17150.0,15605.0
2719,2017-12-21,16950.0,17100.0,16950.0,17050.0,22562.0
2720,2017-12-21,17050.0,17350.0,17000.0,17200.0,27924.0
2721,2017-12-21,17200.0,17200.0,17100.0,17150.0,5961.0
2722,2017-12-21,17250.0,17250.0,17100.0,17200.0,10237.0
2723,2017-12-21,17150.0,17150.0,16950.0,17000.0,18487.0
2724,2017-12-22,17250.0,17250.0,17100.0,17150.0,10686.0
2725,2017-12-22,17100.0,17400.0,17100.0,17300.0,24747.0
2726,2017-12-22,17250.0,17350.0,17250.0,17300.0,7378.0
2727,2017-12-22,17350.0,17550.0,17300.0,17500.0,20511.0
2728,2017-12-22,17500.0,17750.0,17500.0,17650.0,24196.0
2729,2017-12-22,17700.0,17750.0,17650.0,17700.0,19129.0
2730,2017-12-22,17700.0,17700.0,17650.0,17700.0,11775.0
2731,2017-12-26,17950.0,17950.0,17750.0,17750.0,15986.0
2732,2017-12-26,17950.0,18000.0,17800.0,17950.0,26230.0
2733,2017-12-26,17950.0,18000.0,17850.0,17950.0,5881.0
2734,2017-12-26,17700.0,17900.0,17500.0,17700.0,17583.0
2735,2017-12-26,18000.0,18050.0,17900.0,18000.0,13279.0
2736,2017-12-26,17700.0,18100.0,17700.0,18050.0,39421.0
2737,2017-12-26,17950.0,18000.0,17950.0,17950.0,8599.0
2738,2017-12-27,17700.0,17800.0,17400.0,17800.0,26532.0
2739,2017-12-27,17800.0,17950.0,17800.0,17950.0,25002.0
2740,2017-12-27,17750.0,17750.0,17650.0,17700.0,6329.0
2741,2017-12-27,17550.0,17600.0,17350.0,17450.0,34954.0
2742,2017-12-27,17750.0,17800.0,17650.0,17750.0,11031.0
2743,2017-12-27,17400.0,17900.0,17400.0,17750.0,17496.0
2744,2017-12-27,17750.0,17750.0,17700.0,17700.0,6140.0
2745,2017-12-28,18200.0,18250.0,17700.0,17800.0,23228.0
2746,2017-12-28,17800.0,18100.0,17800.0,17900.0,18933.0
2747,2017-12-28,17900.0,18000.0,17750.0,17950.0,11854.0
2748,2017-12-28,17950.0,17950.0,17800.0,17900.0,6627.0
2749,2017-12-28,17900.0,17950.0,17850.0,17900.0,12513.0
2750,2017-12-28,17900.0,17950.0,17800.0,17950.0,17773.0
2751,2017-12-28,17900.0,17950.0,17850.0,17950.0,10232.0
2752,2018-01-02,17900.0,17950.0,17800.0,17850.0,7956.0
2753,2018-01-02,17800.0,17900.0,17750.0,17850.0,7749.0
2754,2018-01-02,17800.0,17900.0,17800.0,17800.0,6619.0
2755,2018-01-02,17850.0,17850.0,17800.0,17800.0,5703.0
2756,2018-01-02,17850.0,17950.0,17750.0,17850.0,11273.0
2757,2018-01-02,17800.0,18000.0,17700.0,17800.0,14584.0
2758,2018-01-03,17800.0,17850.0,17650.0,17700.0,17433.0
2759,2018-01-03,17700.0,17750.0,17650.0,17650.0,11280.0
2760,2018-01-03,17650.0,17700.0,17400.0,17450.0,26230.0
2761,2018-01-03,17450.0,17550.0,17450.0,17450.0,9411.0
2762,2018-01-03,17500.0,17500.0,17300.0,17300.0,19042.0
2763,2018-01-03,17300.0,17450.0,17250.0,17300.0,38527.0
2764,2018-01-03,17250.0,17400.0,17250.0,17350.0,16955.0
2765,2018-01-04,17350.0,17400.0,17200.0,17200.0,26089.0
2766,2018-01-04,17250.0,17400.0,17250.0,17350.0,38419.0
2767,2018-01-04,17250.0,17300.0,17200.0,17300.0,18565.0
2768,2018-01-04,17450.0,17450.0,17300.0,17350.0,17630.0
2769,2018-01-04,17250.0,17350.0,17200.0,17250.0,18222.0
2770,2018-01-04,17350.0,17400.0,17250.0,17300.0,17813.0
2771,2018-01-04,17250.0,17300.0,17200.0,17300.0,6755.0
2772,2018-01-05,17300.0,17400.0,17250.0,17350.0,18744.0
2773,2018-01-05,17400.0,17400.0,17300.0,17350.0,6864.0
2774,2018-01-05,17300.0,17300.0,17200.0,17250.0,15917.0
2775,2018-01-05,17200.0,17400.0,17200.0,17300.0,19990.0
2776,2018-01-05,17350.0,17400.0,17300.0,17300.0,7180.0
2777,2018-01-05,17300.0,17350.0,17250.0,17350.0,16325.0
2778,2018-01-05,17350.0,17350.0,17250.0,17300.0,7581.0
2779,2018-01-08,17300.0,17350.0,17100.0,17150.0,39748.0
2780,2018-01-08,17150.0,17300.0,17100.0,17200.0,22387.0
2781,2018-01-08,17250.0,17400.0,17200.0,17250.0,15354.0
2782,2018-01-08,17250.0,17300.0,17200.0,17300.0,8351.0
2783,2018-01-08,17300.0,17350.0,17150.0,17300.0,20236.0
2784,2018-01-08,17350.0,17500.0,17250.0,17450.0,17463.0
2785,2018-01-08,17400.0,17700.0,17400.0,17650.0,23597.0
2786,2018-01-09,17100.0,17150.0,17050.0,17050.0,23724.0
2787,2018-01-09,17250.0,17300.0,17100.0,17150.0,24458.0
2788,2018-01-09,17250.0,17300.0,17200.0,17250.0,35181.0
2789,2018-01-09,17600.0,17700.0,17400.0,17450.0,27983.0
2790,2018-01-09,17400.0,17500.0,17400.0,17450.0,10515.0
2791,2018-01-09,17300.0,17350.0,17200.0,17200.0,27220.0
2792,2018-01-09,17450.0,17450.0,17300.0,17300.0,14095.0
2793,2018-01-10,17150.0,17250.0,17050.0,17200.0,18806.0
2794,2018-01-10,17200.0,17250.0,17150.0,17200.0,8323.0
2795,2018-01-10,17200.0,17250.0,17000.0,17100.0,19700.0
2796,2018-01-10,17050.0,17150.0,17050.0,17150.0,7368.0
2797,2018-01-10,17100.0,17150.0,17050.0,17100.0,13233.0
2798,2018-01-10,17100.0,17150.0,17000.0,17100.0,22799.0
2799,2018-01-10,17050.0,17250.0,17050.0,17250.0,4553.0
2800,2018-01-11,17250.0,17350.0,17100.0,17350.0,17351.0
2801,2018-01-11,17350.0,17350.0,17250.0,17250.0,13088.0
2802,2018-01-11,17350.0,17350.0,17250.0,17350.0,5346.0
2803,2018-01-11,17150.0,17450.0,17150.0,17400.0,15046.0
2804,2018-01-11,17350.0,17400.0,17250.0,17350.0,12297.0
2805,2018-01-11,17100.0,17250.0,17100.0,17200.0,6531.0
2806,2018-01-11,17350.0,17400.0,17250.0,17300.0,8112.0
2807,2018-01-12,17000.0,17100.0,16850.0,17100.0,45005.0
2808,2018-01-12,17100.0,17200.0,17000.0,17200.0,8845.0
2809,2018-01-12,17000.0,17100.0,17000.0,17000.0,8254.0
2810,2018-01-12,17050.0,17100.0,16950.0,17000.0,22594.0
2811,2018-01-12,17000.0,17150.0,16950.0,17050.0,13262.0
2812,2018-01-12,17000.0,17100.0,17000.0,17000.0,6853.0
2813,2018-01-12,17350.0,17400.0,16950.0,17050.0,36747.0
2814,2018-01-15,17050.0,17100.0,16900.0,17100.0,21966.0
2815,2018-01-15,17100.0,17200.0,17000.0,17150.0,9156.0
2816,2018-01-15,17100.0,17200.0,17050.0,17200.0,14176.0
2817,2018-01-15,17200.0,17200.0,17050.0,17100.0,6691.0
2818,2018-01-15,17100.0,17200.0,17050.0,17100.0,7725.0
2819,2018-01-15,17150.0,17150.0,16850.0,16900.0,54312.0
2820,2018-01-15,16950.0,17000.0,16800.0,16800.0,21914.0
2821,2018-01-16,17300.0,17450.0,17300.0,17300.0,21149.0
2822,2018-01-16,17050.0,17250.0,17050.0,17250.0,9701.0
2823,2018-01-16,17300.0,17350.0,17000.0,17050.0,53012.0
2824,2018-01-16,17400.0,17450.0,17300.0,17300.0,19497.0
2825,2018-01-16,17400.0,17500.0,17300.0,17450.0,42920.0
2826,2018-01-16,17450.0,17500.0,17350.0,17400.0,24186.0
2827,2018-01-16,16900.0,17450.0,16800.0,17400.0,64638.0
2828,2018-01-17,17250.0,17600.0,17150.0,17450.0,35152.0
2829,2018-01-17,17450.0,17500.0,17350.0,17450.0,16890.0
2830,2018-01-17,17400.0,17700.0,17400.0,17650.0,48999.0
2831,2018-01-17,17650.0,17700.0,17600.0,17700.0,21010.0
2832,2018-01-17,17700.0,17700.0,17450.0,17500.0,35145.0
2833,2018-01-17,17500.0,17600.0,17400.0,17550.0,21502.0
2834,2018-01-17,17550.0,17600.0,17450.0,17550.0,14207.0
2835,2018-01-18,17600.0,17800.0,17600.0,17800.0,34189.0
2836,2018-01-18,17600.0,17700.0,17500.0,17600.0,13097.0
2837,2018-01-18,17750.0,17850.0,17750.0,17850.0,26779.0
2838,2018-01-18,17700.0,17700.0,17500.0,17600.0,18980.0
2839,2018-01-18,17800.0,17850.0,17650.0,17700.0,19667.0
2840,2018-01-18,17750.0,18050.0,17600.0,17850.0,86712.0
2841,2018-01-18,17550.0,17800.0,17500.0,17550.0,23615.0
2842,2018-01-19,18650.0,18750.0,18600.0,18700.0,65358.0
2843,2018-01-19,19100.0,19100.0,18800.0,18850.0,58716.0
2844,2018-01-19,18850.0,18950.0,18650.0,18650.0,64865.0
2845,2018-01-19,19300.0,19400.0,18950.0,19050.0,130310.0
2846,2018-01-19,19150.0,19400.0,18850.0,19300.0,298204.0
2847,2018-01-19,19100.0,19200.0,19000.0,19100.0,46857.0
2848,2018-01-19,18200.0,19300.0,18150.0,19150.0,585538.0
2849,2018-01-22,19400.0,19400.0,19250.0,19300.0,24164.0
2850,2018-01-22,18600.0,19350.0,18550.0,19350.0,167000.0
2851,2018-01-22,19300.0,19750.0,19250.0,19400.0,126444.0
2852,2018-01-22,19400.0,19400.0,19300.0,19350.0,40662.0
2853,2018-01-22,19350.0,19400.0,19250.0,19400.0,42044.0
2854,2018-01-22,19400.0,19400.0,19300.0,19400.0,39658.0
2855,2018-01-22,19400.0,19400.0,19250.0,19350.0,39514.0
2856,2018-01-23,19350.0,19400.0,19150.0,19300.0,22150.0
2857,2018-01-23,19300.0,19350.0,19150.0,19350.0,21845.0
2858,2018-01-23,19150.0,19400.0,19100.0,19350.0,38631.0
2859,2018-01-23,19250.0,19400.0,19100.0,19300.0,21503.0
2860,2018-01-23,19300.0,19350.0,19100.0,19200.0,22048.0
2861,2018-01-23,19500.0,19500.0,19000.0,19250.0,67078.0
2862,2018-01-23,19200.0,19250.0,19050.0,19150.0,22965.0
2863,2018-01-24,19600.0,20300.0,19500.0,20250.0,255409.0
2864,2018-01-24,20300.0,20700.0,20250.0,20650.0,183581.0
2865,2018-01-24,20650.0,20650.0,20400.0,20450.0,68680.0
2866,2018-01-24,20450.0,20600.0,20400.0,20550.0,35102.0
2867,2018-01-24,20500.0,20700.0,20450.0,20550.0,70774.0
2868,2018-01-24,20650.0,20650.0,20400.0,20500.0,48115.0
2869,2018-01-24,20500.0,20500.0,20350.0,20450.0,24357.0
2870,2018-01-25,20300.0,20350.0,20250.0,20350.0,30576.0
2871,2018-01-25,20350.0,20400.0,20300.0,20300.0,27503.0
2872,2018-01-25,20200.0,20400.0,20150.0,20350.0,35720.0
2873,2018-01-25,20450.0,20450.0,20000.0,20250.0,65027.0
2874,2018-01-25,20150.0,20200.0,20000.0,20200.0,37924.0
2875,2018-01-25,20250.0,20300.0,20100.0,20150.0,25966.0
2876,2018-01-25,20150.0,20250.0,20100.0,20200.0,11884.0
2877,2018-01-26,20500.0,20550.0,20350.0,20450.0,26462.0
2878,2018-01-26,20500.0,20550.0,20400.0,20550.0,16388.0
2879,2018-01-26,20550.0,20550.0,20450.0,20450.0,15096.0
2880,2018-01-26,20400.0,20600.0,20100.0,20400.0,28912.0
2881,2018-01-26,20450.0,20600.0,20400.0,20450.0,19349.0
2882,2018-01-26,20400.0,20500.0,20350.0,20500.0,15605.0
2883,2018-01-26,20450.0,20650.0,20450.0,20550.0,20036.0
2884,2018-01-29,20800.0,20900.0,20250.0,20300.0,59156.0
2885,2018-01-29,20350.0,20350.0,20050.0,20050.0,45001.0
2886,2018-01-29,20050.0,20300.0,20050.0,20150.0,19749.0
2887,2018-01-29,20150.0,20350.0,20150.0,20150.0,14853.0
2888,2018-01-29,20150.0,20200.0,20000.0,20000.0,40503.0
2889,2018-01-29,20000.0,20100.0,19750.0,19800.0,79685.0
2890,2018-01-29,19800.0,20000.0,19750.0,19950.0,32153.0
2891,2018-01-30,19550.0,19600.0,19450.0,19500.0,19220.0
2892,2018-01-30,19350.0,19550.0,19300.0,19550.0,53606.0
2893,2018-01-30,19450.0,19550.0,19300.0,19350.0,61905.0
2894,2018-01-30,20000.0,20100.0,19350.0,19550.0,129826.0
2895,2018-01-30,19550.0,19600.0,19450.0,19500.0,33429.0
2896,2018-01-30,19600.0,19700.0,19500.0,19600.0,35021.0
2897,2018-01-30,19500.0,19600.0,19450.0,19450.0,22288.0
2898,2018-01-31,19400.0,19450.0,19100.0,19100.0,77648.0
2899,2018-01-31,19150.0,19200.0,19000.0,19200.0,55802.0
2900,2018-01-31,19150.0,19350.0,19100.0,19300.0,18711.0
2901,2018-01-31,19300.0,19450.0,19250.0,19400.0,18911.0
2902,2018-01-31,19400.0,19450.0,19250.0,19350.0,21146.0
2903,2018-01-31,19400.0,19450.0,19250.0,19300.0,18377.0
2904,2018-01-31,19300.0,19500.0,19300.0,19500.0,22106.0
2905,2018-02-01,19500.0,19600.0,19450.0,19500.0,19635.0
2906,2018-02-01,19550.0,19600.0,19450.0,19500.0,21341.0
2907,2018-02-01,19550.0,19650.0,19450.0,19550.0,25862.0
2908,2018-02-01,19600.0,19600.0,19350.0,19450.0,27458.0
2909,2018-02-01,19450.0,19650.0,19300.0,19550.0,29372.0
2910,2018-02-01,19500.0,19600.0,19400.0,19500.0,33988.0
2911,2018-02-01,19500.0,19700.0,19400.0,19550.0,23096.0
2912,2018-02-02,19150.0,19250.0,19050.0,19250.0,18872.0
2913,2018-02-02,19150.0,19350.0,19100.0,19200.0,19524.0
2914,2018-02-02,19150.0,19250.0,19100.0,19200.0,18710.0
2915,2018-02-02,19250.0,19250.0,19150.0,19250.0,12544.0
2916,2018-02-02,19150.0,19500.0,19100.0,19200.0,39022.0
2917,2018-02-02,19250.0,19300.0,19150.0,19200.0,8850.0
2918,2018-02-02,19600.0,19950.0,18800.0,19100.0,56036.0
2919,2018-02-05,18750.0,18750.0,18600.0,18600.0,26467.0
2920,2018-02-05,18750.0,19200.0,18500.0,18850.0,44328.0
2921,2018-02-05,18850.0,18900.0,18550.0,18700.0,16602.0
2922,2018-02-05,18700.0,18800.0,18600.0,18800.0,5344.0
2923,2018-02-05,18800.0,18850.0,18750.0,18800.0,6727.0
2924,2018-02-05,18800.0,18800.0,18650.0,18750.0,9491.0
2925,2018-02-05,18750.0,18850.0,18650.0,18750.0,13841.0
2926,2018-02-06,17900.0,18250.0,17800.0,18200.0,55326.0
2927,2018-02-06,18150.0,18200.0,18000.0,18200.0,19755.0
2928,2018-02-06,17800.0,18000.0,17750.0,17950.0,41475.0
2929,2018-02-06,17800.0,18400.0,17700.0,17850.0,80742.0
2930,2018-02-06,17700.0,18000.0,17700.0,17950.0,27964.0
2931,2018-02-06,17800.0,18150.0,17650.0,17700.0,35055.0
2932,2018-02-06,17950.0,18000.0,17700.0,17800.0,34928.0
2933,2018-02-07,18300.0,18550.0,18150.0,18200.0,57207.0
2934,2018-02-07,18200.0,18400.0,18150.0,18350.0,17727.0
2935,2018-02-07,18400.0,18500.0,18250.0,18250.0,23244.0
2936,2018-02-07,18250.0,18350.0,18200.0,18350.0,11405.0
2937,2018-02-07,18300.0,18350.0,18100.0,18100.0,13086.0
2938,2018-02-07,18100.0,18400.0,17950.0,17950.0,30096.0
2939,2018-02-07,17950.0,18150.0,17850.0,17850.0,19496.0
2940,2018-02-08,18850.0,18900.0,18400.0,18400.0,87422.0
2941,2018-02-08,18750.0,18850.0,18600.0,18850.0,36921.0
2942,2018-02-08,18500.0,18750.0,18350.0,18750.0,35518.0
2943,2018-02-08,18100.0,18700.0,17900.0,18700.0,61975.0
2944,2018-02-08,18400.0,18600.0,18250.0,18600.0,25425.0
2945,2018-02-08,18700.0,18700.0,18200.0,18400.0,33726.0
2946,2018-02-08,18650.0,18650.0,18450.0,18500.0,19467.0
2947,2018-02-09,17950.0,17950.0,17800.0,17850.0,17958.0
2948,2018-02-09,17850.0,17900.0,17800.0,17800.0,8140.0
2949,2018-02-09,18000.0,18050.0,17900.0,17900.0,11936.0
2950,2018-02-09,17900.0,18200.0,17750.0,17950.0,59072.0
2951,2018-02-09,17900.0,18000.0,17800.0,17950.0,17802.0
2952,2018-02-09,17900.0,18050.0,17850.0,17950.0,11892.0
2953,2018-02-09,18000.0,18050.0,17900.0,18000.0,6802.0
2954,2018-02-12,18050.0,18150.0,17850.0,17850.0,20584.0
2955,2018-02-12,17850.0,18050.0,17850.0,18000.0,9253.0
2956,2018-02-12,17950.0,18000.0,17850.0,17850.0,8044.0
2957,2018-02-12,17850.0,17950.0,17800.0,17900.0,5627.0
2958,2018-02-12,17850.0,17950.0,17800.0,17850.0,8090.0
2959,2018-02-12,17850.0,17950.0,17700.0,17750.0,13390.0
2960,2018-02-12,17750.0,17800.0,17700.0,17800.0,7097.0
2961,2018-02-13,17700.0,17850.0,17700.0,17750.0,12191.0
2962,2018-02-13,17700.0,17750.0,17450.0,17450.0,27336.0
2963,2018-02-13,17800.0,17850.0,17700.0,17700.0,8036.0
2964,2018-02-13,18000.0,18250.0,17700.0,17750.0,31779.0
2965,2018-02-13,17850.0,17950.0,17750.0,17800.0,7605.0
2966,2018-02-13,17750.0,17850.0,17700.0,17800.0,11958.0
2967,2018-02-13,17800.0,17850.0,17750.0,17800.0,4140.0
2968,2018-02-14,17700.0,17700.0,17350.0,17500.0,24873.0
2969,2018-02-14,17500.0,17500.0,17350.0,17400.0,17069.0
2970,2018-02-14,17400.0,17450.0,17250.0,17300.0,13406.0
2971,2018-02-14,17350.0,17500.0,17300.0,17300.0,13585.0
2972,2018-02-14,17300.0,17450.0,17300.0,17400.0,12894.0
2973,2018-02-14,17400.0,17550.0,17350.0,17450.0,9967.0
2974,2018-02-14,17400.0,17650.0,17400.0,17650.0,16207.0
2975,2018-02-19,17850.0,18150.0,17800.0,18150.0,23127.0
2976,2018-02-19,17800.0,17900.0,17750.0,17850.0,16367.0
2977,2018-02-19,17800.0,17900.0,17700.0,17800.0,17564.0
2978,2018-02-19,17900.0,18050.0,17800.0,17900.0,17641.0
2979,2018-02-19,17750.0,17950.0,17600.0,17900.0,18957.0
2980,2018-02-19,17800.0,17800.0,17500.0,17700.0,34895.0
2981,2018-02-19,17850.0,17950.0,17750.0,17850.0,10204.0
2982,2018-02-20,18050.0,18150.0,17750.0,17800.0,33449.0
2983,2018-02-20,17800.0,17800.0,17550.0,17700.0,35675.0
2984,2018-02-20,17700.0,17750.0,17550.0,17550.0,16676.0
2985,2018-02-20,17550.0,17600.0,17550.0,17550.0,17102.0
2986,2018-02-20,17600.0,17700.0,17550.0,17650.0,15969.0
2987,2018-02-20,17650.0,17650.0,17550.0,17550.0,30256.0
2988,2018-02-20,17550.0,17650.0,17500.0,17500.0,18319.0
2989,2018-02-21,17850.0,17950.0,17800.0,17850.0,15392.0
2990,2018-02-21,17850.0,17850.0,17700.0,17700.0,20696.0
2991,2018-02-21,17750.0,17850.0,17700.0,17850.0,7623.0
2992,2018-02-21,17750.0,18000.0,17650.0,17850.0,33468.0
2993,2018-02-21,17850.0,17850.0,17600.0,17750.0,22040.0
2994,2018-02-21,17750.0,17850.0,17700.0,17750.0,7742.0
2995,2018-02-21,17850.0,17950.0,17600.0,17850.0,19967.0
2996,2018-02-22,17700.0,17800.0,17500.0,17750.0,21963.0
2997,2018-02-22,17750.0,17800.0,17600.0,17650.0,7857.0
2998,2018-02-22,17600.0,17700.0,17550.0,17600.0,10775.0
2999,2018-02-22,17600.0,17650.0,17550.0,17600.0,5721.0
3000,2018-02-22,17650.0,17650.0,17550.0,17600.0,9704.0
3001,2018-02-22,17600.0,17600.0,17450.0,17500.0,24635.0
3002,2018-02-22,17500.0,17650.0,17500.0,17650.0,14770.0
3003,2018-02-23,17850.0,17950.0,17750.0,17950.0,18711.0
3004,2018-02-23,17900.0,17900.0,17750.0,17850.0,27115.0
3005,2018-02-23,17950.0,17950.0,17800.0,17900.0,21467.0
3006,2018-02-23,18000.0,18050.0,17850.0,17900.0,18254.0
3007,2018-02-23,17900.0,17950.0,17800.0,17900.0,12027.0
3008,2018-02-23,17750.0,18000.0,17700.0,18000.0,47999.0
3009,2018-02-23,17900.0,17950.0,17850.0,17900.0,12338.0
3010,2018-02-26,17350.0,17550.0,17350.0,17500.0,13264.0
3011,2018-02-26,17500.0,17550.0,17450.0,17550.0,6234.0
3012,2018-02-26,17600.0,17600.0,17350.0,17400.0,42736.0
3013,2018-02-26,17950.0,18000.0,17550.0,17700.0,25187.0
3014,2018-02-26,17650.0,17800.0,17600.0,17750.0,13170.0
3015,2018-02-26,17900.0,18100.0,17850.0,17950.0,38215.0
3016,2018-02-26,17700.0,17750.0,17500.0,17550.0,50718.0
3017,2018-02-27,17650.0,17700.0,17300.0,17400.0,37966.0
3018,2018-02-27,17400.0,17500.0,17400.0,17450.0,7121.0
3019,2018-02-27,17450.0,17500.0,17350.0,17400.0,8222.0
3020,2018-02-27,17400.0,17450.0,17300.0,17400.0,10188.0
3021,2018-02-27,17400.0,17450.0,17300.0,17350.0,16436.0
3022,2018-02-27,17350.0,17350.0,17150.0,17250.0,27453.0
3023,2018-02-27,17300.0,17300.0,17150.0,17200.0,14697.0
3024,2018-02-28,16700.0,16800.0,16600.0,16800.0,39361.0
3025,2018-02-28,16950.0,16950.0,16800.0,16900.0,27006.0
3026,2018-02-28,16900.0,16950.0,16750.0,16750.0,22273.0
3027,2018-02-28,16900.0,17100.0,16900.0,16950.0,13789.0
3028,2018-02-28,17250.0,17250.0,17100.0,17150.0,19325.0
3029,2018-02-28,17150.0,17200.0,16900.0,16900.0,36883.0
3030,2018-02-28,17000.0,17000.0,16900.0,16950.0,9262.0
3031,2018-03-02,16550.0,16650.0,16250.0,16450.0,48742.0
3032,2018-03-02,16450.0,16600.0,16350.0,16450.0,33169.0
3033,2018-03-02,16450.0,16600.0,16400.0,16550.0,10942.0
3034,2018-03-02,16500.0,16600.0,16450.0,16550.0,11696.0
3035,2018-03-02,16550.0,16700.0,16500.0,16700.0,9359.0
3036,2018-03-02,16700.0,16700.0,16400.0,16650.0,45723.0
3037,2018-03-02,16600.0,16650.0,16400.0,16400.0,29137.0
3038,2018-03-05,16650.0,16650.0,16450.0,16450.0,16210.0
3039,2018-03-05,16750.0,16800.0,16550.0,16650.0,18544.0
3040,2018-03-05,16700.0,16800.0,16650.0,16750.0,5323.0
3041,2018-03-05,16500.0,16850.0,16450.0,16450.0,27673.0
3042,2018-03-05,16600.0,16750.0,16600.0,16700.0,10930.0
3043,2018-03-05,16450.0,16650.0,16400.0,16650.0,14923.0
3044,2018-03-05,16700.0,16700.0,16600.0,16650.0,8691.0
3045,2018-03-06,16800.0,16850.0,16700.0,16850.0,7775.0
3046,2018-03-06,16800.0,16900.0,16750.0,16900.0,7799.0
3047,2018-03-06,16700.0,16800.0,16650.0,16800.0,10807.0
3048,2018-03-06,16750.0,16750.0,16550.0,16550.0,13780.0
3049,2018-03-06,16650.0,16650.0,16600.0,16650.0,5391.0
3050,2018-03-06,16550.0,16650.0,16500.0,16650.0,14354.0
3051,2018-03-06,16650.0,16700.0,16600.0,16650.0,4514.0
3052,2018-03-07,16950.0,16950.0,16450.0,16500.0,28576.0
3053,2018-03-07,16550.0,16850.0,16550.0,16850.0,13108.0
3054,2018-03-07,16850.0,16850.0,16600.0,16600.0,11547.0
3055,2018-03-07,16650.0,16650.0,16500.0,16550.0,10843.0
3056,2018-03-07,16550.0,16600.0,16400.0,16500.0,18018.0
3057,2018-03-07,16500.0,16550.0,16400.0,16400.0,10991.0
3058,2018-03-07,16450.0,16500.0,16400.0,16400.0,12364.0
3059,2018-03-08,16750.0,16800.0,16600.0,16600.0,22887.0
3060,2018-03-08,16700.0,16750.0,16600.0,16750.0,8477.0
3061,2018-03-08,16650.0,16750.0,16550.0,16700.0,7097.0
3062,2018-03-08,16600.0,16800.0,16600.0,16750.0,9478.0
3063,2018-03-08,16800.0,16800.0,16550.0,16750.0,8511.0
3064,2018-03-08,16750.0,16750.0,16500.0,16650.0,8244.0
3065,2018-03-08,16400.0,16650.0,16400.0,16600.0,11896.0
3066,2018-03-09,16900.0,16900.0,16750.0,16750.0,4973.0
3067,2018-03-09,16800.0,16800.0,16700.0,16750.0,5757.0
3068,2018-03-09,16800.0,16800.0,16700.0,16800.0,2849.0
3069,2018-03-09,16750.0,16850.0,16750.0,16800.0,5241.0
3070,2018-03-09,16750.0,16850.0,16750.0,16750.0,5300.0
3071,2018-03-09,16800.0,16900.0,16800.0,16900.0,7344.0
3072,2018-03-09,16800.0,16950.0,16650.0,16850.0,10407.0
3073,2018-03-12,16550.0,16700.0,16500.0,16700.0,24945.0
3074,2018-03-12,16650.0,16700.0,16500.0,16550.0,45733.0
3075,2018-03-12,16650.0,16750.0,16600.0,16600.0,17552.0
3076,2018-03-12,16750.0,16750.0,16550.0,16600.0,27577.0
3077,2018-03-12,16900.0,16900.0,16750.0,16750.0,20806.0
3078,2018-03-12,17050.0,17100.0,16850.0,16850.0,12359.0
3079,2018-03-12,16550.0,16700.0,16550.0,16650.0,17588.0
3080,2018-03-13,16600.0,16650.0,16600.0,16600.0,4984.0
3081,2018-03-13,16600.0,16700.0,16550.0,16600.0,9567.0
3082,2018-03-13,16650.0,16700.0,16550.0,16600.0,11344.0
3083,2018-03-13,16600.0,16650.0,16550.0,16600.0,6004.0
3084,2018-03-13,16600.0,16650.0,16550.0,16550.0,7251.0
3085,2018-03-13,16600.0,16650.0,16500.0,16600.0,11155.0
3086,2018-03-13,16600.0,16700.0,16550.0,16650.0,8319.0
3087,2018-03-14,16500.0,16600.0,16350.0,16450.0,50121.0
3088,2018-03-14,16400.0,16600.0,16400.0,16400.0,19343.0
3089,2018-03-14,16400.0,16450.0,16350.0,16350.0,15755.0
3090,2018-03-14,16350.0,16450.0,16350.0,16350.0,12686.0
3091,2018-03-14,16350.0,16450.0,16350.0,16450.0,12342.0
3092,2018-03-14,16450.0,16450.0,16350.0,16450.0,12140.0
3093,2018-03-14,16400.0,16500.0,16400.0,16450.0,3928.0
3094,2018-03-15,16450.0,16500.0,16450.0,16500.0,8785.0
3095,2018-03-15,16450.0,16500.0,16450.0,16500.0,5807.0
3096,2018-03-15,16500.0,16500.0,16450.0,16450.0,7284.0
3097,2018-03-15,16450.0,16500.0,16400.0,16400.0,3210.0
3098,2018-03-15,16400.0,16500.0,16350.0,16400.0,13464.0
3099,2018-03-15,16450.0,16500.0,16400.0,16500.0,1758.0
3100,2018-03-15,16350.0,16450.0,16300.0,16350.0,14775.0
3101,2018-03-16,16400.0,16450.0,16350.0,16400.0,5360.0
3102,2018-03-16,16400.0,16500.0,16400.0,16400.0,4133.0
3103,2018-03-16,16400.0,16450.0,16350.0,16350.0,8447.0
3104,2018-03-16,16400.0,16400.0,16350.0,16350.0,2385.0
3105,2018-03-16,16350.0,16450.0,16350.0,16400.0,5559.0
3106,2018-03-16,16400.0,16450.0,16350.0,16400.0,13482.0
3107,2018-03-16,16500.0,16550.0,16350.0,16350.0,26335.0
3108,2018-03-19,16450.0,16550.0,16400.0,16550.0,12447.0
3109,2018-03-19,16450.0,16500.0,16400.0,16400.0,5663.0
3110,2018-03-19,16450.0,16450.0,16400.0,16450.0,4226.0
3111,2018-03-19,16400.0,16450.0,16350.0,16400.0,16241.0
3112,2018-03-19,16500.0,16550.0,16400.0,16450.0,21230.0
3113,2018-03-19,16400.0,16500.0,16400.0,16450.0,3140.0
3114,2018-03-19,16400.0,16500.0,16400.0,16400.0,2753.0
3115,2018-03-20,16450.0,16450.0,16300.0,16350.0,13537.0
3116,2018-03-20,16400.0,16450.0,16350.0,16350.0,4144.0
3117,2018-03-20,16350.0,16400.0,16300.0,16400.0,7883.0
3118,2018-03-20,16350.0,16400.0,16350.0,16400.0,2080.0
3119,2018-03-20,16350.0,16400.0,16350.0,16350.0,3598.0
3120,2018-03-20,16350.0,16450.0,16350.0,16450.0,4725.0
3121,2018-03-20,16450.0,16550.0,16400.0,16550.0,7724.0
3122,2018-03-21,16400.0,16450.0,16350.0,16400.0,4080.0
3123,2018-03-21,16350.0,16450.0,16300.0,16300.0,10205.0
3124,2018-03-21,16400.0,16450.0,16250.0,16350.0,20228.0
3125,2018-03-21,16300.0,16500.0,16300.0,16400.0,19174.0
3126,2018-03-21,16400.0,16450.0,16300.0,16350.0,24065.0
3127,2018-03-21,16500.0,16500.0,16350.0,16400.0,16361.0
3128,2018-03-21,16300.0,16400.0,16300.0,16350.0,9855.0
3129,2018-03-22,16300.0,16450.0,16250.0,16400.0,17087.0
3130,2018-03-22,16450.0,16450.0,16350.0,16350.0,10132.0
3131,2018-03-22,16400.0,16400.0,16300.0,16350.0,6038.0
3132,2018-03-22,16350.0,16450.0,16350.0,16450.0,1670.0
3133,2018-03-22,16450.0,16450.0,16350.0,16400.0,5912.0
3134,2018-03-22,16400.0,16450.0,16300.0,16400.0,17001.0
3135,2018-03-22,16350.0,16500.0,16350.0,16350.0,9526.0
3136,2018-03-23,15700.0,15800.0,15450.0,15450.0,35487.0
3137,2018-03-23,15900.0,15950.0,15650.0,15700.0,38585.0
3138,2018-03-23,16000.0,16050.0,15900.0,15950.0,14230.0
3139,2018-03-23,16100.0,16300.0,16000.0,16050.0,36879.0
3140,2018-03-23,15900.0,16000.0,15850.0,16000.0,15282.0
3141,2018-03-23,16050.0,16100.0,15850.0,15900.0,30836.0
3142,2018-03-23,16000.0,16000.0,15900.0,15950.0,4607.0
3143,2018-03-26,16050.0,16050.0,15950.0,16050.0,7935.0
3144,2018-03-26,16000.0,16250.0,16000.0,16250.0,17956.0
3145,2018-03-26,15950.0,16050.0,15900.0,16050.0,7855.0
3146,2018-03-26,15450.0,15800.0,15450.0,15800.0,29429.0
3147,2018-03-26,15900.0,16050.0,15800.0,15950.0,13622.0
3148,2018-03-26,15800.0,15900.0,15750.0,15900.0,10161.0
3149,2018-03-26,16050.0,16050.0,15900.0,16000.0,7235.0
3150,2018-03-27,16250.0,16400.0,16100.0,16150.0,16470.0
3151,2018-03-27,16150.0,16200.0,16150.0,16200.0,3470.0
3152,2018-03-27,16200.0,16200.0,16100.0,16200.0,2354.0
3153,2018-03-27,16150.0,16200.0,16150.0,16150.0,1927.0
3154,2018-03-27,16150.0,16200.0,16050.0,16150.0,7616.0
3155,2018-03-27,16150.0,16200.0,16100.0,16150.0,4549.0
3156,2018-03-27,16100.0,16200.0,16100.0,16200.0,4076.0
3157,2018-03-28,15900.0,16050.0,15800.0,16050.0,10457.0
3158,2018-03-28,15900.0,15900.0,15850.0,15850.0,1454.0
3159,2018-03-28,15850.0,15900.0,15850.0,15850.0,5151.0
3160,2018-03-28,15950.0,16150.0,15900.0,16000.0,8318.0
3161,2018-03-28,15950.0,16000.0,15850.0,15900.0,12421.0
3162,2018-03-28,16000.0,16000.0,15900.0,15950.0,6921.0
3163,2018-03-28,15950.0,16000.0,15850.0,15850.0,5370.0
3164,2018-03-29,16050.0,16150.0,16000.0,16000.0,6306.0
3165,2018-03-29,16050.0,16150.0,15950.0,16150.0,6159.0
3166,2018-03-29,16150.0,16150.0,16050.0,16100.0,5905.0
3167,2018-03-29,16100.0,16200.0,16050.0,16200.0,4166.0
3168,2018-03-29,16200.0,16250.0,16100.0,16150.0,10156.0
3169,2018-03-29,16150.0,16200.0,16050.0,16200.0,13053.0
3170,2018-03-29,16200.0,16300.0,16050.0,16300.0,19739.0
3171,2018-03-30,16250.0,16300.0,16150.0,16250.0,7420.0
3172,2018-03-30,16300.0,16350.0,16200.0,16200.0,4997.0
3173,2018-03-30,16200.0,16300.0,16150.0,16300.0,9729.0
3174,2018-03-30,16250.0,16350.0,16200.0,16200.0,9404.0
3175,2018-03-30,16200.0,16300.0,16150.0,16250.0,3242.0
3176,2018-03-30,16250.0,16400.0,16200.0,16200.0,15132.0
3177,2018-03-30,16200.0,16350.0,16200.0,16300.0,3733.0
3178,2018-04-02,16050.0,16100.0,16000.0,16000.0,5977.0
3179,2018-04-02,16150.0,16150.0,15950.0,15950.0,9668.0
3180,2018-04-02,15950.0,16150.0,15900.0,16050.0,10595.0
3181,2018-04-02,16150.0,16200.0,16100.0,16150.0,4670.0
3182,2018-04-02,16150.0,16200.0,16100.0,16150.0,5251.0
3183,2018-04-02,16150.0,16150.0,16050.0,16100.0,3817.0
3184,2018-04-02,16300.0,16300.0,16100.0,16200.0,6702.0
3185,2018-04-03,16050.0,16150.0,15900.0,16150.0,5707.0
3186,2018-04-03,15800.0,16000.0,15700.0,15850.0,19286.0
3187,2018-04-03,15850.0,15900.0,15700.0,15850.0,19044.0
3188,2018-04-03,15850.0,16000.0,15800.0,16000.0,10261.0
3189,2018-04-03,16000.0,16100.0,15950.0,16050.0,6268.0
3190,2018-04-03,16050.0,16150.0,15850.0,16050.0,6877.0
3191,2018-04-03,16050.0,16150.0,15950.0,16000.0,10006.0
3192,2018-04-04,15750.0,15850.0,15700.0,15700.0,11603.0
3193,2018-04-04,15750.0,15850.0,15700.0,15800.0,7220.0
3194,2018-04-04,15800.0,15850.0,15700.0,15750.0,25691.0
3195,2018-04-04,16000.0,16100.0,15850.0,15950.0,20930.0
3196,2018-04-04,15850.0,15900.0,15800.0,15850.0,10375.0
3197,2018-04-04,15950.0,15950.0,15800.0,15850.0,14518.0
3198,2018-04-04,15900.0,15900.0,15800.0,15800.0,9785.0
3199,2018-04-05,15900.0,16050.0,15850.0,15950.0,7286.0
3200,2018-04-05,15900.0,16000.0,15850.0,15900.0,8135.0
3201,2018-04-05,15900.0,15950.0,15800.0,15900.0,4662.0
3202,2018-04-05,15900.0,15950.0,15850.0,15900.0,8117.0
3203,2018-04-05,15950.0,15950.0,15850.0,15900.0,7092.0
3204,2018-04-05,15900.0,15900.0,15800.0,15850.0,9164.0
3205,2018-04-05,15850.0,15950.0,15750.0,15950.0,8006.0
3206,2018-04-06,15600.0,15650.0,15550.0,15650.0,19652.0
3207,2018-04-06,15800.0,15800.0,15600.0,15600.0,31344.0
3208,2018-04-06,15750.0,15800.0,15700.0,15800.0,4454.0
3209,2018-04-06,15900.0,15950.0,15750.0,15750.0,13570.0
3210,2018-04-06,15750.0,15750.0,15700.0,15700.0,5372.0
3211,2018-04-06,15750.0,15800.0,15600.0,15750.0,18866.0
3212,2018-04-06,15750.0,15800.0,15700.0,15700.0,6324.0
3213,2018-04-09,15600.0,15650.0,15500.0,15600.0,14806.0
3214,2018-04-09,15550.0,15650.0,15500.0,15500.0,15060.0
3215,2018-04-09,15650.0,15700.0,15600.0,15650.0,3932.0
3216,2018-04-09,15600.0,15750.0,15550.0,15700.0,10047.0
3217,2018-04-09,15650.0,15700.0,15500.0,15700.0,9952.0
3218,2018-04-09,15700.0,15700.0,15600.0,15650.0,3467.0
3219,2018-04-09,15650.0,15700.0,15600.0,15700.0,2579.0
3220,2018-04-10,15550.0,15650.0,15350.0,15450.0,17404.0
3221,2018-04-10,15400.0,15450.0,15300.0,15400.0,13510.0
3222,2018-04-10,15450.0,15550.0,15400.0,15550.0,5189.0
3223,2018-04-10,15550.0,15550.0,15400.0,15500.0,7925.0
3224,2018-04-10,15500.0,15500.0,15400.0,15500.0,6226.0
3225,2018-04-10,15450.0,15500.0,15400.0,15450.0,12907.0
3226,2018-04-10,15500.0,15500.0,15350.0,15450.0,11194.0
3227,2018-04-11,15600.0,15650.0,15500.0,15600.0,13076.0
3228,2018-04-11,15550.0,15650.0,15550.0,15650.0,3868.0
3229,2018-04-11,15700.0,15700.0,15550.0,15600.0,5180.0
3230,2018-04-11,15500.0,15800.0,15450.0,15750.0,28664.0
3231,2018-04-11,15650.0,15700.0,15600.0,15650.0,5478.0
3232,2018-04-11,15650.0,15700.0,15600.0,15650.0,7211.0
3233,2018-04-11,15700.0,15700.0,15650.0,15650.0,5999.0
3234,2018-04-12,15650.0,15700.0,15600.0,15650.0,6364.0
3235,2018-04-12,15650.0,15700.0,15650.0,15700.0,7937.0
3236,2018-04-12,15700.0,15700.0,15600.0,15650.0,6637.0
3237,2018-04-12,15700.0,15700.0,15650.0,15650.0,3435.0
3238,2018-04-12,15650.0,15800.0,15650.0,15750.0,9953.0
3239,2018-04-12,15800.0,15850.0,15700.0,15750.0,13659.0
3240,2018-04-12,15750.0,15800.0,15650.0,15750.0,13898.0
3241,2018-04-13,15900.0,15900.0,15800.0,15900.0,7981.0
3242,2018-04-13,15800.0,15900.0,15750.0,15900.0,5106.0
3243,2018-04-13,15800.0,15900.0,15750.0,15850.0,3876.0
3244,2018-04-13,15900.0,15900.0,15800.0,15800.0,2157.0
3245,2018-04-13,15750.0,15800.0,15700.0,15800.0,3984.0
3246,2018-04-13,15700.0,15800.0,15650.0,15750.0,12130.0
3247,2018-04-13,15800.0,15900.0,15750.0,15900.0,4782.0
3248,2018-04-16,15900.0,15950.0,15700.0,15850.0,15334.0
3249,2018-04-16,15850.0,15950.0,15800.0,15900.0,7028.0
3250,2018-04-16,15850.0,15850.0,15750.0,15800.0,2073.0
3251,2018-04-16,15800.0,15850.0,15800.0,15850.0,1463.0
3252,2018-04-16,15850.0,15900.0,15800.0,15800.0,3571.0
3253,2018-04-16,15850.0,15850.0,15750.0,15800.0,3969.0
3254,2018-04-16,15800.0,15850.0,15800.0,15850.0,1631.0
3255,2018-04-17,15400.0,15500.0,15400.0,15400.0,38328.0
3256,2018-04-17,15500.0,15550.0,15400.0,15400.0,26670.0
3257,2018-04-17,15400.0,15500.0,15400.0,15400.0,15477.0
3258,2018-04-17,15700.0,15750.0,15500.0,15500.0,39368.0
3259,2018-04-17,15800.0,15800.0,15700.0,15700.0,9112.0
3260,2018-04-17,15500.0,15600.0,15450.0,15500.0,34269.0
3261,2018-04-17,15750.0,15800.0,15700.0,15750.0,25556.0
3262,2018-04-18,15650.0,15750.0,15650.0,15700.0,8350.0
3263,2018-04-18,15550.0,15800.0,15500.0,15700.0,18527.0
3264,2018-04-18,15600.0,15600.0,15500.0,15600.0,10604.0
3265,2018-04-18,15450.0,15600.0,15450.0,15600.0,25264.0
3266,2018-04-18,15550.0,15650.0,15500.0,15550.0,22529.0
3267,2018-04-18,15600.0,15600.0,15500.0,15500.0,6824.0
3268,2018-04-18,15600.0,15600.0,15500.0,15600.0,5633.0
3269,2018-04-19,15600.0,15850.0,15600.0,15750.0,17975.0
3270,2018-04-19,15700.0,15750.0,15600.0,15650.0,12349.0
3271,2018-04-19,15600.0,15750.0,15600.0,15700.0,7339.0
3272,2018-04-19,15700.0,15750.0,15650.0,15650.0,3210.0
3273,2018-04-19,15650.0,15700.0,15600.0,15700.0,6122.0
3274,2018-04-19,15700.0,15750.0,15600.0,15650.0,10898.0
3275,2018-04-19,15650.0,15750.0,15600.0,15700.0,6321.0
3276,2018-04-20,15600.0,15700.0,15550.0,15650.0,5022.0
3277,2018-04-20,15600.0,15700.0,15600.0,15650.0,6389.0
3278,2018-04-20,15600.0,15700.0,15550.0,15600.0,9053.0
3279,2018-04-20,15800.0,15900.0,15550.0,15800.0,18399.0
3280,2018-04-20,15700.0,15800.0,15600.0,15650.0,9987.0
3281,2018-04-20,15850.0,15850.0,15700.0,15750.0,6697.0
3282,2018-04-20,15600.0,15700.0,15600.0,15650.0,6564.0
3283,2018-04-23,15800.0,15800.0,15700.0,15800.0,12003.0
3284,2018-04-23,15750.0,15750.0,15700.0,15700.0,4410.0
3285,2018-04-23,15800.0,15800.0,15700.0,15750.0,12718.0
3286,2018-04-23,15650.0,15900.0,15600.0,15650.0,18514.0
3287,2018-04-23,15700.0,15800.0,15600.0,15750.0,11427.0
3288,2018-04-23,15650.0,15700.0,15650.0,15650.0,16877.0
3289,2018-04-23,15800.0,15800.0,15750.0,15800.0,7978.0
3290,2018-04-24,15800.0,15800.0,15550.0,15650.0,25027.0
3291,2018-04-24,15600.0,15650.0,15550.0,15650.0,5823.0
3292,2018-04-24,15650.0,15650.0,15550.0,15550.0,9566.0
3293,2018-04-24,15550.0,15650.0,15550.0,15600.0,5278.0
3294,2018-04-24,15550.0,15650.0,15550.0,15600.0,9970.0
3295,2018-04-24,15600.0,15650.0,15550.0,15550.0,11646.0
3296,2018-04-24,15550.0,15650.0,15550.0,15650.0,14824.0
3297,2018-04-25,15500.0,15500.0,15350.0,15400.0,29642.0
3298,2018-04-25,15400.0,15600.0,15400.0,15600.0,9062.0
3299,2018-04-25,15550.0,15550.0,15450.0,15500.0,5618.0
3300,2018-04-25,15550.0,15550.0,15450.0,15550.0,9803.0
3301,2018-04-25,15450.0,15550.0,15450.0,15550.0,6017.0
3302,2018-04-25,15550.0,15600.0,15450.0,15500.0,9038.0
3303,2018-04-25,15650.0,15700.0,15500.0,15550.0,13290.0
3304,2018-04-26,15600.0,15650.0,15450.0,15500.0,20645.0
3305,2018-04-26,15550.0,15700.0,15450.0,15700.0,28347.0
3306,2018-04-26,15700.0,15800.0,15600.0,15650.0,12276.0
3307,2018-04-26,15650.0,15750.0,15600.0,15700.0,12555.0
3308,2018-04-26,15650.0,15650.0,15500.0,15600.0,13069.0
3309,2018-04-26,15600.0,15600.0,15550.0,15550.0,6130.0
3310,2018-04-26,15600.0,15650.0,15500.0,15650.0,10402.0
3311,2018-04-27,15750.0,15900.0,15700.0,15900.0,7990.0
3312,2018-04-27,15800.0,15850.0,15700.0,15750.0,11091.0
3313,2018-04-27,15800.0,15850.0,15800.0,15800.0,5204.0
3314,2018-04-27,15800.0,15850.0,15700.0,15700.0,20574.0
3315,2018-04-27,15750.0,16100.0,15750.0,15850.0,50372.0
3316,2018-04-27,15700.0,15850.0,15700.0,15750.0,15232.0
3317,2018-04-27,15800.0,15900.0,15800.0,15800.0,6401.0
3318,2018-04-30,15850.0,15850.0,15700.0,15700.0,19317.0
3319,2018-04-30,15700.0,15850.0,15700.0,15850.0,12915.0
3320,2018-04-30,15850.0,15900.0,15750.0,15850.0,19696.0
3321,2018-04-30,16100.0,16100.0,15850.0,15950.0,27485.0
3322,2018-04-30,15850.0,15850.0,15800.0,15800.0,2506.0
3323,2018-04-30,15950.0,15950.0,15800.0,15850.0,12724.0
3324,2018-04-30,15850.0,15900.0,15800.0,15850.0,9257.0
3325,2018-05-02,15850.0,15900.0,15550.0,15650.0,26806.0
3326,2018-05-02,15650.0,15800.0,15600.0,15700.0,17005.0
3327,2018-05-02,15750.0,15750.0,15550.0,15650.0,14897.0
3328,2018-05-02,15650.0,15700.0,15600.0,15650.0,8041.0
3329,2018-05-02,15650.0,15700.0,15600.0,15650.0,7555.0
3330,2018-05-02,15650.0,15750.0,15650.0,15650.0,29002.0
3331,2018-05-02,15600.0,15700.0,15600.0,15650.0,14272.0
3332,2018-05-03,15750.0,15800.0,15700.0,15700.0,8438.0
3333,2018-05-03,15800.0,15850.0,15700.0,15700.0,11585.0
3334,2018-05-03,15850.0,15900.0,15750.0,15800.0,14884.0
3335,2018-05-03,15600.0,15650.0,15550.0,15650.0,20461.0
3336,2018-05-03,15650.0,15800.0,15650.0,15750.0,12468.0
3337,2018-05-03,15750.0,15850.0,15750.0,15850.0,8976.0
3338,2018-05-03,15750.0,15750.0,15650.0,15750.0,13096.0
3339,2018-05-04,15600.0,15750.0,15550.0,15650.0,16171.0
3340,2018-05-04,15650.0,15750.0,15550.0,15650.0,26640.0
3341,2018-05-04,15650.0,15700.0,15500.0,15550.0,30108.0
3342,2018-05-04,15550.0,15600.0,15500.0,15500.0,10092.0
3343,2018-05-04,15500.0,15600.0,15500.0,15500.0,15545.0
3344,2018-05-04,15500.0,15550.0,15450.0,15500.0,19630.0
3345,2018-05-04,15500.0,15550.0,15400.0,15500.0,30463.0
3346,2018-05-08,15450.0,15500.0,15350.0,15350.0,37096.0
3347,2018-05-08,15550.0,15600.0,15400.0,15400.0,16245.0
3348,2018-05-08,15600.0,15650.0,15550.0,15550.0,6799.0
3349,2018-05-08,15450.0,15600.0,15450.0,15550.0,12682.0
3350,2018-05-08,15550.0,15700.0,15500.0,15700.0,18995.0
3351,2018-05-08,15400.0,15600.0,15400.0,15400.0,21774.0
3352,2018-05-08,15650.0,15700.0,15600.0,15600.0,6025.0
3353,2018-05-09,15500.0,15600.0,15450.0,15600.0,16672.0
3354,2018-05-09,15600.0,15600.0,15500.0,15600.0,13970.0
3355,2018-05-09,15400.0,15550.0,15350.0,15500.0,14110.0
3356,2018-05-09,15250.0,15450.0,15200.0,15300.0,9933.0
3357,2018-05-09,15300.0,15500.0,15250.0,15350.0,11352.0
3358,2018-05-09,15350.0,15400.0,15300.0,15400.0,8478.0
3359,2018-05-09,15500.0,15500.0,15150.0,15250.0,44632.0
3360,2018-05-10,15400.0,15500.0,15350.0,15400.0,22755.0
3361,2018-05-10,15350.0,15450.0,15300.0,15350.0,30180.0
3362,2018-05-10,15350.0,15500.0,15350.0,15350.0,18979.0
3363,2018-05-10,15350.0,15400.0,15300.0,15350.0,12604.0
3364,2018-05-10,15350.0,15450.0,15350.0,15400.0,10543.0
3365,2018-05-10,15400.0,15450.0,15350.0,15400.0,15995.0
3366,2018-05-10,15400.0,15500.0,15350.0,15500.0,9838.0
3367,2018-05-11,15500.0,15500.0,15400.0,15400.0,12542.0
3368,2018-05-11,15500.0,15550.0,15450.0,15550.0,5948.0
3369,2018-05-11,15400.0,15600.0,15400.0,15450.0,17701.0
3370,2018-05-11,15450.0,15550.0,15450.0,15500.0,12216.0
3371,2018-05-11,15500.0,15550.0,15400.0,15450.0,14882.0
3372,2018-05-11,15400.0,15500.0,15350.0,15450.0,9505.0
3373,2018-05-11,15400.0,15600.0,15400.0,15500.0,11621.0
3374,2018-05-14,15550.0,15550.0,15400.0,15450.0,11287.0
3375,2018-05-14,15400.0,15500.0,15350.0,15450.0,16815.0
3376,2018-05-14,15450.0,15500.0,15400.0,15450.0,4088.0
3377,2018-05-14,15450.0,15500.0,15350.0,15350.0,6344.0
3378,2018-05-14,15400.0,15600.0,15400.0,15550.0,16396.0
3379,2018-05-14,15600.0,15700.0,15500.0,15700.0,23858.0
3380,2018-05-14,15650.0,15700.0,15500.0,15600.0,15562.0
3381,2018-05-15,15750.0,15800.0,15700.0,15800.0,26032.0
3382,2018-05-15,15500.0,15750.0,15500.0,15700.0,21478.0
3383,2018-05-15,15800.0,15850.0,15750.0,15850.0,17702.0
3384,2018-05-15,15400.0,15500.0,15400.0,15400.0,2896.0
3385,2018-05-15,15550.0,15550.0,15400.0,15400.0,9738.0
3386,2018-05-15,15500.0,15600.0,15400.0,15550.0,20092.0
3387,2018-05-15,15400.0,15450.0,15400.0,15450.0,7118.0
3388,2018-05-16,14800.0,14800.0,14650.0,14700.0,29111.0
3389,2018-05-16,14900.0,14950.0,14800.0,14800.0,27807.0
3390,2018-05-16,14800.0,14900.0,14700.0,14800.0,36124.0
3391,2018-05-16,14850.0,14950.0,14750.0,14950.0,52720.0
3392,2018-05-16,14950.0,15000.0,14750.0,14900.0,100530.0
3393,2018-05-16,14900.0,14950.0,14800.0,14900.0,38118.0
3394,2018-05-16,15350.0,15350.0,14800.0,15000.0,155698.0
3395,2018-05-17,13950.0,14000.0,13800.0,13950.0,46947.0
3396,2018-05-17,14700.0,14750.0,14000.0,14100.0,132667.0
3397,2018-05-17,14100.0,14200.0,14000.0,14150.0,72242.0
3398,2018-05-17,14150.0,14150.0,13900.0,14000.0,85700.0
3399,2018-05-17,14050.0,14150.0,14000.0,14100.0,12136.0
3400,2018-05-17,14100.0,14150.0,14000.0,14050.0,16355.0
3401,2018-05-17,14050.0,14100.0,13700.0,13950.0,147504.0
3402,2018-05-18,13650.0,13700.0,13550.0,13600.0,57462.0
3403,2018-05-18,13650.0,13700.0,13550.0,13700.0,38695.0
3404,2018-05-18,13650.0,13750.0,13600.0,13650.0,43936.0
3405,2018-05-18,13900.0,14050.0,13700.0,13850.0,51098.0
3406,2018-05-18,13750.0,13850.0,13700.0,13700.0,26367.0
3407,2018-05-18,13800.0,13900.0,13700.0,13800.0,24625.0
3408,2018-05-18,13700.0,13800.0,13600.0,13600.0,34297.0
3409,2018-05-21,13700.0,13700.0,13500.0,13600.0,47567.0
3410,2018-05-21,13600.0,13800.0,13550.0,13700.0,27334.0
3411,2018-05-21,13700.0,13850.0,13700.0,13750.0,26725.0
3412,2018-05-21,13750.0,13750.0,13600.0,13700.0,16588.0
3413,2018-05-21,13700.0,13750.0,13600.0,13700.0,11884.0
3414,2018-05-21,13700.0,13750.0,13650.0,13650.0,15014.0
3415,2018-05-21,13650.0,13750.0,13650.0,13750.0,12204.0
3416,2018-05-23,13700.0,13700.0,13600.0,13600.0,13307.0
3417,2018-05-23,13650.0,13700.0,13600.0,13700.0,5104.0
3418,2018-05-23,13700.0,13700.0,13600.0,13600.0,11772.0
3419,2018-05-23,13650.0,13800.0,13550.0,13750.0,28878.0
3420,2018-05-23,13700.0,13750.0,13650.0,13700.0,7819.0
3421,2018-05-23,13750.0,13750.0,13650.0,13700.0,5778.0
3422,2018-05-23,13700.0,13700.0,13650.0,13700.0,7786.0
3423,2018-05-24,13500.0,13550.0,13500.0,13500.0,7957.0
3424,2018-05-24,13500.0,13600.0,13450.0,13500.0,13567.0
3425,2018-05-24,13550.0,13600.0,13450.0,13500.0,5900.0
3426,2018-05-24,13600.0,13750.0,13550.0,13650.0,32238.0
3427,2018-05-24,13550.0,13600.0,13400.0,13550.0,14858.0
3428,2018-05-24,13600.0,13650.0,13500.0,13600.0,10374.0
3429,2018-05-24,13500.0,13550.0,13450.0,13550.0,4727.0
3430,2018-05-25,13400.0,13400.0,13250.0,13400.0,20720.0
3431,2018-05-25,13400.0,13450.0,13300.0,13450.0,6430.0
3432,2018-05-25,13450.0,13550.0,13450.0,13450.0,6052.0
3433,2018-05-25,13450.0,13500.0,13450.0,13450.0,7874.0
3434,2018-05-25,13450.0,13500.0,13400.0,13400.0,12507.0
3435,2018-05-25,13450.0,13500.0,13350.0,13450.0,11027.0
3436,2018-05-25,13400.0,13500.0,13350.0,13500.0,8581.0
3437,2018-05-28,13550.0,13650.0,13550.0,13600.0,4047.0
3438,2018-05-28,13600.0,13650.0,13550.0,13550.0,8708.0
3439,2018-05-28,13700.0,13700.0,13600.0,13600.0,14323.0
3440,2018-05-28,13600.0,13800.0,13500.0,13700.0,26107.0
3441,2018-05-28,13700.0,13750.0,13650.0,13750.0,11261.0
3442,2018-05-28,13650.0,13700.0,13600.0,13650.0,8386.0
3443,2018-05-28,13750.0,13800.0,13650.0,13700.0,6009.0
3444,2018-05-29,13550.0,13550.0,13250.0,13300.0,38564.0
3445,2018-05-29,13350.0,13450.0,13300.0,13400.0,10906.0
3446,2018-05-29,13400.0,13450.0,13350.0,13400.0,5450.0
3447,2018-05-29,13400.0,13450.0,13300.0,13350.0,7777.0
3448,2018-05-29,13350.0,13450.0,13300.0,13450.0,4856.0
3449,2018-05-29,13400.0,13450.0,13300.0,13350.0,15178.0
3450,2018-05-29,13350.0,13400.0,13300.0,13300.0,18218.0
3451,2018-05-30,12850.0,12950.0,12800.0,12950.0,17862.0
3452,2018-05-30,12950.0,13000.0,12850.0,12950.0,23960.0
3453,2018-05-30,12950.0,12950.0,12700.0,12800.0,43597.0
3454,2018-05-30,13000.0,13050.0,12950.0,13000.0,12534.0
3455,2018-05-30,13100.0,13150.0,12900.0,13000.0,28239.0
3456,2018-05-30,13250.0,13350.0,12900.0,13100.0,50375.0
3457,2018-05-30,13000.0,13000.0,12850.0,12950.0,26581.0
3458,2018-05-31,13150.0,13250.0,13100.0,13250.0,42817.0
3459,2018-05-31,13100.0,13150.0,13000.0,13050.0,6185.0
3460,2018-05-31,13000.0,13200.0,13000.0,13100.0,20597.0
3461,2018-05-31,12950.0,13100.0,12900.0,13050.0,13788.0
3462,2018-05-31,13050.0,13050.0,12800.0,12950.0,22113.0
3463,2018-05-31,13050.0,13100.0,13000.0,13050.0,7680.0
3464,2018-05-31,13000.0,13200.0,12900.0,13050.0,16514.0
3465,2018-06-01,13750.0,13850.0,13750.0,13850.0,37825.0
3466,2018-06-01,13350.0,13600.0,13300.0,13550.0,41071.0
3467,2018-06-01,13600.0,13800.0,13500.0,13600.0,53507.0
3468,2018-06-01,13600.0,13800.0,13600.0,13750.0,33024.0
3469,2018-06-01,13750.0,13800.0,13700.0,13700.0,19668.0
3470,2018-06-01,13750.0,13750.0,13650.0,13700.0,18372.0
3471,2018-06-01,13700.0,13800.0,13650.0,13750.0,19548.0
3472,2018-06-04,13850.0,13950.0,13850.0,13900.0,16169.0
3473,2018-06-04,13900.0,13950.0,13850.0,13950.0,18528.0
3474,2018-06-04,13800.0,13900.0,13750.0,13850.0,10733.0
3475,2018-06-04,13950.0,14000.0,13700.0,13750.0,37096.0
3476,2018-06-04,13800.0,13950.0,13800.0,13900.0,16698.0
3477,2018-06-04,13750.0,13850.0,13750.0,13800.0,4939.0
3478,2018-06-04,13900.0,13950.0,13750.0,13800.0,7769.0
3479,2018-06-05,13800.0,14100.0,13800.0,13950.0,39282.0
3480,2018-06-05,13950.0,14000.0,13900.0,13900.0,10938.0
3481,2018-06-05,13950.0,13950.0,13850.0,13900.0,7898.0
3482,2018-06-05,13900.0,13900.0,13850.0,13900.0,2309.0
3483,2018-06-05,13900.0,13950.0,13850.0,13950.0,13765.0
3484,2018-06-05,13950.0,13950.0,13900.0,13950.0,10539.0
3485,2018-06-05,13950.0,13950.0,13900.0,13950.0,9158.0
3486,2018-06-07,14000.0,14050.0,13950.0,13950.0,17748.0
3487,2018-06-07,14050.0,14100.0,14000.0,14000.0,12798.0
3488,2018-06-07,14050.0,14050.0,14000.0,14050.0,4275.0
3489,2018-06-07,13950.0,14100.0,13750.0,14050.0,33358.0
3490,2018-06-07,13950.0,14200.0,13950.0,14050.0,36972.0
3491,2018-06-07,14000.0,14050.0,13950.0,14000.0,5382.0
3492,2018-06-07,14050.0,14050.0,13950.0,14050.0,6514.0
3493,2018-06-08,14200.0,14350.0,14150.0,14300.0,31765.0
3494,2018-06-08,14300.0,14300.0,14150.0,14250.0,28332.0
3495,2018-06-08,14200.0,14250.0,14150.0,14200.0,8484.0
3496,2018-06-08,13950.0,14150.0,13850.0,14000.0,22850.0
3497,2018-06-08,14100.0,14100.0,14000.0,14050.0,6935.0
3498,2018-06-08,14000.0,14100.0,13900.0,14100.0,13532.0
3499,2018-06-08,14100.0,14250.0,14050.0,14200.0,48348.0
3500,2018-06-11,14400.0,14450.0,14150.0,14450.0,20765.0
3501,2018-06-11,14400.0,14500.0,14350.0,14500.0,22261.0
3502,2018-06-11,14450.0,14500.0,14350.0,14400.0,11160.0
3503,2018-06-11,14400.0,14450.0,14350.0,14400.0,6902.0
3504,2018-06-11,14400.0,14450.0,14300.0,14400.0,13877.0
3505,2018-06-11,14400.0,14450.0,14300.0,14350.0,12837.0
3506,2018-06-11,14400.0,14450.0,14350.0,14350.0,7404.0
3507,2018-06-12,14650.0,14750.0,14600.0,14750.0,18615.0
3508,2018-06-12,14750.0,14750.0,14600.0,14700.0,12050.0
3509,2018-06-12,14650.0,14700.0,14600.0,14650.0,13645.0
3510,2018-06-12,14450.0,14550.0,14150.0,14500.0,31803.0
3511,2018-06-12,14600.0,14700.0,14550.0,14700.0,20094.0
3512,2018-06-12,14450.0,14650.0,14450.0,14600.0,27526.0
3513,2018-06-12,14700.0,14700.0,14600.0,14650.0,15326.0
3514,2018-06-14,14700.0,15050.0,14600.0,14850.0,54966.0
3515,2018-06-14,14850.0,14900.0,14700.0,14700.0,23021.0
3516,2018-06-14,14750.0,14800.0,14700.0,14750.0,22070.0
3517,2018-06-14,14700.0,14800.0,14700.0,14750.0,15322.0
3518,2018-06-14,14700.0,14850.0,14700.0,14800.0,13337.0
3519,2018-06-14,14800.0,14900.0,14750.0,14800.0,27185.0
3520,2018-06-14,14800.0,14800.0,14700.0,14800.0,73062.0
3521,2018-06-15,14800.0,14850.0,14750.0,14750.0,28410.0
3522,2018-06-15,14850.0,14850.0,14700.0,14800.0,48127.0
3523,2018-06-15,14450.0,14900.0,14400.0,14850.0,52494.0
3524,2018-06-15,14550.0,14600.0,14400.0,14500.0,11020.0
3525,2018-06-15,14550.0,14650.0,14450.0,14550.0,8229.0
3526,2018-06-15,14600.0,14750.0,14500.0,14550.0,21547.0
3527,2018-06-15,14500.0,14600.0,14400.0,14500.0,7459.0
3528,2018-06-18,14550.0,14750.0,14500.0,14550.0,22196.0
3529,2018-06-18,14550.0,14550.0,14200.0,14200.0,40049.0
3530,2018-06-18,14250.0,14400.0,14200.0,14350.0,23201.0
3531,2018-06-18,14350.0,14350.0,14200.0,14350.0,12753.0
3532,2018-06-18,14350.0,14350.0,14200.0,14250.0,18554.0
3533,2018-06-18,14250.0,14350.0,14050.0,14100.0,38700.0
3534,2018-06-18,14100.0,14200.0,14000.0,14200.0,22512.0
3535,2018-06-19,14450.0,14550.0,14350.0,14500.0,39608.0
3536,2018-06-19,14450.0,14500.0,14150.0,14150.0,38422.0
3537,2018-06-19,14500.0,14500.0,14400.0,14450.0,19579.0
3538,2018-06-19,14100.0,14550.0,14100.0,14500.0,48410.0
3539,2018-06-19,14550.0,14550.0,14400.0,14450.0,28084.0
3540,2018-06-19,14500.0,14500.0,14400.0,14500.0,23101.0
3541,2018-06-19,14500.0,14700.0,14400.0,14550.0,65673.0
3542,2018-06-20,14150.0,14650.0,14150.0,14550.0,33619.0
3543,2018-06-20,14550.0,14550.0,14450.0,14500.0,11007.0
3544,2018-06-20,14500.0,14600.0,14450.0,14500.0,9003.0
3545,2018-06-20,14500.0,14550.0,14400.0,14450.0,9278.0
3546,2018-06-20,14400.0,14550.0,14350.0,14500.0,16877.0
3547,2018-06-20,14550.0,14650.0,14500.0,14600.0,34052.0
3548,2018-06-20,14550.0,14650.0,14550.0,14650.0,12052.0
3549,2018-06-21,14850.0,14900.0,14800.0,14800.0,34838.0
3550,2018-06-21,14850.0,14950.0,14850.0,14850.0,48026.0
3551,2018-06-21,14850.0,14950.0,14800.0,14850.0,21117.0
3552,2018-06-21,14600.0,14900.0,14550.0,14900.0,32863.0
3553,2018-06-21,14950.0,15000.0,14850.0,14900.0,30947.0
3554,2018-06-21,14600.0,14700.0,14500.0,14650.0,16311.0
3555,2018-06-21,14900.0,14950.0,14800.0,14900.0,15020.0
3556,2018-06-22,14800.0,14850.0,14700.0,14800.0,32426.0
3557,2018-06-22,14800.0,14850.0,14700.0,14850.0,23613.0
3558,2018-06-22,14850.0,14850.0,14800.0,14850.0,23392.0
3559,2018-06-22,14900.0,15000.0,14850.0,14950.0,21622.0
3560,2018-06-22,14950.0,14950.0,14750.0,14850.0,27711.0
3561,2018-06-22,14850.0,15000.0,14750.0,14900.0,50995.0
3562,2018-06-22,14800.0,14900.0,14750.0,14800.0,16463.0
3563,2018-06-25,15050.0,15700.0,14900.0,15650.0,242312.0
3564,2018-06-25,15650.0,16050.0,15550.0,16050.0,273704.0
3565,2018-06-25,16050.0,16050.0,15750.0,15750.0,88247.0
3566,2018-06-25,15800.0,15950.0,15750.0,15950.0,56255.0
3567,2018-06-25,15950.0,16000.0,15850.0,16000.0,37758.0
3568,2018-06-25,16000.0,16050.0,15800.0,16000.0,116748.0
3569,2018-06-25,15950.0,16000.0,15900.0,15950.0,53635.0
3570,2018-06-26,16950.0,17300.0,16850.0,17300.0,107114.0
3571,2018-06-26,16750.0,16950.0,16700.0,16850.0,50335.0
3572,2018-06-26,16900.0,16950.0,16600.0,16950.0,79475.0
3573,2018-06-26,17150.0,17300.0,16950.0,17050.0,167480.0
3574,2018-06-26,16100.0,17100.0,16000.0,16800.0,605018.0
3575,2018-06-26,16750.0,17500.0,16750.0,17200.0,298173.0
3576,2018-06-26,17050.0,17050.0,16600.0,16800.0,113302.0
3577,2018-06-27,17350.0,17400.0,16800.0,17400.0,174725.0
3578,2018-06-27,17400.0,17650.0,17200.0,17300.0,93214.0
3579,2018-06-27,17300.0,17450.0,17100.0,17350.0,41569.0
3580,2018-06-27,17400.0,17400.0,17200.0,17300.0,28255.0
3581,2018-06-27,17350.0,17450.0,17250.0,17400.0,76544.0
3582,2018-06-27,17400.0,17450.0,17300.0,17400.0,45927.0
3583,2018-06-27,17350.0,17400.0,17300.0,17300.0,39739.0
3584,2018-06-28,17050.0,17100.0,16750.0,16750.0,57238.0
3585,2018-06-28,17300.0,17300.0,16900.0,17000.0,57871.0
3586,2018-06-28,17250.0,17400.0,17150.0,17300.0,26191.0
3587,2018-06-28,17150.0,17350.0,16700.0,17000.0,168078.0
3588,2018-06-28,17200.0,17300.0,17150.0,17300.0,42885.0
3589,2018-06-28,16950.0,17200.0,16900.0,17200.0,28122.0
3590,2018-06-28,17300.0,17500.0,17200.0,17250.0,43476.0
3591,2018-06-29,17650.0,17900.0,17550.0,17900.0,162123.0
3592,2018-06-29,17850.0,17900.0,17550.0,17700.0,92061.0
3593,2018-06-29,17600.0,17700.0,17500.0,17650.0,98937.0
3594,2018-06-29,17000.0,17650.0,17000.0,17250.0,154457.0
3595,2018-06-29,17250.0,17400.0,17050.0,17400.0,45270.0
3596,2018-06-29,17200.0,17300.0,17100.0,17250.0,43947.0
3597,2018-06-29,17400.0,17600.0,17300.0,17600.0,50539.0
3598,2018-07-02,17800.0,18350.0,17700.0,18050.0,195582.0
3599,2018-07-02,18050.0,18650.0,17950.0,18500.0,178904.0
3600,2018-07-02,18550.0,18650.0,18400.0,18500.0,73913.0
3601,2018-07-02,18500.0,18550.0,18300.0,18350.0,61561.0
3602,2018-07-02,18350.0,18500.0,18200.0,18500.0,80667.0
3603,2018-07-02,18500.0,18500.0,17950.0,18050.0,94787.0
3604,2018-07-02,18050.0,18150.0,17950.0,18050.0,52514.0
3605,2018-07-03,18250.0,18300.0,18100.0,18200.0,31502.0
3606,2018-07-03,18000.0,18300.0,17800.0,18250.0,47619.0
3607,2018-07-03,18100.0,18100.0,17700.0,18050.0,63715.0
3608,2018-07-03,17850.0,18250.0,17800.0,18150.0,72438.0
3609,2018-07-03,18200.0,18450.0,18150.0,18250.0,59963.0
3610,2018-07-03,18250.0,18250.0,17900.0,18100.0,61646.0
3611,2018-07-03,18150.0,18350.0,17500.0,17850.0,157514.0
3612,2018-07-04,18300.0,18500.0,18250.0,18500.0,52199.0
3613,2018-07-04,18450.0,18500.0,18150.0,18300.0,35504.0
3614,2018-07-04,18300.0,18350.0,18050.0,18250.0,37000.0
3615,2018-07-04,18250.0,18350.0,18100.0,18300.0,28781.0
3616,2018-07-04,18300.0,18400.0,18150.0,18150.0,29068.0
3617,2018-07-04,18200.0,18250.0,18000.0,18150.0,36927.0
3618,2018-07-04,18150.0,18450.0,17900.0,18250.0,80034.0
3619,2018-07-05,19000.0,19050.0,18950.0,19050.0,91878.0
3620,2018-07-05,18900.0,19000.0,18850.0,18950.0,56525.0
3621,2018-07-05,18750.0,18900.0,18700.0,18900.0,52718.0
3622,2018-07-05,18700.0,19000.0,18700.0,18950.0,81763.0
3623,2018-07-05,18600.0,19100.0,18550.0,18750.0,203006.0
3624,2018-07-05,18300.0,18900.0,18150.0,18550.0,208557.0
3625,2018-07-05,18950.0,18950.0,18800.0,18800.0,36148.0
3626,2018-07-06,18750.0,18950.0,18750.0,18950.0,28971.0
3627,2018-07-06,18900.0,18900.0,18700.0,18750.0,43807.0
3628,2018-07-06,18700.0,18900.0,18550.0,18900.0,52596.0
3629,2018-07-06,18650.0,18700.0,18550.0,18700.0,33199.0
3630,2018-07-06,18650.0,18900.0,18650.0,18650.0,54422.0
3631,2018-07-06,19100.0,19250.0,18450.0,18650.0,164735.0
3632,2018-07-06,18700.0,18800.0,18650.0,18700.0,22186.0
3633,2018-07-09,19450.0,19450.0,18750.0,18850.0,118569.0
3634,2018-07-09,18950.0,19000.0,18800.0,19000.0,29039.0
3635,2018-07-09,18950.0,19000.0,18650.0,18800.0,37799.0
3636,2018-07-09,18800.0,18850.0,18650.0,18750.0,39665.0
3637,2018-07-09,18750.0,18850.0,18650.0,18700.0,20464.0
3638,2018-07-09,18700.0,18800.0,18500.0,18600.0,37790.0
3639,2018-07-09,18600.0,18650.0,18550.0,18600.0,32700.0
3640,2018-07-10,19100.0,19200.0,19050.0,19100.0,18903.0
3641,2018-07-10,19050.0,19200.0,19050.0,19150.0,21823.0
3642,2018-07-10,18900.0,19100.0,18900.0,19050.0,16489.0
3643,2018-07-10,19000.0,19200.0,18950.0,19000.0,17168.0
3644,2018-07-10,19100.0,19200.0,18950.0,19000.0,30751.0
3645,2018-07-10,19050.0,19100.0,18800.0,18900.0,26560.0
3646,2018-07-10,18950.0,19450.0,18800.0,19150.0,167247.0
3647,2018-07-11,18850.0,18900.0,18550.0,18700.0,64895.0
3648,2018-07-11,18700.0,18900.0,18550.0,18800.0,45668.0
3649,2018-07-11,18750.0,18950.0,18750.0,18950.0,16630.0
3650,2018-07-11,18950.0,18950.0,18800.0,18850.0,19415.0
3651,2018-07-11,18850.0,19100.0,18800.0,18800.0,48676.0
3652,2018-07-11,18800.0,18850.0,18650.0,18650.0,43050.0
3653,2018-07-11,18800.0,19050.0,18650.0,18900.0,62878.0
3654,2018-07-12,18700.0,18700.0,18550.0,18550.0,23268.0
3655,2018-07-12,18550.0,18550.0,18400.0,18450.0,32067.0
3656,2018-07-12,18600.0,18800.0,18500.0,18700.0,56486.0
3657,2018-07-12,18650.0,18900.0,18600.0,18650.0,65055.0
3658,2018-07-12,18850.0,19200.0,18600.0,18650.0,130631.0
3659,2018-07-12,18650.0,18700.0,18350.0,18550.0,67327.0
3660,2018-07-12,18450.0,18650.0,18450.0,18600.0,35628.0
3661,2018-07-13,18600.0,18650.0,17800.0,17950.0,206547.0
3662,2018-07-13,17950.0,18000.0,17650.0,17800.0,76659.0
3663,2018-07-13,17850.0,18100.0,17800.0,17900.0,60805.0
3664,2018-07-13,17900.0,18300.0,17900.0,18200.0,70028.0
3665,2018-07-13,18200.0,18300.0,18100.0,18150.0,30232.0
3666,2018-07-13,18150.0,18200.0,18100.0,18150.0,23786.0
3667,2018-07-13,18150.0,18300.0,18150.0,18250.0,49846.0
3668,2018-07-16,18100.0,18150.0,18000.0,18000.0,29452.0
3669,2018-07-16,17950.0,18000.0,17850.0,17900.0,33230.0
3670,2018-07-16,18050.0,18100.0,17850.0,18000.0,48158.0
3671,2018-07-16,18150.0,18200.0,18050.0,18100.0,37769.0
3672,2018-07-16,18300.0,18650.0,18100.0,18150.0,111539.0
3673,2018-07-16,18300.0,18350.0,17950.0,18350.0,86053.0
3674,2018-07-16,18150.0,18150.0,18000.0,18150.0,21922.0
3675,2018-07-17,18000.0,18300.0,17900.0,17900.0,68771.0
3676,2018-07-17,17950.0,18100.0,17800.0,18000.0,32960.0
3677,2018-07-17,18000.0,18050.0,17950.0,18050.0,7433.0
3678,2018-07-17,18000.0,18050.0,17950.0,18050.0,12142.0
3679,2018-07-17,18000.0,18050.0,17950.0,18000.0,9942.0
3680,2018-07-17,18000.0,18050.0,17750.0,18050.0,36019.0
3681,2018-07-17,18000.0,18050.0,17850.0,17950.0,20362.0
3682,2018-07-18,17650.0,17750.0,17550.0,17650.0,31978.0
3683,2018-07-18,17950.0,17950.0,17600.0,17650.0,54620.0
3684,2018-07-18,17900.0,17950.0,17900.0,17950.0,5553.0
3685,2018-07-18,17950.0,18200.0,17850.0,18000.0,54369.0
3686,2018-07-18,18000.0,18100.0,18000.0,18000.0,19237.0
3687,2018-07-18,18000.0,18150.0,17950.0,18000.0,42346.0
3688,2018-07-18,18000.0,18050.0,17900.0,17900.0,11155.0
3689,2018-07-19,17950.0,18100.0,17900.0,18100.0,28745.0
3690,2018-07-19,18100.0,18100.0,17850.0,17850.0,35032.0
3691,2018-07-19,18050.0,18050.0,17900.0,17900.0,21170.0
3692,2018-07-19,17750.0,18350.0,17700.0,18050.0,132785.0
3693,2018-07-19,18050.0,18150.0,18000.0,18100.0,23614.0
3694,2018-07-19,18100.0,18150.0,17800.0,18100.0,43013.0
3695,2018-07-19,18100.0,18150.0,17950.0,18050.0,23007.0
3696,2018-07-20,17850.0,18200.0,17750.0,17900.0,55706.0
3697,2018-07-20,17850.0,18000.0,17600.0,17650.0,37524.0
3698,2018-07-20,17600.0,17900.0,17600.0,17850.0,14226.0
3699,2018-07-20,17850.0,17850.0,17700.0,17750.0,9438.0
3700,2018-07-20,17800.0,17800.0,17550.0,17600.0,18568.0
3701,2018-07-20,17600.0,17700.0,17400.0,17550.0,43246.0
3702,2018-07-20,17600.0,17650.0,17450.0,17550.0,23911.0
3703,2018-07-23,17000.0,17100.0,16850.0,16900.0,48738.0
3704,2018-07-23,17250.0,17300.0,16950.0,17000.0,37331.0
3705,2018-07-23,17300.0,17350.0,17200.0,17200.0,11907.0
3706,2018-07-23,17550.0,17700.0,17450.0,17500.0,19982.0
3707,2018-07-23,17300.0,17400.0,17000.0,17000.0,57960.0
3708,2018-07-23,17450.0,17600.0,17200.0,17350.0,44967.0
3709,2018-07-23,17100.0,17400.0,17050.0,17350.0,15601.0
3710,2018-07-24,17000.0,17400.0,17000.0,17250.0,52805.0
3711,2018-07-24,17300.0,17450.0,17200.0,17350.0,39674.0
3712,2018-07-24,17400.0,17500.0,17350.0,17400.0,25274.0
3713,2018-07-24,17350.0,17400.0,17100.0,17300.0,22758.0
3714,2018-07-24,17300.0,17350.0,17200.0,17300.0,8907.0
3715,2018-07-24,17300.0,17450.0,17200.0,17350.0,16382.0
3716,2018-07-24,17350.0,17450.0,17300.0,17400.0,12276.0
3717,2018-07-25,17050.0,17300.0,17000.0,17300.0,42397.0
3718,2018-07-25,17250.0,17300.0,17100.0,17150.0,15271.0
3719,2018-07-25,17200.0,17200.0,17000.0,17050.0,40310.0
3720,2018-07-25,17250.0,17400.0,17150.0,17300.0,13195.0
3721,2018-07-25,17200.0,17300.0,17050.0,17200.0,31211.0
3722,2018-07-25,17400.0,17550.0,17150.0,17200.0,35376.0
3723,2018-07-25,17300.0,17400.0,17200.0,17250.0,6737.0
3724,2018-07-26,17700.0,17900.0,17650.0,17850.0,29713.0
3725,2018-07-26,17400.0,17600.0,17400.0,17550.0,11789.0
3726,2018-07-26,17500.0,17700.0,17500.0,17700.0,31986.0
3727,2018-07-26,17550.0,17600.0,17400.0,17500.0,9376.0
3728,2018-07-26,17250.0,17600.0,17200.0,17550.0,36484.0
3729,2018-07-26,17450.0,17500.0,17400.0,17450.0,9441.0
3730,2018-07-26,17400.0,17500.0,17150.0,17300.0,29456.0
3731,2018-07-27,17200.0,17250.0,17100.0,17150.0,29356.0
3732,2018-07-27,17800.0,17800.0,17450.0,17750.0,22757.0
3733,2018-07-27,17700.0,17700.0,17450.0,17450.0,26087.0
3734,2018-07-27,17450.0,17550.0,17450.0,17450.0,18329.0
3735,2018-07-27,17450.0,17600.0,17450.0,17450.0,17650.0
3736,2018-07-27,17450.0,17500.0,17350.0,17400.0,27008.0
3737,2018-07-27,17350.0,17400.0,17150.0,17200.0,44120.0
3738,2018-07-30,17000.0,17000.0,16900.0,16950.0,10909.0
3739,2018-07-30,17000.0,17000.0,16850.0,16950.0,7782.0
3740,2018-07-30,16850.0,17000.0,16850.0,16950.0,5202.0
3741,2018-07-30,17000.0,17100.0,16300.0,16600.0,74732.0
3742,2018-07-30,16950.0,17050.0,16900.0,16950.0,10430.0
3743,2018-07-30,16550.0,17000.0,16500.0,17000.0,35545.0
3744,2018-07-30,16900.0,16950.0,16800.0,16850.0,5339.0
3745,2018-07-31,17050.0,17100.0,16750.0,17100.0,21291.0
3746,2018-07-31,17100.0,17200.0,16900.0,16900.0,19805.0
3747,2018-07-31,16950.0,17000.0,16900.0,16950.0,8351.0
3748,2018-07-31,16900.0,16950.0,16800.0,16950.0,18615.0
3749,2018-07-31,16950.0,16950.0,16850.0,16900.0,11115.0
3750,2018-07-31,16900.0,16950.0,16850.0,16950.0,10866.0
3751,2018-07-31,16950.0,16950.0,16850.0,16850.0,22767.0
3752,2018-08-01,16800.0,16950.0,16750.0,16900.0,13725.0
3753,2018-08-01,16700.0,16850.0,16650.0,16800.0,12309.0
3754,2018-08-01,16800.0,16800.0,16650.0,16700.0,10129.0
3755,2018-08-01,16750.0,17050.0,16750.0,17050.0,14684.0
3756,2018-08-01,16850.0,16850.0,16550.0,16750.0,21004.0
3757,2018-08-01,17050.0,17050.0,16800.0,16850.0,12729.0
3758,2018-08-01,16750.0,16800.0,16650.0,16800.0,6468.0
3759,2018-08-02,16250.0,16300.0,16150.0,16200.0,15926.0
3760,2018-08-02,16250.0,16300.0,16150.0,16150.0,13243.0
3761,2018-08-02,16200.0,16300.0,16150.0,16300.0,16353.0
3762,2018-08-02,16850.0,16950.0,16400.0,16550.0,37319.0
3763,2018-08-02,16500.0,16550.0,16400.0,16400.0,15498.0
3764,2018-08-02,16550.0,16600.0,16400.0,16550.0,20433.0
3765,2018-08-02,16400.0,16450.0,16150.0,16250.0,47416.0
3766,2018-08-03,16250.0,16650.0,16250.0,16500.0,24007.0
3767,2018-08-03,16500.0,16550.0,16450.0,16500.0,6793.0
3768,2018-08-03,16500.0,16550.0,16450.0,16500.0,6873.0
3769,2018-08-03,16500.0,16550.0,16400.0,16450.0,8839.0
3770,2018-08-03,16500.0,16550.0,16400.0,16500.0,8119.0
3771,2018-08-03,16500.0,16700.0,16450.0,16700.0,31710.0
3772,2018-08-03,16650.0,16750.0,16550.0,16600.0,21542.0
3773,2018-08-06,16350.0,16400.0,16250.0,16250.0,22165.0
3774,2018-08-06,16250.0,16350.0,16250.0,16250.0,21990.0
3775,2018-08-06,16400.0,16450.0,16350.0,16350.0,8240.0
3776,2018-08-06,16600.0,16700.0,16500.0,16600.0,17405.0
3777,2018-08-06,16550.0,16550.0,16400.0,16400.0,7296.0
3778,2018-08-06,16650.0,16700.0,16450.0,16550.0,12746.0
3779,2018-08-06,16400.0,16500.0,16400.0,16400.0,5521.0
3780,2018-08-07,16250.0,16400.0,16200.0,16300.0,27291.0
3781,2018-08-07,16300.0,16300.0,16200.0,16250.0,12591.0
3782,2018-08-07,16200.0,16250.0,16050.0,16150.0,17553.0
3783,2018-08-07,16150.0,16150.0,16050.0,16150.0,14612.0
3784,2018-08-07,16150.0,16150.0,16000.0,16050.0,16833.0
3785,2018-08-07,16050.0,16350.0,16050.0,16300.0,16707.0
3786,2018-08-07,16350.0,16450.0,16300.0,16400.0,16829.0
3787,2018-08-08,16200.0,16250.0,16100.0,16200.0,13756.0
3788,2018-08-08,16350.0,16350.0,16200.0,16250.0,20798.0
3789,2018-08-08,16350.0,16400.0,16300.0,16350.0,8719.0
3790,2018-08-08,16400.0,16400.0,16300.0,16350.0,7518.0
3791,2018-08-08,16400.0,16550.0,16250.0,16400.0,13771.0
3792,2018-08-08,16350.0,16600.0,16250.0,16400.0,15627.0
3793,2018-08-08,16450.0,16450.0,16350.0,16400.0,2283.0
3794,2018-08-09,16200.0,16300.0,15900.0,16000.0,24625.0
3795,2018-08-09,16000.0,16050.0,15900.0,16000.0,13660.0
3796,2018-08-09,16000.0,16100.0,15950.0,16050.0,5453.0
3797,2018-08-09,16050.0,16250.0,16000.0,16100.0,14013.0
3798,2018-08-09,16050.0,16200.0,16050.0,16100.0,8255.0
3799,2018-08-09,16100.0,16350.0,16100.0,16300.0,15966.0
3800,2018-08-09,16300.0,16450.0,16300.0,16350.0,27480.0
3801,2018-08-10,15950.0,15950.0,15650.0,15750.0,36058.0
3802,2018-08-10,16000.0,16050.0,15900.0,15950.0,15785.0
3803,2018-08-10,15750.0,15950.0,15700.0,15950.0,12705.0
3804,2018-08-10,16200.0,16250.0,16050.0,16100.0,3299.0
3805,2018-08-10,16100.0,16250.0,15950.0,16200.0,21793.0
3806,2018-08-10,16350.0,16350.0,16050.0,16150.0,19239.0
3807,2018-08-10,16100.0,16150.0,16000.0,16050.0,3855.0
3808,2018-08-13,16000.0,16050.0,15550.0,15650.0,21811.0
3809,2018-08-13,15650.0,15800.0,15550.0,15700.0,14205.0
3810,2018-08-13,15600.0,15800.0,15550.0,15700.0,16987.0
3811,2018-08-13,15650.0,15750.0,15500.0,15650.0,22294.0
3812,2018-08-13,15650.0,15700.0,15400.0,15450.0,26982.0
3813,2018-08-13,15450.0,15600.0,15400.0,15500.0,28377.0
3814,2018-08-13,15550.0,15600.0,15400.0,15500.0,19032.0
3815,2018-08-14,16650.0,16750.0,16650.0,16650.0,32537.0
3816,2018-08-14,16500.0,16850.0,16400.0,16700.0,131493.0
3817,2018-08-14,16050.0,16550.0,16000.0,16500.0,91003.0
3818,2018-08-14,15500.0,15950.0,15500.0,15900.0,21375.0
3819,2018-08-14,15700.0,16200.0,15650.0,15850.0,89754.0
3820,2018-08-14,15900.0,15900.0,15600.0,15700.0,13360.0
3821,2018-08-14,15900.0,16050.0,15850.0,16050.0,19842.0
3822,2018-08-16,16750.0,16900.0,16650.0,16900.0,23692.0
3823,2018-08-16,16900.0,17050.0,16900.0,17050.0,27403.0
3824,2018-08-16,16850.0,16900.0,16650.0,16750.0,22672.0
3825,2018-08-16,16600.0,16800.0,16300.0,16550.0,80475.0
3826,2018-08-16,16700.0,16800.0,16650.0,16700.0,20504.0
3827,2018-08-16,16550.0,16700.0,16350.0,16650.0,27839.0
3828,2018-08-16,16700.0,16850.0,16700.0,16850.0,14098.0
3829,2018-08-17,17450.0,17500.0,17150.0,17300.0,59273.0
3830,2018-08-17,17250.0,17350.0,17000.0,17000.0,29240.0
3831,2018-08-17,17050.0,17150.0,16950.0,17050.0,18149.0
3832,2018-08-17,17000.0,17100.0,17000.0,17100.0,6969.0
3833,2018-08-17,17100.0,17100.0,16950.0,17050.0,10493.0
3834,2018-08-17,17000.0,17200.0,16900.0,17150.0,26033.0
3835,2018-08-17,17150.0,17200.0,17050.0,17100.0,24230.0
3836,2018-08-20,17000.0,17050.0,16900.0,16900.0,14299.0
3837,2018-08-20,16900.0,17000.0,16800.0,16800.0,19584.0
3838,2018-08-20,17100.0,17150.0,17000.0,17050.0,15419.0
3839,2018-08-20,17150.0,17200.0,17050.0,17050.0,13223.0
3840,2018-08-20,16950.0,17400.0,16950.0,17150.0,40421.0
3841,2018-08-20,17200.0,17250.0,16950.0,16950.0,25515.0
3842,2018-08-20,17100.0,17300.0,17000.0,17250.0,26013.0
3843,2018-08-21,16800.0,17100.0,16800.0,17000.0,29079.0
3844,2018-08-21,17000.0,17000.0,16750.0,16800.0,21649.0
3845,2018-08-21,16800.0,16900.0,16600.0,16800.0,27802.0
3846,2018-08-21,16650.0,16700.0,16600.0,16650.0,19192.0
3847,2018-08-21,16700.0,16850.0,16650.0,16750.0,24350.0
3848,2018-08-21,16750.0,17000.0,16750.0,16950.0,27233.0
3849,2018-08-21,16950.0,17000.0,16850.0,16950.0,12825.0
3850,2018-08-22,17100.0,17100.0,16850.0,16900.0,26899.0
3851,2018-08-22,17100.0,17100.0,17050.0,17100.0,6393.0
3852,2018-08-22,17050.0,17100.0,16950.0,17100.0,13502.0
3853,2018-08-22,16850.0,17350.0,16700.0,17300.0,57369.0
3854,2018-08-22,17150.0,17250.0,17100.0,17150.0,11129.0
3855,2018-08-22,17300.0,17350.0,17100.0,17100.0,24119.0
3856,2018-08-22,17200.0,17200.0,17000.0,17050.0,11814.0
3857,2018-08-23,17000.0,17050.0,16900.0,17000.0,21535.0
3858,2018-08-23,17000.0,17200.0,17000.0,17200.0,17697.0
3859,2018-08-23,17000.0,17050.0,16850.0,17000.0,14532.0
3860,2018-08-23,17050.0,17300.0,16900.0,17150.0,26247.0
3861,2018-08-23,16950.0,17100.0,16900.0,17000.0,15581.0
3862,2018-08-23,17100.0,17200.0,16950.0,16950.0,15718.0
3863,2018-08-23,17000.0,17050.0,16950.0,17000.0,7649.0
3864,2018-08-24,17000.0,17050.0,16750.0,16850.0,20094.0
3865,2018-08-24,16900.0,16900.0,16700.0,16850.0,24144.0
3866,2018-08-24,16850.0,16900.0,16800.0,16900.0,6598.0
3867,2018-08-24,16900.0,16900.0,16750.0,16750.0,7468.0
3868,2018-08-24,16750.0,16900.0,16700.0,16900.0,15324.0
3869,2018-08-24,16850.0,16950.0,16750.0,16900.0,10427.0
3870,2018-08-24,16900.0,16950.0,16850.0,16900.0,12432.0
3871,2018-08-27,17300.0,17500.0,17300.0,17400.0,29771.0
3872,2018-08-27,17400.0,17450.0,17350.0,17450.0,16793.0
3873,2018-08-27,17350.0,17450.0,17300.0,17300.0,28934.0
3874,2018-08-27,17150.0,17350.0,17150.0,17350.0,16114.0
3875,2018-08-27,17300.0,17350.0,17050.0,17150.0,22268.0
3876,2018-08-27,17100.0,17450.0,17050.0,17300.0,38294.0
3877,2018-08-27,17050.0,17150.0,16800.0,17150.0,34099.0
3878,2018-08-28,17500.0,17850.0,17450.0,17750.0,65470.0
3879,2018-08-28,17800.0,17850.0,17450.0,17500.0,24863.0
3880,2018-08-28,17550.0,17550.0,17400.0,17450.0,13832.0
3881,2018-08-28,17500.0,17500.0,17250.0,17350.0,12944.0
3882,2018-08-28,17350.0,17550.0,17350.0,17450.0,7954.0
3883,2018-08-28,17400.0,17450.0,17300.0,17450.0,11982.0
3884,2018-08-28,17400.0,17450.0,17250.0,17300.0,11068.0
3885,2018-08-29,17050.0,17200.0,17050.0,17100.0,11641.0
3886,2018-08-29,17200.0,17200.0,17000.0,17100.0,34536.0
3887,2018-08-29,17300.0,17450.0,17150.0,17150.0,24231.0
3888,2018-08-29,17350.0,17350.0,17050.0,17350.0,27015.0
3889,2018-08-29,17300.0,17300.0,17200.0,17250.0,10057.0
3890,2018-08-29,17350.0,17400.0,17250.0,17300.0,7021.0
3891,2018-08-29,17250.0,17350.0,17250.0,17300.0,5462.0
3892,2018-08-30,17200.0,17200.0,17100.0,17150.0,7172.0
3893,2018-08-30,17200.0,17250.0,17150.0,17250.0,4619.0
3894,2018-08-30,17250.0,17250.0,17150.0,17200.0,7736.0
3895,2018-08-30,17200.0,17300.0,17100.0,17250.0,22077.0
3896,2018-08-30,17300.0,17300.0,17250.0,17250.0,5701.0
3897,2018-08-30,17250.0,17350.0,17100.0,17300.0,16751.0
3898,2018-08-30,17300.0,17300.0,17200.0,17250.0,3349.0
3899,2018-08-31,17150.0,17250.0,16900.0,17000.0,14612.0
3900,2018-08-31,17000.0,17250.0,16950.0,17150.0,4369.0
3901,2018-08-31,17200.0,17200.0,17100.0,17150.0,2709.0
3902,2018-08-31,17150.0,17300.0,17150.0,17300.0,6210.0
3903,2018-08-31,17250.0,17350.0,17200.0,17200.0,12000.0
3904,2018-08-31,17200.0,17300.0,17150.0,17300.0,8546.0
3905,2018-08-31,17250.0,17400.0,17200.0,17400.0,38165.0
3906,2018-09-03,16950.0,17050.0,16900.0,16950.0,12610.0
3907,2018-09-03,16950.0,17050.0,16900.0,17000.0,7350.0
3908,2018-09-03,17000.0,17000.0,16800.0,16900.0,37521.0
3909,2018-09-03,17200.0,17350.0,16950.0,17100.0,18126.0
3910,2018-09-03,17200.0,17200.0,17000.0,17000.0,10906.0
3911,2018-09-03,17050.0,17250.0,17050.0,17200.0,7773.0
3912,2018-09-03,17000.0,17100.0,17000.0,17000.0,4646.0
3913,2018-09-04,16950.0,17050.0,16800.0,16950.0,20805.0
3914,2018-09-04,17000.0,17150.0,16950.0,17100.0,9115.0
3915,2018-09-04,17100.0,17200.0,17050.0,17050.0,11997.0
3916,2018-09-04,17050.0,17100.0,16800.0,17050.0,22410.0
3917,2018-09-04,17000.0,17050.0,17000.0,17050.0,6663.0
3918,2018-09-04,17050.0,17150.0,16850.0,17100.0,17918.0
3919,2018-09-04,17100.0,17150.0,17050.0,17050.0,11768.0
3920,2018-09-05,16850.0,16850.0,16800.0,16800.0,15810.0
3921,2018-09-05,16950.0,17100.0,16950.0,17100.0,6832.0
3922,2018-09-05,17050.0,17050.0,16850.0,16850.0,15668.0
3923,2018-09-05,17100.0,17150.0,17100.0,17150.0,3891.0
3924,2018-09-05,17050.0,17150.0,17000.0,17150.0,6855.0
3925,2018-09-05,17050.0,17100.0,16900.0,17050.0,14529.0
3926,2018-09-05,17150.0,17150.0,16950.0,16950.0,14830.0
3927,2018-09-06,16900.0,16950.0,16800.0,16900.0,14972.0
3928,2018-09-06,16800.0,16900.0,16750.0,16900.0,8132.0
3929,2018-09-06,16900.0,16950.0,16850.0,16950.0,10159.0
3930,2018-09-06,16650.0,16800.0,16600.0,16700.0,9033.0
3931,2018-09-06,16650.0,16750.0,16550.0,16750.0,14456.0
3932,2018-09-06,16700.0,16800.0,16600.0,16800.0,6433.0
3933,2018-09-06,16800.0,16800.0,16350.0,16600.0,40999.0
3934,2018-09-07,16500.0,16500.0,16450.0,16500.0,12003.0
3935,2018-09-07,16850.0,16850.0,16550.0,16700.0,12921.0
3936,2018-09-07,16700.0,16750.0,16600.0,16650.0,12551.0
3937,2018-09-07,16600.0,16750.0,16550.0,16550.0,18957.0
3938,2018-09-07,16550.0,16700.0,16500.0,16500.0,15102.0
3939,2018-09-07,16500.0,16700.0,16400.0,16450.0,21507.0
3940,2018-09-07,16400.0,16550.0,16400.0,16500.0,11155.0
3941,2018-09-10,16300.0,16350.0,16250.0,16300.0,12880.0
3942,2018-09-10,16300.0,16400.0,16250.0,16400.0,6059.0
3943,2018-09-10,16300.0,16450.0,16300.0,16350.0,6861.0
3944,2018-09-10,16500.0,16500.0,16000.0,16250.0,44149.0
3945,2018-09-10,16300.0,16450.0,16300.0,16350.0,7501.0
3946,2018-09-10,16250.0,16400.0,16250.0,16350.0,8386.0
3947,2018-09-10,16400.0,16400.0,16300.0,16300.0,6291.0
3948,2018-09-11,16350.0,16450.0,16200.0,16200.0,16730.0
3949,2018-09-11,16250.0,16300.0,16150.0,16300.0,8227.0
3950,2018-09-11,16200.0,16300.0,16100.0,16200.0,11807.0
3951,2018-09-11,16200.0,16250.0,16150.0,16200.0,4522.0
3952,2018-09-11,16200.0,16300.0,16150.0,16200.0,5803.0
3953,2018-09-11,16250.0,16350.0,16200.0,16350.0,9300.0
3954,2018-09-11,16350.0,16400.0,16300.0,16300.0,5609.0
3955,2018-09-12,16400.0,16400.0,16300.0,16400.0,7107.0
3956,2018-09-12,16350.0,16400.0,16300.0,16350.0,16984.0
3957,2018-09-12,16350.0,16400.0,16300.0,16350.0,5207.0
3958,2018-09-12,16300.0,16450.0,16200.0,16350.0,8647.0
3959,2018-09-12,16350.0,16550.0,16300.0,16450.0,14304.0
3960,2018-09-12,16350.0,16350.0,16300.0,16350.0,6218.0
3961,2018-09-12,16450.0,16450.0,16300.0,16300.0,12809.0
3962,2018-09-13,16400.0,16450.0,16300.0,16450.0,11457.0
3963,2018-09-13,16450.0,16500.0,16350.0,16500.0,33516.0
3964,2018-09-13,16450.0,16450.0,16350.0,16350.0,5723.0
3965,2018-09-13,16400.0,16450.0,16150.0,16400.0,9098.0
3966,2018-09-13,16400.0,16500.0,16350.0,16400.0,7828.0
3967,2018-09-13,16400.0,16500.0,16300.0,16400.0,10502.0
3968,2018-09-13,16400.0,16450.0,16350.0,16450.0,5082.0
3969,2018-09-14,16500.0,17000.0,16450.0,16800.0,53611.0
3970,2018-09-14,16800.0,16850.0,16600.0,16800.0,23448.0
3971,2018-09-14,16800.0,16800.0,16700.0,16800.0,11162.0
3972,2018-09-14,16800.0,16800.0,16700.0,16800.0,8900.0
3973,2018-09-14,16800.0,16800.0,16650.0,16750.0,7302.0
3974,2018-09-14,16750.0,16750.0,16650.0,16700.0,9559.0
3975,2018-09-14,16700.0,16750.0,16600.0,16600.0,10970.0
3976,2018-09-17,16100.0,16250.0,16100.0,16250.0,6625.0
3977,2018-09-17,16200.0,16250.0,16100.0,16150.0,20424.0
3978,2018-09-17,16300.0,16350.0,16150.0,16250.0,21415.0
3979,2018-09-17,16450.0,16500.0,16300.0,16400.0,12291.0
3980,2018-09-17,16350.0,16400.0,16300.0,16350.0,3668.0
3981,2018-09-17,16350.0,16400.0,16250.0,16350.0,12745.0
3982,2018-09-17,16350.0,16400.0,16300.0,16300.0,4351.0
3983,2018-09-18,16200.0,16250.0,16000.0,16100.0,21394.0
3984,2018-09-18,16100.0,16150.0,16000.0,16100.0,9793.0
3985,2018-09-18,16050.0,16100.0,16000.0,16100.0,10288.0
3986,2018-09-18,16100.0,16100.0,16000.0,16050.0,9751.0
3987,2018-09-18,16000.0,16100.0,16000.0,16100.0,9795.0
3988,2018-09-18,16100.0,16100.0,15950.0,16050.0,14059.0
3989,2018-09-18,16050.0,16050.0,16000.0,16000.0,6160.0
3990,2018-09-19,15900.0,15900.0,15800.0,15850.0,1669.0
3991,2018-09-19,15700.0,16000.0,15650.0,15850.0,10906.0
3992,2018-09-19,15850.0,15900.0,15800.0,15900.0,2733.0
3993,2018-09-19,16000.0,16000.0,15850.0,15900.0,3798.0
3994,2018-09-19,15950.0,16050.0,15900.0,15900.0,4988.0
3995,2018-09-19,15950.0,16100.0,15750.0,15900.0,18494.0
3996,2018-09-19,15900.0,15900.0,15500.0,15650.0,28061.0
3997,2018-09-20,15550.0,15800.0,15550.0,15700.0,12137.0
3998,2018-09-20,15800.0,15800.0,15650.0,15700.0,8954.0
3999,2018-09-20,15700.0,15750.0,15550.0,15600.0,34334.0
4000,2018-09-20,15600.0,15700.0,15500.0,15650.0,18133.0
4001,2018-09-20,15750.0,15800.0,15550.0,15600.0,25412.0
4002,2018-09-20,15700.0,15900.0,15650.0,15800.0,9614.0
4003,2018-09-20,15750.0,16000.0,15700.0,15750.0,26874.0
4004,2018-09-21,15850.0,15850.0,15700.0,15700.0,13742.0
4005,2018-09-21,15850.0,15950.0,15600.0,15800.0,10778.0
4006,2018-09-21,15800.0,15900.0,15800.0,15850.0,4859.0
4007,2018-09-21,15850.0,15850.0,15700.0,15700.0,5822.0
4008,2018-09-21,15700.0,15800.0,15650.0,15650.0,5830.0
4009,2018-09-21,15700.0,15750.0,15650.0,15700.0,7880.0
4010,2018-09-21,15700.0,15850.0,15650.0,15800.0,16294.0
4011,2018-09-27,15750.0,15750.0,15550.0,15650.0,20718.0
4012,2018-09-27,15700.0,15800.0,15650.0,15800.0,16424.0
4013,2018-09-27,15850.0,15850.0,15700.0,15700.0,5446.0
4014,2018-09-27,15650.0,16050.0,15650.0,15950.0,15319.0
4015,2018-09-27,15850.0,15900.0,15750.0,15800.0,4995.0
4016,2018-09-27,15950.0,16000.0,15850.0,15850.0,4488.0
4017,2018-09-27,15800.0,15900.0,15650.0,15850.0,12715.0
4018,2018-09-28,15800.0,15800.0,15500.0,15650.0,10054.0
4019,2018-09-28,15650.0,15800.0,15600.0,15750.0,7560.0
4020,2018-09-28,15750.0,15850.0,15700.0,15800.0,6761.0
4021,2018-09-28,15750.0,15800.0,15700.0,15700.0,3588.0
4022,2018-09-28,15700.0,15800.0,15700.0,15750.0,4775.0
4023,2018-09-28,15800.0,15900.0,15750.0,15900.0,17601.0
4024,2018-09-28,15850.0,15900.0,15750.0,15900.0,17173.0
4025,2018-10-01,15900.0,15900.0,15800.0,15800.0,6923.0
4026,2018-10-01,15800.0,15900.0,15750.0,15850.0,12619.0
4027,2018-10-01,15850.0,15900.0,15750.0,15850.0,12092.0
4028,2018-10-01,15750.0,15950.0,15750.0,15900.0,6859.0
4029,2018-10-01,15850.0,15900.0,15750.0,15850.0,8728.0
4030,2018-10-01,15900.0,16000.0,15800.0,15850.0,6240.0
4031,2018-10-01,15850.0,15900.0,15800.0,15850.0,5388.0
4032,2018-10-02,15500.0,15550.0,15200.0,15400.0,64046.0
4033,2018-10-02,15300.0,15400.0,15200.0,15200.0,15879.0
4034,2018-10-02,15600.0,15600.0,15500.0,15500.0,9712.0
4035,2018-10-02,16000.0,16150.0,15800.0,15850.0,25752.0
4036,2018-10-02,15650.0,15700.0,15550.0,15650.0,5907.0
4037,2018-10-02,15800.0,15850.0,15600.0,15650.0,24294.0
4038,2018-10-02,15600.0,15650.0,15550.0,15600.0,10343.0
4039,2018-10-04,15200.0,15300.0,15050.0,15200.0,14853.0
4040,2018-10-04,15200.0,15300.0,15100.0,15250.0,12319.0
4041,2018-10-04,15250.0,15300.0,15100.0,15250.0,12381.0
4042,2018-10-04,15250.0,15250.0,15100.0,15200.0,8816.0
4043,2018-10-04,15150.0,15400.0,15100.0,15400.0,26728.0
4044,2018-10-04,15400.0,15550.0,15200.0,15450.0,33029.0
4045,2018-10-04,15450.0,15750.0,15450.0,15550.0,20844.0
4046,2018-10-05,15500.0,15500.0,15350.0,15350.0,5202.0
4047,2018-10-05,15400.0,15700.0,15300.0,15500.0,22875.0
4048,2018-10-05,15400.0,15550.0,15350.0,15500.0,5681.0
4049,2018-10-05,15300.0,15600.0,15300.0,15500.0,7814.0
4050,2018-10-05,15500.0,15550.0,15350.0,15500.0,6315.0
4051,2018-10-05,15500.0,15600.0,15400.0,15500.0,11311.0
4052,2018-10-05,15450.0,15450.0,15300.0,15400.0,5838.0
4053,2018-10-08,15250.0,15800.0,15250.0,15800.0,10654.0
4054,2018-10-08,15750.0,15850.0,15650.0,15850.0,9173.0
4055,2018-10-08,15850.0,15950.0,15800.0,15950.0,11821.0
4056,2018-10-08,15950.0,16050.0,15850.0,15950.0,13101.0
4057,2018-10-08,15900.0,15950.0,15700.0,15850.0,10859.0
4058,2018-10-08,15850.0,15950.0,15800.0,15950.0,15581.0
4059,2018-10-08,15950.0,15950.0,15850.0,15850.0,5503.0
4060,2018-10-10,15350.0,15450.0,15300.0,15350.0,10762.0
4061,2018-10-10,15400.0,15650.0,15300.0,15350.0,13136.0
4062,2018-10-10,15550.0,15650.0,15400.0,15400.0,7274.0
4063,2018-10-10,15850.0,15900.0,15550.0,15550.0,19142.0
4064,2018-10-10,15900.0,16000.0,15850.0,15900.0,6456.0
4065,2018-10-10,15750.0,16000.0,15650.0,15950.0,17178.0
4066,2018-10-10,15550.0,15800.0,15500.0,15550.0,7760.0
4067,2018-10-11,15250.0,15300.0,14600.0,15000.0,39978.0
4068,2018-10-11,14950.0,14950.0,14700.0,14750.0,26887.0
4069,2018-10-11,14700.0,14900.0,14600.0,14650.0,16289.0
4070,2018-10-11,14600.0,14650.0,14500.0,14600.0,17959.0
4071,2018-10-11,14600.0,14850.0,14550.0,14700.0,21376.0
4072,2018-10-11,14750.0,14800.0,14500.0,14600.0,20824.0
4073,2018-10-11,14600.0,14700.0,14350.0,14350.0,36455.0
4074,2018-10-12,14500.0,14650.0,14400.0,14550.0,12980.0
4075,2018-10-12,14350.0,14600.0,14350.0,14550.0,34740.0
4076,2018-10-12,14250.0,14450.0,14150.0,14400.0,21027.0
4077,2018-10-12,14350.0,14500.0,14300.0,14450.0,23994.0
4078,2018-10-12,14500.0,14550.0,14300.0,14300.0,16479.0
4079,2018-10-12,14050.0,14550.0,14050.0,14550.0,29341.0
4080,2018-10-12,14450.0,14450.0,14200.0,14300.0,20737.0
4081,2018-10-15,14550.0,14550.0,14300.0,14500.0,10395.0
4082,2018-10-15,14450.0,14500.0,14300.0,14500.0,10451.0
4083,2018-10-15,14500.0,14500.0,14350.0,14400.0,6322.0
4084,2018-10-15,14400.0,14500.0,14400.0,14450.0,4405.0
4085,2018-10-15,14450.0,14500.0,14400.0,14500.0,4203.0
4086,2018-10-15,14500.0,14500.0,14350.0,14400.0,15496.0
4087,2018-10-15,14450.0,14450.0,14250.0,14400.0,18142.0
4088,2018-10-16,14600.0,14600.0,14400.0,14450.0,7757.0
4089,2018-10-16,14550.0,14600.0,14500.0,14600.0,5520.0
4090,2018-10-16,14550.0,14600.0,14450.0,14550.0,5583.0
4091,2018-10-16,14350.0,14650.0,14350.0,14600.0,7012.0
4092,2018-10-16,14600.0,14650.0,14450.0,14600.0,8375.0
4093,2018-10-16,14550.0,14600.0,14450.0,14550.0,2401.0
4094,2018-10-16,14550.0,14600.0,14500.0,14550.0,4835.0
4095,2018-10-17,14450.0,14550.0,14400.0,14450.0,11791.0
4096,2018-10-17,14500.0,14550.0,14450.0,14550.0,4585.0
4097,2018-10-17,14400.0,14550.0,14400.0,14500.0,23777.0
4098,2018-10-17,14550.0,14700.0,14500.0,14550.0,9730.0
4099,2018-10-17,14600.0,14650.0,14550.0,14550.0,5956.0
4100,2018-10-17,14550.0,14650.0,14500.0,14600.0,9928.0
4101,2018-10-17,14550.0,14600.0,14400.0,14450.0,9740.0
4102,2018-10-18,14450.0,14700.0,14450.0,14650.0,10470.0
4103,2018-10-18,14650.0,14700.0,14550.0,14700.0,8959.0
4104,2018-10-18,14700.0,14900.0,14600.0,14800.0,17175.0
4105,2018-10-18,14800.0,14850.0,14700.0,14850.0,5608.0
4106,2018-10-18,14850.0,14850.0,14700.0,14750.0,7699.0
4107,2018-10-18,14750.0,14800.0,14600.0,14750.0,9443.0
4108,2018-10-18,14750.0,14750.0,14550.0,14650.0,9765.0
4109,2018-10-19,14650.0,14950.0,14650.0,14950.0,40708.0
4110,2018-10-19,14750.0,14800.0,14650.0,14800.0,12231.0
4111,2018-10-19,14650.0,14750.0,14650.0,14750.0,6566.0
4112,2018-10-19,14450.0,14900.0,14450.0,14850.0,27058.0
4113,2018-10-19,14650.0,14700.0,14450.0,14700.0,12917.0
4114,2018-10-19,14800.0,14850.0,14600.0,14600.0,11667.0
4115,2018-10-19,14650.0,14700.0,14550.0,14650.0,5427.0
4116,2018-10-22,14750.0,14750.0,14600.0,14700.0,12802.0
4117,2018-10-22,14700.0,14700.0,14500.0,14700.0,14775.0
4118,2018-10-22,14650.0,14800.0,14600.0,14700.0,3907.0
4119,2018-10-22,14700.0,14850.0,14650.0,14750.0,4677.0
4120,2018-10-22,14750.0,14800.0,14600.0,14650.0,2934.0
4121,2018-10-22,14650.0,14750.0,14600.0,14700.0,6369.0
4122,2018-10-22,14750.0,14850.0,14650.0,14800.0,8319.0
4123,2018-10-23,14350.0,14350.0,14200.0,14300.0,14455.0
4124,2018-10-23,14400.0,14400.0,14250.0,14300.0,4671.0
4125,2018-10-23,14300.0,14400.0,14150.0,14350.0,19334.0
4126,2018-10-23,14450.0,14500.0,14350.0,14400.0,7684.0
4127,2018-10-23,14500.0,14650.0,14450.0,14500.0,6702.0
4128,2018-10-23,14600.0,14650.0,14400.0,14550.0,28334.0
4129,2018-10-23,14400.0,14400.0,14250.0,14400.0,19235.0
4130,2018-10-24,13900.0,13950.0,13550.0,13950.0,43850.0
4131,2018-10-24,14050.0,14150.0,14000.0,14000.0,8462.0
4132,2018-10-24,14000.0,14100.0,13850.0,13850.0,27542.0
4133,2018-10-24,14200.0,14200.0,14050.0,14050.0,8924.0
4134,2018-10-24,14200.0,14350.0,14100.0,14200.0,15278.0
4135,2018-10-24,14100.0,14150.0,14000.0,14050.0,7400.0
4136,2018-10-24,14400.0,14450.0,14150.0,14200.0,11561.0
4137,2018-10-25,13450.0,13600.0,13400.0,13500.0,11093.0
4138,2018-10-25,13600.0,13950.0,13600.0,13700.0,27920.0
4139,2018-10-25,13850.0,13950.0,13450.0,13750.0,20263.0
4140,2018-10-25,13600.0,13850.0,13600.0,13800.0,14645.0
4141,2018-10-25,13800.0,13850.0,13600.0,13700.0,9473.0
4142,2018-10-25,13700.0,13850.0,13550.0,13600.0,15869.0
4143,2018-10-25,13600.0,13650.0,13400.0,13450.0,26285.0
4144,2018-10-26,13100.0,13150.0,12850.0,12950.0,21897.0
4145,2018-10-26,12950.0,13100.0,12800.0,12850.0,24490.0
4146,2018-10-26,13100.0,13150.0,12900.0,13000.0,12450.0
4147,2018-10-26,13600.0,13700.0,13400.0,13450.0,18717.0
4148,2018-10-26,13450.0,13450.0,12950.0,13050.0,44291.0
4149,2018-10-26,13400.0,13500.0,13300.0,13350.0,15456.0
4150,2018-10-26,13100.0,13150.0,12800.0,13100.0,22571.0
4151,2018-10-29,12600.0,13300.0,12600.0,13250.0,39669.0
4152,2018-10-29,13250.0,13300.0,12950.0,13000.0,11856.0
4153,2018-10-29,12950.0,12950.0,12750.0,12900.0,14378.0
4154,2018-10-29,12900.0,12950.0,12750.0,12750.0,8328.0
4155,2018-10-29,12800.0,12950.0,12700.0,12700.0,9156.0
4156,2018-10-29,12700.0,12750.0,12350.0,12600.0,30246.0
4157,2018-10-29,12550.0,12700.0,12300.0,12350.0,28568.0
4158,2018-10-30,12900.0,12950.0,12700.0,12850.0,11206.0
4159,2018-10-30,12650.0,12950.0,12650.0,12900.0,19879.0
4160,2018-10-30,12550.0,12700.0,12300.0,12700.0,15399.0
4161,2018-10-30,12350.0,12650.0,11950.0,12500.0,59777.0
4162,2018-10-30,12450.0,12500.0,12150.0,12400.0,23482.0
4163,2018-10-30,12500.0,12600.0,12400.0,12500.0,15426.0
4164,2018-10-30,12450.0,12600.0,12400.0,12500.0,10731.0
4165,2018-10-31,12750.0,13000.0,12750.0,13000.0,11714.0
4166,2018-10-31,13000.0,13000.0,12800.0,12850.0,14293.0
4167,2018-10-31,12800.0,12900.0,12700.0,12850.0,9246.0
4168,2018-10-31,13100.0,13100.0,12650.0,12800.0,24284.0
4169,2018-10-31,12850.0,12950.0,12750.0,12750.0,5626.0
4170,2018-10-31,12700.0,12900.0,12700.0,12850.0,11774.0
4171,2018-10-31,12750.0,12850.0,12700.0,12750.0,4784.0
4172,2018-11-01,12950.0,13200.0,12850.0,13200.0,24633.0
4173,2018-11-01,13150.0,13200.0,13100.0,13150.0,10160.0
4174,2018-11-01,13150.0,13400.0,13100.0,13350.0,12562.0
4175,2018-11-01,13350.0,13350.0,13250.0,13250.0,5727.0
4176,2018-11-01,13300.0,13300.0,13200.0,13250.0,15029.0
4177,2018-11-01,13250.0,13300.0,13150.0,13250.0,30434.0
4178,2018-11-01,13200.0,13250.0,13000.0,13050.0,13773.0
4179,2018-11-02,13450.0,13600.0,13350.0,13550.0,21488.0
4180,2018-11-02,13550.0,13750.0,13500.0,13750.0,25667.0
4181,2018-11-02,13350.0,13450.0,13250.0,13400.0,8345.0
4182,2018-11-02,13150.0,13350.0,13050.0,13250.0,31519.0
4183,2018-11-02,13300.0,13350.0,13200.0,13250.0,12559.0
4184,2018-11-02,13200.0,13350.0,13200.0,13250.0,13997.0
4185,2018-11-02,13250.0,13350.0,13200.0,13350.0,9517.0
4186,2018-11-05,13500.0,13700.0,13150.0,13200.0,38520.0
4187,2018-11-05,13200.0,13350.0,13150.0,13200.0,19251.0
4188,2018-11-05,13200.0,13350.0,13150.0,13350.0,14741.0
4189,2018-11-05,13350.0,13500.0,13250.0,13450.0,13170.0
4190,2018-11-05,13500.0,13500.0,13300.0,13350.0,12965.0
4191,2018-11-05,13400.0,13400.0,13250.0,13300.0,16732.0
4192,2018-11-05,13300.0,13450.0,13250.0,13450.0,7240.0
4193,2018-11-06,13200.0,13350.0,13150.0,13350.0,7889.0
4194,2018-11-06,13400.0,13400.0,13100.0,13150.0,14961.0
4195,2018-11-06,13400.0,13450.0,13300.0,13400.0,3100.0
4196,2018-11-06,13450.0,13450.0,13300.0,13400.0,6477.0
4197,2018-11-06,13350.0,13400.0,13350.0,13350.0,6133.0
4198,2018-11-06,13300.0,13550.0,13200.0,13350.0,10229.0
4199,2018-11-06,13350.0,13450.0,13300.0,13450.0,4563.0
4200,2018-11-07,13300.0,13650.0,13300.0,13600.0,18900.0
4201,2018-11-07,13600.0,13600.0,13450.0,13600.0,12319.0
4202,2018-11-07,13600.0,13700.0,13550.0,13600.0,11483.0
4203,2018-11-07,13600.0,13650.0,13550.0,13650.0,8409.0
4204,2018-11-07,13650.0,13650.0,13500.0,13550.0,13546.0
4205,2018-11-07,13550.0,13650.0,13400.0,13400.0,16473.0
4206,2018-11-07,13400.0,13450.0,13300.0,13450.0,8106.0
4207,2018-11-08,13550.0,13650.0,13500.0,13550.0,7012.0
4208,2018-11-08,13500.0,13650.0,13500.0,13550.0,9342.0
4209,2018-11-08,13600.0,13600.0,13400.0,13550.0,10369.0
4210,2018-11-08,13500.0,13700.0,13450.0,13500.0,7338.0
4211,2018-11-08,13600.0,13850.0,13550.0,13700.0,13251.0
4212,2018-11-08,13500.0,13600.0,13450.0,13500.0,8648.0
4213,2018-11-08,13800.0,13800.0,13500.0,13500.0,8246.0
4214,2018-11-09,13500.0,13550.0,13300.0,13350.0,9251.0
4215,2018-11-09,13350.0,13550.0,13150.0,13450.0,24582.0
4216,2018-11-09,13450.0,13550.0,13300.0,13450.0,11145.0
4217,2018-11-09,13500.0,13550.0,13400.0,13400.0,10709.0
4218,2018-11-09,13450.0,13650.0,13350.0,13600.0,25288.0
4219,2018-11-09,13600.0,13900.0,13400.0,13800.0,35565.0
4220,2018-11-09,13800.0,13850.0,13650.0,13700.0,9413.0
4221,2018-11-12,13550.0,13600.0,13350.0,13500.0,11612.0
4222,2018-11-12,13450.0,13600.0,13350.0,13550.0,7340.0
4223,2018-11-12,13850.0,13850.0,13300.0,13450.0,19139.0
4224,2018-11-12,13600.0,13850.0,13600.0,13850.0,7721.0
4225,2018-11-12,13850.0,13900.0,13700.0,13800.0,9295.0
4226,2018-11-12,13600.0,13800.0,13550.0,13650.0,11787.0
4227,2018-11-12,13800.0,13850.0,13800.0,13800.0,1892.0
4228,2018-11-13,13250.0,13500.0,13200.0,13350.0,11644.0
4229,2018-11-13,13350.0,13550.0,13350.0,13500.0,4438.0
4230,2018-11-13,13300.0,13450.0,13200.0,13300.0,7842.0
4231,2018-11-13,13150.0,13150.0,12950.0,13000.0,12720.0
4232,2018-11-13,13000.0,13200.0,13000.0,13100.0,9383.0
4233,2018-11-13,13100.0,13400.0,13050.0,13300.0,7175.0
4234,2018-11-13,13350.0,13350.0,12850.0,13100.0,28449.0
4235,2018-11-14,13500.0,13500.0,13150.0,13250.0,15498.0
4236,2018-11-14,13300.0,13450.0,13250.0,13400.0,5935.0
4237,2018-11-14,13400.0,13450.0,13250.0,13400.0,4342.0
4238,2018-11-14,13400.0,13500.0,13300.0,13350.0,5178.0
4239,2018-11-14,13400.0,13550.0,13350.0,13400.0,8167.0
4240,2018-11-14,13450.0,13550.0,12800.0,12950.0,103662.0
4241,2018-11-14,12900.0,13050.0,12900.0,12950.0,12759.0
4242,2018-11-15,13200.0,13200.0,13100.0,13150.0,13467.0
4243,2018-11-15,13250.0,13400.0,13200.0,13400.0,8893.0
4244,2018-11-15,13150.0,13250.0,13100.0,13250.0,15633.0
4245,2018-11-15,13000.0,13250.0,12950.0,13200.0,18925.0
4246,2018-11-15,12850.0,13050.0,12850.0,13050.0,11801.0
4247,2018-11-15,12750.0,12900.0,12650.0,12850.0,39632.0
4248,2018-11-15,13050.0,13050.0,12950.0,13000.0,7139.0
4249,2018-11-16,13400.0,13450.0,13100.0,13300.0,40113.0
4250,2018-11-16,13300.0,13300.0,13150.0,13300.0,15475.0
4251,2018-11-16,13300.0,13400.0,13250.0,13300.0,12904.0
4252,2018-11-16,13300.0,13600.0,13300.0,13500.0,33316.0
4253,2018-11-16,13500.0,13550.0,13250.0,13350.0,26787.0
4254,2018-11-16,13300.0,13350.0,13150.0,13350.0,22602.0
4255,2018-11-16,13300.0,13350.0,13250.0,13250.0,11956.0
4256,2018-11-19,13250.0,13350.0,13250.0,13300.0,15496.0
4257,2018-11-19,13100.0,13300.0,13050.0,13300.0,27228.0
4258,2018-11-19,13150.0,13250.0,13100.0,13100.0,12206.0
4259,2018-11-19,13400.0,13450.0,13100.0,13200.0,34358.0
4260,2018-11-19,13200.0,13250.0,13100.0,13200.0,15916.0
4261,2018-11-19,13200.0,13250.0,13100.0,13200.0,21248.0
4262,2018-11-19,13150.0,13200.0,13050.0,13200.0,9866.0
4263,2018-11-20,13500.0,13550.0,13350.0,13450.0,16585.0
4264,2018-11-20,13400.0,13550.0,13350.0,13400.0,12717.0
4265,2018-11-20,13550.0,13600.0,13400.0,13550.0,16403.0
4266,2018-11-20,13200.0,14050.0,13200.0,13800.0,133914.0
4267,2018-11-20,13650.0,13700.0,13450.0,13650.0,17889.0
4268,2018-11-20,13750.0,13750.0,13550.0,13600.0,34774.0
4269,2018-11-20,13600.0,13650.0,13550.0,13600.0,6606.0
4270,2018-11-21,13050.0,13200.0,12900.0,13150.0,64447.0
4271,2018-11-21,13150.0,13300.0,12950.0,13050.0,32184.0
4272,2018-11-21,13050.0,13200.0,13050.0,13150.0,14175.0
4273,2018-11-21,13150.0,13200.0,13100.0,13200.0,14526.0
4274,2018-11-21,13200.0,13250.0,13100.0,13200.0,16006.0
4275,2018-11-21,13150.0,13350.0,13050.0,13350.0,45318.0
4276,2018-11-21,13350.0,13350.0,13100.0,13300.0,42254.0
4277,2018-11-22,13500.0,13500.0,13400.0,13500.0,8773.0
4278,2018-11-22,13550.0,13550.0,13250.0,13500.0,24385.0
4279,2018-11-22,13550.0,13600.0,13500.0,13500.0,15228.0
4280,2018-11-22,13500.0,13700.0,13500.0,13600.0,16696.0
4281,2018-11-22,13500.0,13550.0,13400.0,13500.0,14056.0
4282,2018-11-22,13400.0,13600.0,13350.0,13500.0,22221.0
4283,2018-11-22,13600.0,13600.0,13500.0,13550.0,11368.0
4284,2018-11-23,13650.0,13650.0,13400.0,13400.0,20753.0
4285,2018-11-23,13450.0,13650.0,13400.0,13550.0,10546.0
4286,2018-11-23,13550.0,13600.0,13400.0,13550.0,14851.0
4287,2018-11-23,13550.0,13550.0,13400.0,13500.0,13546.0
4288,2018-11-23,13500.0,13650.0,13450.0,13600.0,18824.0
4289,2018-11-23,13600.0,13650.0,13500.0,13550.0,14165.0
4290,2018-11-23,13550.0,13600.0,13500.0,13500.0,13125.0
4291,2018-11-26,13950.0,14000.0,13900.0,13950.0,13108.0
4292,2018-11-26,13900.0,14000.0,13800.0,14000.0,40268.0
4293,2018-11-26,13800.0,13900.0,13750.0,13900.0,29382.0
4294,2018-11-26,13600.0,13750.0,13350.0,13450.0,25126.0
4295,2018-11-26,13400.0,13700.0,13400.0,13700.0,14281.0
4296,2018-11-26,13400.0,13550.0,13350.0,13400.0,14806.0
4297,2018-11-26,13650.0,13850.0,13600.0,13800.0,24287.0
4298,2018-11-27,13850.0,13900.0,13700.0,13750.0,14777.0
4299,2018-11-27,13750.0,13750.0,13650.0,13700.0,14317.0
4300,2018-11-27,13850.0,13900.0,13750.0,13850.0,8589.0
4301,2018-11-27,13800.0,14050.0,13650.0,13900.0,31214.0
4302,2018-11-27,13950.0,14000.0,13750.0,13800.0,11766.0
4303,2018-11-27,13950.0,14000.0,13800.0,13850.0,16209.0
4304,2018-11-27,13800.0,13900.0,13700.0,13850.0,13216.0
4305,2018-11-28,13950.0,13950.0,13700.0,13800.0,29643.0
4306,2018-11-28,13800.0,13800.0,13600.0,13700.0,19793.0
4307,2018-11-28,13750.0,13850.0,13700.0,13850.0,11874.0
4308,2018-11-28,13800.0,13850.0,13750.0,13850.0,5528.0
4309,2018-11-28,13850.0,13850.0,13800.0,13800.0,3708.0
4310,2018-11-28,13800.0,13850.0,13650.0,13700.0,9786.0
4311,2018-11-28,13650.0,13850.0,13650.0,13650.0,10413.0
4312,2018-11-29,13650.0,13650.0,13550.0,13650.0,9452.0
4313,2018-11-29,13750.0,13850.0,13600.0,13600.0,18968.0
4314,2018-11-29,13800.0,13800.0,13700.0,13700.0,12872.0
4315,2018-11-29,13800.0,13850.0,13750.0,13750.0,3744.0
4316,2018-11-29,13800.0,13950.0,13750.0,13850.0,19689.0
4317,2018-11-29,13850.0,13850.0,13550.0,13800.0,33480.0
4318,2018-11-29,13750.0,13850.0,13700.0,13850.0,6015.0
4319,2018-11-30,13700.0,13800.0,13600.0,13750.0,10564.0
4320,2018-11-30,13750.0,13750.0,13500.0,13650.0,16567.0
4321,2018-11-30,13650.0,13650.0,13550.0,13600.0,6938.0
4322,2018-11-30,13600.0,13600.0,13550.0,13550.0,4304.0
4323,2018-11-30,13600.0,13650.0,13600.0,13650.0,3381.0
4324,2018-11-30,13650.0,13650.0,13550.0,13600.0,8639.0
4325,2018-11-30,13600.0,13650.0,13550.0,13650.0,4466.0
4326,2018-12-03,13950.0,14100.0,13900.0,14100.0,36335.0
4327,2018-12-03,13900.0,13950.0,13900.0,13950.0,7596.0
4328,2018-12-03,14100.0,14100.0,14000.0,14100.0,13934.0
4329,2018-12-03,13900.0,13950.0,13850.0,13900.0,9526.0
4330,2018-12-03,13900.0,14000.0,13900.0,13900.0,17685.0
4331,2018-12-03,13700.0,14000.0,13700.0,13900.0,30620.0
4332,2018-12-03,13900.0,14000.0,13850.0,13900.0,11459.0
4333,2018-12-04,13850.0,13950.0,13750.0,13950.0,10540.0
4334,2018-12-04,13900.0,13900.0,13550.0,13750.0,41720.0
4335,2018-12-04,13750.0,13850.0,13700.0,13850.0,32178.0
4336,2018-12-04,13850.0,14000.0,13850.0,13950.0,11358.0
4337,2018-12-04,13900.0,14050.0,13850.0,13900.0,14398.0
4338,2018-12-04,13950.0,14000.0,13900.0,13950.0,15743.0
4339,2018-12-04,13900.0,13950.0,13850.0,13850.0,6428.0
4340,2018-12-05,13550.0,13750.0,13500.0,13650.0,23623.0
4341,2018-12-05,13650.0,13850.0,13600.0,13800.0,12103.0
4342,2018-12-05,13700.0,13850.0,13600.0,13650.0,18242.0
4343,2018-12-05,13650.0,13750.0,13550.0,13550.0,20164.0
4344,2018-12-05,13600.0,13650.0,13500.0,13600.0,24585.0
4345,2018-12-05,13550.0,13650.0,13500.0,13550.0,17489.0
4346,2018-12-05,13600.0,13600.0,13500.0,13500.0,11397.0
4347,2018-12-06,13600.0,13600.0,13300.0,13350.0,17632.0
4348,2018-12-06,13250.0,13300.0,13150.0,13150.0,11934.0
4349,2018-12-06,13150.0,13250.0,13100.0,13200.0,16285.0
4350,2018-12-06,13200.0,13350.0,13100.0,13100.0,18240.0
4351,2018-12-06,13100.0,13150.0,13050.0,13050.0,17351.0
4352,2018-12-06,13050.0,13150.0,13050.0,13050.0,9574.0
4353,2018-12-06,13350.0,13400.0,13200.0,13250.0,28554.0
4354,2018-12-07,13250.0,13350.0,13150.0,13200.0,15344.0
4355,2018-12-07,13200.0,13200.0,13100.0,13200.0,10163.0
4356,2018-12-07,13150.0,13250.0,13150.0,13200.0,7781.0
4357,2018-12-07,13150.0,13200.0,13100.0,13150.0,8946.0
4358,2018-12-07,13200.0,13200.0,13100.0,13150.0,16195.0
4359,2018-12-07,13200.0,13250.0,13100.0,13150.0,16848.0
4360,2018-12-07,13150.0,13200.0,13150.0,13150.0,8471.0
4361,2018-12-10,12850.0,13000.0,12800.0,12800.0,8432.0
4362,2018-12-10,12850.0,13000.0,12700.0,12800.0,30750.0
4363,2018-12-10,12700.0,12900.0,12700.0,12850.0,25582.0
4364,2018-12-10,12800.0,12850.0,12700.0,12750.0,13442.0
4365,2018-12-10,12750.0,12900.0,12750.0,12800.0,20321.0
4366,2018-12-10,13000.0,13000.0,12700.0,12800.0,36321.0
4367,2018-12-10,12750.0,12800.0,12700.0,12700.0,13866.0
4368,2018-12-11,12900.0,12950.0,12700.0,12750.0,11971.0
4369,2018-12-11,12700.0,12750.0,12550.0,12550.0,23124.0
4370,2018-12-11,12550.0,12700.0,12550.0,12550.0,12769.0
4371,2018-12-11,12550.0,12700.0,12500.0,12500.0,16628.0
4372,2018-12-11,12500.0,12600.0,12450.0,12600.0,21168.0
4373,2018-12-11,12550.0,12900.0,12550.0,12750.0,34211.0
4374,2018-12-11,12750.0,12800.0,12600.0,12700.0,11935.0
4375,2018-12-12,13100.0,13150.0,13000.0,13100.0,6289.0
4376,2018-12-12,13000.0,13100.0,12950.0,13050.0,9927.0
4377,2018-12-12,13100.0,13150.0,12950.0,13100.0,12136.0
4378,2018-12-12,12900.0,13000.0,12850.0,12950.0,14650.0
4379,2018-12-12,12700.0,12850.0,12600.0,12750.0,7305.0
4380,2018-12-12,12750.0,12950.0,12750.0,12850.0,11492.0
4381,2018-12-12,12950.0,13000.0,12950.0,12950.0,5403.0
4382,2018-12-13,13000.0,13250.0,12950.0,13000.0,4589.0
4383,2018-12-13,13050.0,13150.0,12950.0,12950.0,9779.0
4384,2018-12-13,12950.0,13100.0,12900.0,13000.0,10137.0
4385,2018-12-13,13000.0,13100.0,12950.0,13000.0,9410.0
4386,2018-12-13,13000.0,13100.0,12950.0,13100.0,11428.0
4387,2018-12-13,13050.0,13150.0,13000.0,13050.0,9438.0
4388,2018-12-13,13050.0,13200.0,13000.0,13000.0,41358.0
4389,2018-12-14,12750.0,12950.0,12550.0,12850.0,35118.0
4390,2018-12-14,12750.0,12800.0,12650.0,12750.0,11660.0
4391,2018-12-14,12900.0,12950.0,12700.0,12800.0,21849.0
4392,2018-12-14,12700.0,12750.0,12550.0,12650.0,21871.0
4393,2018-12-14,12850.0,12900.0,12600.0,12700.0,20402.0
4394,2018-12-14,13000.0,13050.0,12800.0,12850.0,9401.0
4395,2018-12-14,12650.0,12800.0,12650.0,12750.0,11274.0
4396,2018-12-17,12600.0,13000.0,12550.0,13000.0,46795.0
4397,2018-12-17,12500.0,12650.0,12450.0,12600.0,17539.0
4398,2018-12-17,13000.0,13050.0,12850.0,12900.0,15045.0
4399,2018-12-17,12500.0,12650.0,12450.0,12500.0,22082.0
4400,2018-12-17,12650.0,12700.0,12500.0,12550.0,13661.0
4401,2018-12-17,12750.0,12850.0,12500.0,12700.0,14862.0
4402,2018-12-17,12550.0,12650.0,12450.0,12450.0,15200.0
4403,2018-12-18,12750.0,12750.0,12550.0,12650.0,18357.0
4404,2018-12-18,12700.0,12800.0,12600.0,12650.0,17844.0
4405,2018-12-18,12650.0,12700.0,12600.0,12600.0,16589.0
4406,2018-12-18,12600.0,12650.0,12550.0,12550.0,19344.0
4407,2018-12-18,12550.0,12650.0,12250.0,12400.0,71710.0
4408,2018-12-18,12400.0,12600.0,12300.0,12600.0,57196.0
4409,2018-12-18,12600.0,12650.0,12450.0,12550.0,18088.0
4410,2018-12-19,12650.0,12700.0,12500.0,12600.0,6773.0
4411,2018-12-19,12700.0,12700.0,12600.0,12700.0,13542.0
4412,2018-12-19,12750.0,12750.0,12550.0,12700.0,12362.0
4413,2018-12-19,12650.0,12700.0,12550.0,12600.0,10737.0
4414,2018-12-19,12550.0,12750.0,12500.0,12600.0,12738.0
4415,2018-12-19,12650.0,12750.0,12550.0,12650.0,13665.0
4416,2018-12-19,12550.0,12600.0,12350.0,12500.0,11322.0
4417,2018-12-20,12500.0,12600.0,12400.0,12550.0,15730.0
4418,2018-12-20,12550.0,12850.0,12550.0,12750.0,13598.0
4419,2018-12-20,12750.0,12800.0,12650.0,12750.0,10033.0
4420,2018-12-20,12700.0,12950.0,12700.0,12800.0,17978.0
4421,2018-12-20,12850.0,12850.0,12650.0,12650.0,12350.0
4422,2018-12-20,12700.0,13250.0,12600.0,13000.0,49801.0
4423,2018-12-20,13000.0,13050.0,12950.0,13000.0,8906.0
4424,2018-12-21,12850.0,12900.0,12800.0,12800.0,12122.0
4425,2018-12-21,12850.0,12950.0,12800.0,12850.0,8802.0
4426,2018-12-21,12850.0,12950.0,12800.0,12850.0,8691.0
4427,2018-12-21,12900.0,13000.0,12850.0,12850.0,7779.0
4428,2018-12-21,12850.0,12950.0,12750.0,12800.0,11940.0
4429,2018-12-21,13050.0,13200.0,12850.0,12900.0,12293.0
4430,2018-12-21,12850.0,12950.0,12800.0,12850.0,2865.0
4431,2018-12-24,13100.0,13150.0,13050.0,13050.0,9512.0
4432,2018-12-24,13050.0,13100.0,12950.0,13100.0,6417.0
4433,2018-12-24,13000.0,13150.0,12950.0,13100.0,13399.0
4434,2018-12-24,12850.0,13050.0,12800.0,13050.0,11965.0
4435,2018-12-24,13000.0,13050.0,12900.0,13000.0,11207.0
4436,2018-12-24,13000.0,13050.0,12950.0,12950.0,12375.0
4437,2018-12-24,12750.0,13000.0,12750.0,12850.0,8839.0
4438,2018-12-26,13000.0,13050.0,12750.0,12800.0,12628.0
4439,2018-12-26,12800.0,12950.0,12800.0,12800.0,7068.0
4440,2018-12-26,12800.0,12900.0,12550.0,12700.0,16242.0
4441,2018-12-26,12700.0,13000.0,12700.0,12750.0,8358.0
4442,2018-12-26,12800.0,12800.0,12700.0,12700.0,7651.0
4443,2018-12-26,12700.0,13100.0,12700.0,13050.0,23639.0
4444,2018-12-26,13100.0,13250.0,13050.0,13200.0,19409.0
4445,2018-12-27,12850.0,12900.0,12800.0,12800.0,11052.0
4446,2018-12-27,12900.0,13050.0,12850.0,13000.0,10766.0
4447,2018-12-27,12850.0,13000.0,12800.0,12900.0,18606.0
4448,2018-12-27,12850.0,13000.0,12850.0,12850.0,12985.0
4449,2018-12-27,12950.0,13050.0,12850.0,12900.0,25988.0
4450,2018-12-27,13200.0,13250.0,12900.0,12950.0,20757.0
4451,2018-12-27,12900.0,12950.0,12800.0,12900.0,19027.0
4452,2018-12-28,13000.0,13100.0,12850.0,13050.0,6747.0
4453,2018-12-28,13050.0,13050.0,12800.0,12850.0,9058.0
4454,2018-12-28,12900.0,12950.0,12800.0,12900.0,9160.0
4455,2018-12-28,12900.0,12950.0,12850.0,12950.0,6463.0
4456,2018-12-28,12950.0,13000.0,12900.0,12900.0,6942.0
4457,2018-12-28,12950.0,13000.0,12850.0,13000.0,15833.0
4458,2018-12-28,13000.0,13050.0,12950.0,13000.0,10972.0
4459,2019-01-02,12700.0,12750.0,12650.0,12650.0,17957.0
4460,2019-01-02,12800.0,12800.0,12600.0,12650.0,20033.0
4461,2019-01-02,13100.0,13150.0,12900.0,12950.0,13600.0
4462,2019-01-02,12900.0,12950.0,12800.0,12950.0,9010.0
4463,2019-01-02,13000.0,13000.0,12750.0,12950.0,15677.0
4464,2019-01-02,12900.0,12950.0,12750.0,12850.0,12479.0
4465,2019-01-03,12600.0,12600.0,12400.0,12500.0,13473.0
4466,2019-01-03,12600.0,12650.0,12550.0,12600.0,14085.0
4467,2019-01-03,12600.0,12650.0,12550.0,12650.0,10719.0
4468,2019-01-03,12650.0,12750.0,12500.0,12700.0,14772.0
4469,2019-01-03,12700.0,12750.0,12600.0,12700.0,12558.0
4470,2019-01-03,12650.0,12800.0,12500.0,12650.0,16585.0
4471,2019-01-03,12700.0,12750.0,12600.0,12650.0,11311.0
4472,2019-01-04,12500.0,12550.0,12250.0,12250.0,14520.0
4473,2019-01-04,12250.0,12600.0,12200.0,12300.0,11513.0
4474,2019-01-04,12250.0,12400.0,12250.0,12350.0,3977.0
4475,2019-01-04,12350.0,12450.0,12350.0,12400.0,3558.0
4476,2019-01-04,12400.0,12500.0,12400.0,12450.0,6457.0
4477,2019-01-04,12450.0,12600.0,12450.0,12500.0,6400.0
4478,2019-01-04,12500.0,12550.0,12500.0,12500.0,3053.0
4479,2019-01-07,12650.0,12750.0,12600.0,12650.0,5716.0
4480,2019-01-07,12650.0,12700.0,12600.0,12700.0,11026.0
4481,2019-01-07,12650.0,12700.0,12600.0,12600.0,3177.0
4482,2019-01-07,12550.0,12650.0,12550.0,12650.0,4351.0
4483,2019-01-07,12600.0,12900.0,12600.0,12800.0,16236.0
4484,2019-01-07,12800.0,12850.0,12550.0,12550.0,22529.0
4485,2019-01-07,12600.0,12700.0,12550.0,12650.0,3416.0
4486,2019-01-08,12600.0,12700.0,12500.0,12700.0,9980.0
4487,2019-01-08,12700.0,12750.0,12550.0,12550.0,8431.0
4488,2019-01-08,12550.0,12700.0,12500.0,12600.0,6925.0
4489,2019-01-08,12550.0,12650.0,12500.0,12650.0,6027.0
4490,2019-01-08,12600.0,12650.0,12550.0,12600.0,4341.0
4491,2019-01-08,12600.0,12700.0,12550.0,12550.0,9683.0
4492,2019-01-08,12550.0,12700.0,12550.0,12600.0,4895.0
4493,2019-01-09,12750.0,12800.0,12750.0,12750.0,6809.0
4494,2019-01-09,12800.0,12900.0,12750.0,12800.0,10466.0
4495,2019-01-09,12750.0,12900.0,12750.0,12800.0,9393.0
4496,2019-01-09,12600.0,12800.0,12550.0,12600.0,26745.0
4497,2019-01-09,12750.0,12800.0,12600.0,12700.0,14772.0
4498,2019-01-09,12650.0,12800.0,12600.0,12750.0,8968.0
4499,2019-01-09,12700.0,12800.0,12650.0,12800.0,4649.0
4500,2019-01-10,12800.0,12850.0,12700.0,12700.0,6524.0
4501,2019-01-10,12700.0,12750.0,12700.0,12750.0,4137.0
4502,2019-01-10,12800.0,12850.0,12750.0,12800.0,6484.0
4503,2019-01-10,12850.0,12850.0,12550.0,12700.0,19254.0
4504,2019-01-10,12600.0,12700.0,12600.0,12700.0,7168.0
4505,2019-01-10,12700.0,12700.0,12550.0,12650.0,5507.0
4506,2019-01-10,12700.0,12850.0,12700.0,12850.0,13953.0
4507,2019-01-11,12800.0,12950.0,12700.0,12850.0,22472.0
4508,2019-01-11,12900.0,13050.0,12850.0,13050.0,18475.0
4509,2019-01-11,13050.0,13350.0,12950.0,13300.0,58865.0
4510,2019-01-11,13300.0,13300.0,13200.0,13250.0,16043.0
4511,2019-01-11,13250.0,13550.0,13250.0,13450.0,67822.0
4512,2019-01-11,13450.0,13500.0,13250.0,13500.0,48674.0
4513,2019-01-11,13450.0,13800.0,13400.0,13700.0,37168.0
4514,2019-01-14,13700.0,13750.0,13550.0,13650.0,18333.0
4515,2019-01-14,13650.0,13700.0,13550.0,13650.0,8157.0
4516,2019-01-14,13700.0,13750.0,13650.0,13700.0,14149.0
4517,2019-01-14,13550.0,14000.0,13550.0,13650.0,69771.0
4518,2019-01-14,13700.0,13800.0,13600.0,13700.0,12971.0
4519,2019-01-14,13600.0,13900.0,13600.0,13700.0,29193.0
4520,2019-01-14,13700.0,13750.0,13650.0,13700.0,6941.0
4521,2019-01-15,13600.0,13900.0,13450.0,13650.0,34890.0
4522,2019-01-15,13700.0,13800.0,13600.0,13700.0,16395.0
4523,2019-01-15,13700.0,13800.0,13650.0,13700.0,14397.0
4524,2019-01-15,13700.0,13800.0,13550.0,13700.0,12336.0
4525,2019-01-15,13700.0,13750.0,13600.0,13700.0,13110.0
4526,2019-01-15,13650.0,13700.0,13550.0,13600.0,17523.0
4527,2019-01-15,13600.0,13650.0,13550.0,13600.0,10887.0
4528,2019-01-16,13900.0,13950.0,13850.0,13950.0,7231.0
4529,2019-01-16,13900.0,13950.0,13850.0,13900.0,8965.0
4530,2019-01-16,13850.0,13950.0,13800.0,13900.0,13789.0
4531,2019-01-16,13850.0,13900.0,13800.0,13850.0,8398.0
4532,2019-01-16,13950.0,13950.0,13800.0,13850.0,24159.0
4533,2019-01-16,13650.0,13950.0,13600.0,13950.0,35028.0
4534,2019-01-16,13850.0,13900.0,13800.0,13850.0,11418.0
4535,2019-01-17,14100.0,14100.0,13750.0,13850.0,31114.0
4536,2019-01-17,13900.0,13900.0,13700.0,13800.0,13311.0
4537,2019-01-17,13800.0,13900.0,13750.0,13800.0,13873.0
4538,2019-01-17,13800.0,13850.0,13700.0,13750.0,8798.0
4539,2019-01-17,13750.0,14000.0,13650.0,13950.0,22075.0
4540,2019-01-17,13950.0,14000.0,13800.0,13900.0,23364.0
4541,2019-01-17,13900.0,13950.0,13850.0,13900.0,11750.0
4542,2019-01-18,13750.0,13850.0,13700.0,13850.0,12684.0
4543,2019-01-18,13850.0,13900.0,13650.0,13750.0,21626.0
4544,2019-01-18,13850.0,13850.0,13750.0,13850.0,7829.0
4545,2019-01-18,13750.0,13800.0,13700.0,13750.0,8498.0
4546,2019-01-18,13900.0,13900.0,13700.0,13750.0,11340.0
4547,2019-01-18,13750.0,13850.0,13700.0,13800.0,6340.0
4548,2019-01-18,14000.0,14050.0,13750.0,13850.0,14677.0
4549,2019-01-21,13700.0,13750.0,13600.0,13600.0,7464.0
4550,2019-01-21,13600.0,13700.0,13500.0,13650.0,20754.0
4551,2019-01-21,13600.0,13800.0,13500.0,13600.0,18240.0
4552,2019-01-21,13850.0,13950.0,13700.0,13800.0,12815.0
4553,2019-01-21,13650.0,13700.0,13600.0,13650.0,6871.0
4554,2019-01-21,13800.0,13800.0,13600.0,13650.0,14895.0
4555,2019-01-21,13650.0,13700.0,13550.0,13600.0,10337.0
4556,2019-01-22,13600.0,13650.0,13400.0,13400.0,16118.0
4557,2019-01-22,13400.0,13550.0,13400.0,13550.0,10943.0
4558,2019-01-22,13550.0,13600.0,13450.0,13600.0,8516.0
4559,2019-01-22,13600.0,13600.0,13450.0,13450.0,7003.0
4560,2019-01-22,13450.0,13500.0,13450.0,13500.0,2413.0
4561,2019-01-22,13450.0,13500.0,13400.0,13450.0,8942.0
4562,2019-01-22,13500.0,13600.0,13450.0,13600.0,5598.0
4563,2019-01-23,13600.0,13750.0,13550.0,13600.0,4568.0
4564,2019-01-23,13650.0,13650.0,13450.0,13600.0,16277.0
4565,2019-01-23,13700.0,13800.0,13600.0,13650.0,12040.0
4566,2019-01-23,13700.0,13800.0,13700.0,13700.0,6845.0
4567,2019-01-23,13750.0,13750.0,13650.0,13750.0,11760.0
4568,2019-01-23,13600.0,13750.0,13600.0,13750.0,6995.0
4569,2019-01-23,13450.0,13700.0,13450.0,13650.0,6542.0
4570,2019-01-24,13550.0,13750.0,13500.0,13600.0,20580.0
4571,2019-01-24,13600.0,13650.0,13550.0,13650.0,6502.0
4572,2019-01-24,13600.0,13700.0,13600.0,13650.0,7799.0
4573,2019-01-24,13650.0,13700.0,13550.0,13650.0,6970.0
4574,2019-01-24,13600.0,13700.0,13600.0,13700.0,5548.0
4575,2019-01-24,13700.0,13750.0,13650.0,13650.0,10286.0
4576,2019-01-24,13650.0,13650.0,13600.0,13600.0,5795.0
4577,2019-01-25,13600.0,13700.0,13550.0,13600.0,18894.0
4578,2019-01-25,13650.0,13700.0,13600.0,13600.0,6990.0
4579,2019-01-25,13600.0,13650.0,13600.0,13650.0,6900.0
4580,2019-01-25,13600.0,13650.0,13550.0,13600.0,5808.0
4581,2019-01-25,13650.0,13650.0,13550.0,13600.0,9492.0
4582,2019-01-25,13550.0,13650.0,13500.0,13650.0,5914.0
4583,2019-01-25,13600.0,13650.0,13550.0,13600.0,8120.0
4584,2019-01-28,13600.0,13850.0,13550.0,13600.0,30824.0
4585,2019-01-28,13550.0,13650.0,13550.0,13600.0,9848.0
4586,2019-01-28,13600.0,13600.0,13500.0,13600.0,10224.0
4587,2019-01-28,13600.0,13600.0,13500.0,13550.0,7249.0
4588,2019-01-28,13600.0,13650.0,13500.0,13550.0,15281.0
4589,2019-01-28,13550.0,13600.0,13500.0,13500.0,15490.0
4590,2019-01-28,13500.0,13550.0,13450.0,13550.0,24226.0
4591,2019-01-29,13400.0,13500.0,13350.0,13500.0,11017.0
4592,2019-01-29,13200.0,13400.0,13200.0,13350.0,16121.0
4593,2019-01-29,13350.0,13500.0,13300.0,13400.0,16560.0
4594,2019-01-29,13300.0,13350.0,13200.0,13200.0,20564.0
4595,2019-01-29,13300.0,13300.0,13150.0,13300.0,26488.0
4596,2019-01-29,13450.0,13500.0,13250.0,13250.0,45988.0
4597,2019-01-29,13200.0,13300.0,13200.0,13200.0,14043.0
4598,2019-01-30,13550.0,13550.0,13450.0,13500.0,5212.0
4599,2019-01-30,13550.0,13650.0,13500.0,13550.0,15986.0
4600,2019-01-30,13500.0,13600.0,13400.0,13500.0,15896.0
4601,2019-01-30,13500.0,13600.0,13450.0,13600.0,7713.0
4602,2019-01-30,13500.0,13550.0,13400.0,13500.0,9413.0
4603,2019-01-30,13400.0,13550.0,13400.0,13500.0,8479.0
4604,2019-01-30,13550.0,13650.0,13500.0,13600.0,7334.0
4605,2019-01-31,13700.0,13950.0,13600.0,13750.0,64974.0
4606,2019-01-31,13750.0,13850.0,13500.0,13550.0,22087.0
4607,2019-01-31,13550.0,13650.0,13500.0,13550.0,12082.0
4608,2019-01-31,13550.0,13600.0,13500.0,13500.0,8149.0
4609,2019-01-31,13500.0,13600.0,13450.0,13550.0,12101.0
4610,2019-01-31,13550.0,13600.0,13500.0,13500.0,17176.0
4611,2019-01-31,13500.0,13550.0,13350.0,13500.0,22596.0
4612,2019-02-01,13350.0,13450.0,13300.0,13350.0,7173.0
4613,2019-02-01,13400.0,13450.0,13300.0,13350.0,20157.0
4614,2019-02-01,13400.0,13450.0,13350.0,13450.0,6295.0
4615,2019-02-01,13400.0,13450.0,13400.0,13400.0,3906.0
4616,2019-02-01,13550.0,13600.0,13350.0,13350.0,12907.0
4617,2019-02-01,13400.0,13600.0,13400.0,13550.0,7623.0
4618,2019-02-01,13400.0,13450.0,13400.0,13400.0,5901.0
4619,2019-02-07,13550.0,13650.0,13400.0,13500.0,11843.0
4620,2019-02-07,13550.0,13550.0,13400.0,13450.0,6164.0
4621,2019-02-07,13450.0,13600.0,13450.0,13500.0,8613.0
4622,2019-02-07,13550.0,13550.0,13450.0,13450.0,6545.0
4623,2019-02-07,13450.0,13550.0,13400.0,13450.0,10589.0
4624,2019-02-07,13450.0,13500.0,13350.0,13450.0,22456.0
4625,2019-02-07,13450.0,13550.0,13450.0,13550.0,6467.0
4626,2019-02-08,13250.0,13300.0,13150.0,13250.0,16235.0
4627,2019-02-08,13250.0,13300.0,13250.0,13250.0,10319.0
4628,2019-02-08,13300.0,13300.0,13250.0,13250.0,14970.0
4629,2019-02-08,13300.0,13350.0,13250.0,13300.0,9493.0
4630,2019-02-08,13300.0,13400.0,13250.0,13300.0,17290.0
4631,2019-02-08,13350.0,13450.0,13250.0,13350.0,20472.0
4632,2019-02-08,13500.0,13600.0,13350.0,13350.0,22575.0
4633,2019-02-11,13150.0,13350.0,13150.0,13300.0,10569.0
4634,2019-02-11,13250.0,13300.0,13150.0,13200.0,8963.0
4635,2019-02-11,13150.0,13250.0,13150.0,13200.0,7159.0
4636,2019-02-11,13200.0,13400.0,13200.0,13300.0,8929.0
4637,2019-02-11,13300.0,13300.0,13150.0,13250.0,9580.0
4638,2019-02-11,13250.0,13300.0,13150.0,13200.0,9069.0
4639,2019-02-11,13200.0,13300.0,13200.0,13300.0,5276.0
4640,2019-02-12,13400.0,13400.0,13300.0,13300.0,6271.0
4641,2019-02-12,13400.0,13450.0,13350.0,13400.0,3119.0
4642,2019-02-12,13300.0,13350.0,13300.0,13350.0,3922.0
4643,2019-02-12,13300.0,13350.0,13300.0,13350.0,702.0
4644,2019-02-12,13450.0,13450.0,13250.0,13350.0,5302.0
4645,2019-02-12,13350.0,13500.0,13200.0,13400.0,26838.0
4646,2019-02-12,13350.0,13450.0,13300.0,13350.0,3925.0
4647,2019-02-13,13350.0,13650.0,13250.0,13600.0,24882.0
4648,2019-02-13,13550.0,13550.0,13400.0,13500.0,16138.0
4649,2019-02-13,13550.0,13600.0,13500.0,13550.0,15587.0
4650,2019-02-13,13550.0,13650.0,13550.0,13600.0,12861.0
4651,2019-02-13,13600.0,13650.0,13500.0,13600.0,15422.0
4652,2019-02-13,13600.0,13650.0,13500.0,13650.0,12787.0
4653,2019-02-13,13650.0,13650.0,13600.0,13600.0,7618.0
4654,2019-02-14,13900.0,14150.0,13850.0,14100.0,51976.0
4655,2019-02-14,13850.0,13900.0,13800.0,13900.0,7041.0
4656,2019-02-14,14100.0,14150.0,14050.0,14150.0,27017.0
4657,2019-02-14,13900.0,13950.0,13800.0,13850.0,14272.0
4658,2019-02-14,13850.0,13900.0,13750.0,13900.0,22748.0
4659,2019-02-14,13750.0,13850.0,13600.0,13850.0,37342.0
4660,2019-02-14,13800.0,13850.0,13750.0,13800.0,13754.0
4661,2019-02-15,13900.0,13950.0,13800.0,13900.0,25925.0
4662,2019-02-15,13850.0,14000.0,13850.0,13900.0,16792.0
4663,2019-02-15,13900.0,14000.0,13900.0,14000.0,8834.0
4664,2019-02-15,13900.0,13950.0,13800.0,13900.0,20814.0
4665,2019-02-15,14100.0,14200.0,13850.0,13950.0,41969.0
4666,2019-02-15,14250.0,14300.0,14000.0,14100.0,61707.0
4667,2019-02-15,13900.0,13950.0,13850.0,13850.0,8239.0
4668,2019-02-18,14050.0,14050.0,13700.0,13900.0,39910.0
4669,2019-02-18,13900.0,13950.0,13800.0,13900.0,11477.0
4670,2019-02-18,13950.0,14000.0,13800.0,13850.0,16404.0
4671,2019-02-18,13850.0,13950.0,13800.0,13900.0,7777.0
4672,2019-02-18,13850.0,13950.0,13750.0,13800.0,23228.0
4673,2019-02-18,13800.0,13850.0,13750.0,13800.0,12635.0
4674,2019-02-18,13800.0,13950.0,13800.0,13950.0,11270.0
4675,2019-02-19,13850.0,13900.0,13850.0,13900.0,9612.0
4676,2019-02-19,13900.0,13950.0,13850.0,13850.0,10259.0
4677,2019-02-19,13850.0,13950.0,13800.0,13900.0,16339.0
4678,2019-02-19,13800.0,14000.0,13800.0,13950.0,7977.0
4679,2019-02-19,13800.0,13900.0,13650.0,13850.0,28649.0
4680,2019-02-19,13950.0,14000.0,13900.0,13900.0,2516.0
4681,2019-02-19,13900.0,14000.0,13800.0,13800.0,18565.0
4682,2019-02-20,14300.0,14400.0,14000.0,14100.0,122153.0
4683,2019-02-20,14150.0,14300.0,14100.0,14150.0,65427.0
4684,2019-02-20,14200.0,14200.0,14100.0,14150.0,15791.0
4685,2019-02-20,14150.0,14150.0,14000.0,14050.0,22585.0
4686,2019-02-20,14050.0,14100.0,13950.0,13950.0,25326.0
4687,2019-02-20,13950.0,14000.0,13900.0,14000.0,18272.0
4688,2019-02-20,14000.0,14000.0,13900.0,13900.0,19578.0
4689,2019-02-21,14350.0,14400.0,14300.0,14400.0,18724.0
4690,2019-02-21,14300.0,14500.0,14250.0,14400.0,49394.0
4691,2019-02-21,14200.0,14350.0,14100.0,14350.0,32783.0
4692,2019-02-21,14100.0,14250.0,14000.0,14150.0,32526.0
4693,2019-02-21,14150.0,14250.0,14100.0,14250.0,23962.0
4694,2019-02-21,13900.0,14150.0,13800.0,14100.0,29938.0
4695,2019-02-21,14200.0,14250.0,14150.0,14200.0,16500.0
4696,2019-02-22,14100.0,14150.0,14050.0,14050.0,19826.0
4697,2019-02-22,14100.0,14200.0,14050.0,14200.0,11028.0
4698,2019-02-22,14150.0,14200.0,14100.0,14100.0,22063.0
4699,2019-02-22,14200.0,14450.0,14200.0,14250.0,24145.0
4700,2019-02-22,14250.0,14300.0,14150.0,14200.0,28197.0
4701,2019-02-22,14200.0,14250.0,14150.0,14200.0,11831.0
4702,2019-02-22,14350.0,14400.0,14100.0,14250.0,34100.0
4703,2019-02-25,14300.0,14300.0,14150.0,14150.0,8729.0
4704,2019-02-25,14150.0,14200.0,14100.0,14150.0,11865.0
4705,2019-02-25,14200.0,14250.0,14100.0,14100.0,7028.0
4706,2019-02-25,14150.0,14150.0,14100.0,14100.0,3854.0
4707,2019-02-25,14150.0,14150.0,14050.0,14150.0,6093.0
4708,2019-02-25,14150.0,14200.0,14100.0,14200.0,6153.0
4709,2019-02-25,14150.0,14200.0,14100.0,14200.0,14063.0
4710,2019-02-26,14050.0,14050.0,14000.0,14050.0,3112.0
4711,2019-02-26,14000.0,14050.0,13950.0,14050.0,6485.0
4712,2019-02-26,14050.0,14050.0,13950.0,14000.0,15458.0
4713,2019-02-26,14050.0,14050.0,13950.0,14050.0,17739.0
4714,2019-02-26,14250.0,14250.0,14050.0,14050.0,13112.0
4715,2019-02-26,14100.0,14250.0,14050.0,14250.0,19964.0
4716,2019-02-26,14100.0,14100.0,14000.0,14050.0,14898.0
4717,2019-02-27,13950.0,14150.0,13950.0,14150.0,9206.0
4718,2019-02-27,14150.0,14150.0,14050.0,14150.0,7188.0
4719,2019-02-27,14150.0,14150.0,14000.0,14050.0,8107.0
4720,2019-02-27,14050.0,14200.0,14000.0,14200.0,10446.0
4721,2019-02-27,14150.0,14200.0,14100.0,14100.0,6298.0
4722,2019-02-27,14100.0,14150.0,13950.0,14000.0,13445.0
4723,2019-02-27,14000.0,14150.0,13950.0,14150.0,6194.0
4724,2019-02-28,13550.0,13900.0,13450.0,13450.0,52254.0
4725,2019-02-28,14000.0,14000.0,13550.0,13550.0,49356.0
4726,2019-02-28,13950.0,14050.0,13950.0,14000.0,13327.0
4727,2019-02-28,14150.0,14150.0,13850.0,14000.0,18900.0
4728,2019-02-28,14000.0,14050.0,14000.0,14000.0,5267.0
4729,2019-02-28,13950.0,14150.0,13900.0,14000.0,6544.0
4730,2019-02-28,14050.0,14050.0,14000.0,14000.0,9219.0
4731,2019-03-04,13950.0,13950.0,13800.0,13950.0,11087.0
4732,2019-03-04,13900.0,13950.0,13800.0,13900.0,5138.0
4733,2019-03-04,13950.0,14000.0,13850.0,13900.0,8241.0
4734,2019-03-04,13550.0,13950.0,13550.0,13800.0,30826.0
4735,2019-03-04,13950.0,14000.0,13900.0,14000.0,13649.0
4736,2019-03-04,13850.0,14000.0,13750.0,13950.0,15127.0
4737,2019-03-04,14000.0,14000.0,13900.0,14000.0,7293.0
4738,2019-03-05,13750.0,13950.0,13650.0,13750.0,14273.0
4739,2019-03-05,13750.0,13900.0,13700.0,13750.0,7184.0
4740,2019-03-05,13750.0,13800.0,13650.0,13650.0,4946.0
4741,2019-03-05,13700.0,13750.0,13600.0,13650.0,9182.0
4742,2019-03-05,13700.0,13800.0,13650.0,13700.0,5183.0
4743,2019-03-05,13700.0,13750.0,13600.0,13650.0,11429.0
4744,2019-03-05,13650.0,13750.0,13650.0,13750.0,5253.0
4745,2019-03-06,13900.0,14000.0,13850.0,13900.0,25293.0
4746,2019-03-06,13700.0,13950.0,13650.0,13900.0,28939.0
4747,2019-03-06,13900.0,13900.0,13850.0,13900.0,8567.0
4748,2019-03-06,13750.0,13800.0,13650.0,13700.0,3852.0
4749,2019-03-06,13750.0,13850.0,13650.0,13700.0,6959.0
4750,2019-03-06,13700.0,13750.0,13700.0,13750.0,4689.0
4751,2019-03-06,13700.0,13800.0,13600.0,13750.0,8444.0
4752,2019-03-07,13900.0,13900.0,13750.0,13800.0,13824.0
4753,2019-03-07,13800.0,13850.0,13750.0,13850.0,5127.0
4754,2019-03-07,13800.0,13800.0,13700.0,13750.0,7555.0
4755,2019-03-07,13750.0,13750.0,13650.0,13700.0,6541.0
4756,2019-03-07,13700.0,13750.0,13550.0,13650.0,15949.0
4757,2019-03-07,13600.0,13700.0,13350.0,13400.0,31116.0
4758,2019-03-07,13450.0,13550.0,13400.0,13450.0,12203.0
4759,2019-03-08,13200.0,13300.0,13150.0,13300.0,11434.0
4760,2019-03-08,13200.0,13250.0,13150.0,13200.0,9103.0
4761,2019-03-08,13250.0,13250.0,13150.0,13200.0,12978.0
4762,2019-03-08,13300.0,13400.0,13250.0,13350.0,23814.0
4763,2019-03-08,13300.0,13350.0,13250.0,13250.0,11027.0
4764,2019-03-08,13400.0,13450.0,13250.0,13300.0,22491.0
4765,2019-03-08,13250.0,13300.0,13200.0,13250.0,6824.0
4766,2019-03-11,13350.0,13500.0,13300.0,13400.0,6717.0
4767,2019-03-11,13400.0,13450.0,13350.0,13400.0,3619.0
4768,2019-03-11,13400.0,13450.0,13350.0,13400.0,3269.0
4769,2019-03-11,13300.0,13450.0,13300.0,13400.0,9662.0
4770,2019-03-11,13400.0,13400.0,13300.0,13300.0,3626.0
4771,2019-03-11,13300.0,13550.0,13250.0,13350.0,36624.0
4772,2019-03-11,13350.0,13400.0,13300.0,13350.0,2919.0
4773,2019-03-12,13550.0,13650.0,13350.0,13400.0,15572.0
4774,2019-03-12,13450.0,13550.0,13400.0,13500.0,10251.0
4775,2019-03-12,13500.0,13600.0,13450.0,13600.0,13843.0
4776,2019-03-12,13550.0,13700.0,13450.0,13700.0,14789.0
4777,2019-03-12,13650.0,13700.0,13550.0,13650.0,10527.0
4778,2019-03-12,13600.0,13750.0,13500.0,13700.0,10642.0
4779,2019-03-12,13700.0,13700.0,13600.0,13700.0,9334.0
4780,2019-03-13,13900.0,13950.0,13850.0,13900.0,7476.0
4781,2019-03-13,13750.0,13900.0,13750.0,13900.0,8881.0
4782,2019-03-13,13900.0,13950.0,13800.0,13900.0,15687.0
4783,2019-03-13,13750.0,13850.0,13650.0,13800.0,17100.0
4784,2019-03-13,13700.0,13900.0,13600.0,13800.0,23393.0
4785,2019-03-13,13750.0,13850.0,13650.0,13750.0,10192.0
4786,2019-03-13,13800.0,13850.0,13650.0,13750.0,10476.0
4787,2019-03-14,13950.0,14300.0,13950.0,14200.0,71560.0
4788,2019-03-14,14200.0,14350.0,14150.0,14300.0,70601.0
4789,2019-03-14,14250.0,14400.0,14250.0,14300.0,60733.0
4790,2019-03-14,14350.0,14350.0,14250.0,14300.0,30980.0
4791,2019-03-14,14300.0,14350.0,14250.0,14250.0,39953.0
4792,2019-03-14,14250.0,14350.0,14150.0,14250.0,53413.0
4793,2019-03-14,14250.0,14250.0,14100.0,14100.0,57944.0
4794,2019-03-15,14100.0,14250.0,14050.0,14250.0,15020.0
4795,2019-03-15,14050.0,14150.0,14050.0,14100.0,8529.0
4796,2019-03-15,14100.0,14150.0,13950.0,14050.0,22634.0
4797,2019-03-15,14350.0,14400.0,14150.0,14300.0,25101.0
4798,2019-03-15,14150.0,14400.0,14150.0,14300.0,13178.0
4799,2019-03-15,14300.0,14450.0,14150.0,14400.0,85171.0
4800,2019-03-15,14250.0,14300.0,13950.0,14150.0,36857.0
4801,2019-03-18,14250.0,14350.0,14200.0,14300.0,8392.0
4802,2019-03-18,14250.0,14300.0,14250.0,14250.0,4650.0
4803,2019-03-18,14300.0,14350.0,14150.0,14250.0,14846.0
4804,2019-03-18,14550.0,14550.0,14350.0,14400.0,14511.0
4805,2019-03-18,14400.0,14450.0,14250.0,14300.0,8077.0
4806,2019-03-18,14300.0,14400.0,14300.0,14350.0,4045.0
4807,2019-03-18,14250.0,14700.0,14100.0,14550.0,59352.0
4808,2019-03-19,14250.0,14300.0,14100.0,14250.0,18622.0
4809,2019-03-19,14250.0,14450.0,14150.0,14400.0,31641.0
4810,2019-03-19,14400.0,14400.0,14250.0,14300.0,9797.0
4811,2019-03-19,14300.0,14300.0,14200.0,14250.0,3723.0
4812,2019-03-19,14200.0,14300.0,14050.0,14200.0,19858.0
4813,2019-03-19,14200.0,14250.0,14100.0,14150.0,9344.0
4814,2019-03-19,14100.0,14150.0,14050.0,14050.0,9063.0
4815,2019-03-20,13800.0,13900.0,13700.0,13800.0,12181.0
4816,2019-03-20,13850.0,13950.0,13850.0,13950.0,6227.0
4817,2019-03-20,13750.0,13950.0,13700.0,13850.0,21385.0
4818,2019-03-20,13900.0,13950.0,13750.0,13850.0,17615.0
4819,2019-03-20,13850.0,13950.0,13850.0,13900.0,12687.0
4820,2019-03-20,13850.0,13950.0,13800.0,13900.0,9012.0
4821,2019-03-20,14000.0,14100.0,13850.0,13850.0,25722.0
4822,2019-03-21,14050.0,14300.0,13800.0,14150.0,27414.0
4823,2019-03-21,14200.0,14250.0,14000.0,14100.0,8107.0
4824,2019-03-21,14050.0,14100.0,13900.0,13900.0,10857.0
4825,2019-03-21,13900.0,14000.0,13750.0,13750.0,9928.0
4826,2019-03-21,13800.0,13850.0,13650.0,13700.0,27914.0
4827,2019-03-21,13700.0,13800.0,13600.0,13650.0,46007.0
4828,2019-03-21,13650.0,13700.0,13600.0,13650.0,12802.0
4829,2019-03-22,13750.0,13800.0,13700.0,13800.0,7835.0
4830,2019-03-22,13700.0,13800.0,13700.0,13750.0,5187.0
4831,2019-03-22,13750.0,13800.0,13700.0,13750.0,4933.0
4832,2019-03-22,13650.0,13800.0,13650.0,13750.0,9272.0
4833,2019-03-22,13700.0,13850.0,13650.0,13750.0,8538.0
4834,2019-03-22,13700.0,13850.0,13650.0,13700.0,17539.0
4835,2019-03-22,13750.0,13850.0,13650.0,13700.0,7484.0
4836,2019-03-25,13700.0,13700.0,13550.0,13550.0,4498.0
4837,2019-03-25,13550.0,13650.0,13500.0,13650.0,16089.0
4838,2019-03-25,13650.0,13750.0,13600.0,13700.0,4203.0
4839,2019-03-25,13550.0,13750.0,13500.0,13600.0,13841.0
4840,2019-03-25,13600.0,13700.0,13550.0,13650.0,9299.0
4841,2019-03-25,13600.0,13700.0,13550.0,13700.0,3465.0
4842,2019-03-25,13600.0,13800.0,13550.0,13600.0,22812.0
4843,2019-03-26,13650.0,13750.0,13550.0,13650.0,14996.0
4844,2019-03-26,13650.0,13800.0,13600.0,13700.0,5455.0
4845,2019-03-26,13750.0,13850.0,13700.0,13750.0,7135.0
4846,2019-03-26,13850.0,13900.0,13800.0,13900.0,13243.0
4847,2019-03-26,13900.0,13900.0,13800.0,13850.0,10841.0
4848,2019-03-26,13800.0,13850.0,13800.0,13800.0,8794.0
4849,2019-03-26,13800.0,13850.0,13700.0,13850.0,8077.0
4850,2019-03-27,13750.0,13850.0,13650.0,13700.0,7834.0
4851,2019-03-27,13750.0,13900.0,13750.0,13850.0,12383.0
4852,2019-03-27,13700.0,13800.0,13650.0,13750.0,9376.0
4853,2019-03-27,13850.0,13850.0,13750.0,13750.0,4744.0
4854,2019-03-27,13700.0,13850.0,13650.0,13800.0,7523.0
4855,2019-03-27,13800.0,13800.0,13650.0,13700.0,10450.0
4856,2019-03-27,13800.0,13900.0,13750.0,13850.0,8563.0
4857,2019-03-28,13900.0,13900.0,13700.0,13750.0,9393.0
4858,2019-03-28,13750.0,13750.0,13600.0,13700.0,9639.0
4859,2019-03-28,13700.0,13750.0,13650.0,13700.0,13445.0
4860,2019-03-28,13700.0,13700.0,13650.0,13700.0,9254.0
4861,2019-03-28,13700.0,13700.0,13500.0,13550.0,25373.0
4862,2019-03-28,13600.0,13700.0,13550.0,13650.0,16310.0
4863,2019-03-28,13650.0,13750.0,13600.0,13750.0,6108.0
4864,2019-03-29,13500.0,13600.0,13400.0,13450.0,14304.0
4865,2019-03-29,13550.0,13550.0,13450.0,13500.0,12001.0
4866,2019-03-29,13550.0,13600.0,13500.0,13550.0,7237.0
4867,2019-03-29,13700.0,13750.0,13350.0,13450.0,39737.0
4868,2019-03-29,13450.0,13550.0,13450.0,13500.0,6599.0
4869,2019-03-29,13450.0,13550.0,13400.0,13450.0,10150.0
4870,2019-03-29,13550.0,13550.0,13450.0,13550.0,2929.0
4871,2019-04-01,13450.0,13450.0,13350.0,13450.0,7513.0
4872,2019-04-01,13450.0,13500.0,13400.0,13500.0,14712.0
4873,2019-04-01,13450.0,13450.0,13400.0,13400.0,22808.0
4874,2019-04-01,13500.0,13600.0,13350.0,13450.0,33351.0
4875,2019-04-01,13550.0,13550.0,13450.0,13450.0,25831.0
4876,2019-04-01,13450.0,13600.0,13450.0,13500.0,25998.0
4877,2019-04-01,13450.0,13500.0,13400.0,13450.0,21801.0
4878,2019-04-02,13500.0,13550.0,13200.0,13350.0,64431.0
4879,2019-04-02,13350.0,13400.0,13250.0,13350.0,24219.0
4880,2019-04-02,13350.0,13450.0,13300.0,13400.0,7986.0
4881,2019-04-02,13350.0,13450.0,13300.0,13450.0,5574.0
4882,2019-04-02,13400.0,13450.0,13350.0,13400.0,11953.0
4883,2019-04-02,13350.0,13450.0,13300.0,13400.0,11664.0
4884,2019-04-02,13400.0,13400.0,13350.0,13400.0,3462.0
4885,2019-04-03,13350.0,13400.0,13350.0,13400.0,8729.0
4886,2019-04-03,13300.0,13400.0,13250.0,13350.0,14206.0
4887,2019-04-03,13350.0,13450.0,13300.0,13450.0,18309.0
4888,2019-04-03,13400.0,13400.0,13300.0,13400.0,9268.0
4889,2019-04-03,13350.0,13400.0,13250.0,13350.0,23250.0
4890,2019-04-03,13350.0,13400.0,13250.0,13350.0,17990.0
4891,2019-04-03,13350.0,13400.0,13300.0,13350.0,15094.0
4892,2019-04-04,13450.0,13550.0,13350.0,13450.0,47009.0
4893,2019-04-04,13450.0,13500.0,13350.0,13450.0,15247.0
4894,2019-04-04,13400.0,13450.0,13400.0,13400.0,19810.0
4895,2019-04-04,13400.0,13450.0,13350.0,13400.0,8259.0
4896,2019-04-04,13400.0,13450.0,13350.0,13400.0,15266.0
4897,2019-04-04,13400.0,13450.0,13300.0,13300.0,19587.0
4898,2019-04-04,13350.0,13400.0,13300.0,13300.0,19317.0
4899,2019-04-05,13500.0,13500.0,13400.0,13400.0,18697.0
4900,2019-04-05,13500.0,13600.0,13450.0,13500.0,44153.0
4901,2019-04-05,13400.0,13500.0,13400.0,13500.0,14400.0
4902,2019-04-05,13650.0,13750.0,13450.0,13500.0,61370.0
4903,2019-04-05,13500.0,13550.0,13350.0,13500.0,41241.0
4904,2019-04-05,13500.0,13850.0,13400.0,13650.0,135092.0
4905,2019-04-05,13500.0,13500.0,13400.0,13450.0,17818.0
4906,2019-04-08,13400.0,13400.0,13300.0,13300.0,21770.0
4907,2019-04-08,13300.0,13350.0,13300.0,13300.0,11832.0
4908,2019-04-08,13400.0,13400.0,13300.0,13400.0,9930.0
4909,2019-04-08,13450.0,13500.0,13400.0,13500.0,15782.0
4910,2019-04-08,13500.0,13550.0,13350.0,13400.0,14525.0
4911,2019-04-08,13450.0,13550.0,13350.0,13450.0,36325.0
4912,2019-04-08,13350.0,13450.0,13300.0,13400.0,37320.0
4913,2019-04-09,13300.0,13650.0,13200.0,13550.0,72119.0
4914,2019-04-09,13550.0,13750.0,13550.0,13650.0,111473.0
4915,2019-04-09,13600.0,13800.0,13600.0,13650.0,47791.0
4916,2019-04-09,13700.0,13850.0,13650.0,13850.0,43550.0
4917,2019-04-09,13800.0,14050.0,13800.0,14050.0,149026.0
4918,2019-04-09,14050.0,14150.0,13900.0,14150.0,120130.0
4919,2019-04-09,14150.0,14300.0,14100.0,14250.0,91358.0
4920,2019-04-10,14250.0,14250.0,14200.0,14200.0,9799.0
4921,2019-04-10,14100.0,14250.0,14050.0,14250.0,51082.0
4922,2019-04-10,14000.0,14100.0,14000.0,14100.0,15776.0
4923,2019-04-10,14250.0,14350.0,14000.0,14050.0,59646.0
4924,2019-04-10,14100.0,14100.0,13950.0,14000.0,18937.0
4925,2019-04-10,14100.0,14200.0,14050.0,14050.0,17642.0
4926,2019-04-10,14000.0,14100.0,13950.0,14050.0,15002.0
4927,2019-04-11,14400.0,14550.0,14200.0,14200.0,65542.0
4928,2019-04-11,14200.0,14250.0,14100.0,14100.0,31719.0
4929,2019-04-11,14150.0,14200.0,14050.0,14150.0,25665.0
4930,2019-04-11,14150.0,14150.0,13950.0,14100.0,40039.0
4931,2019-04-11,14050.0,14250.0,14050.0,14200.0,36722.0
4932,2019-04-11,14200.0,14200.0,14100.0,14150.0,32228.0
4933,2019-04-11,14150.0,14250.0,14150.0,14250.0,17030.0
4934,2019-04-12,14150.0,14200.0,14100.0,14200.0,15811.0
4935,2019-04-12,14150.0,14200.0,14100.0,14100.0,5608.0
4936,2019-04-12,14150.0,14200.0,14150.0,14200.0,15678.0
4937,2019-04-12,14150.0,14200.0,14100.0,14150.0,5115.0
4938,2019-04-12,14150.0,14200.0,14100.0,14150.0,8006.0
4939,2019-04-12,14200.0,14200.0,14150.0,14150.0,4667.0
4940,2019-04-12,14200.0,14250.0,14050.0,14150.0,24504.0
4941,2019-04-15,14250.0,14250.0,14000.0,14050.0,32145.0
4942,2019-04-15,14050.0,14100.0,14000.0,14100.0,14966.0
4943,2019-04-15,14100.0,14200.0,14050.0,14150.0,18751.0
4944,2019-04-15,14150.0,14200.0,14100.0,14200.0,8163.0
4945,2019-04-15,14200.0,14200.0,14100.0,14150.0,12076.0
4946,2019-04-15,14200.0,14200.0,14100.0,14100.0,10107.0
4947,2019-04-15,14150.0,14200.0,14150.0,14200.0,9226.0
4948,2019-04-16,14000.0,14050.0,13950.0,14000.0,9397.0
4949,2019-04-16,14100.0,14250.0,14000.0,14050.0,50772.0
4950,2019-04-16,14050.0,14100.0,13900.0,13900.0,29336.0
4951,2019-04-16,13900.0,14000.0,13850.0,13950.0,20916.0
4952,2019-04-16,13950.0,14050.0,13950.0,14000.0,5635.0
4953,2019-04-16,14000.0,14050.0,13950.0,14000.0,2926.0
4954,2019-04-16,14000.0,14050.0,13950.0,14000.0,6132.0
4955,2019-04-17,13850.0,14000.0,13800.0,14000.0,13356.0
4956,2019-04-17,13900.0,13950.0,13850.0,13900.0,15164.0
4957,2019-04-17,13900.0,13900.0,13800.0,13850.0,15320.0
4958,2019-04-17,13950.0,14000.0,13900.0,13950.0,14643.0
4959,2019-04-17,13950.0,14000.0,13850.0,13950.0,28904.0
4960,2019-04-17,13900.0,13950.0,13850.0,13900.0,9515.0
4961,2019-04-17,14000.0,14000.0,13850.0,13950.0,45457.0
4962,2019-04-18,13950.0,14000.0,13800.0,13850.0,34355.0
4963,2019-04-18,13850.0,13900.0,13750.0,13800.0,26281.0
4964,2019-04-18,13800.0,13800.0,13700.0,13700.0,27315.0
4965,2019-04-18,13700.0,13800.0,13600.0,13600.0,21905.0
4966,2019-04-18,13650.0,13650.0,13450.0,13500.0,57445.0
4967,2019-04-18,13500.0,13550.0,13400.0,13400.0,60914.0
4968,2019-04-18,13400.0,13500.0,13400.0,13450.0,29548.0
4969,2019-04-19,13400.0,13550.0,13400.0,13550.0,7637.0
4970,2019-04-19,13400.0,13500.0,13400.0,13400.0,22152.0
4971,2019-04-19,13450.0,13500.0,13400.0,13400.0,17376.0
4972,2019-04-19,13550.0,13600.0,13550.0,13600.0,7493.0
4973,2019-04-19,13600.0,13600.0,13400.0,13450.0,26371.0
4974,2019-04-19,13550.0,13650.0,13500.0,13500.0,21281.0
4975,2019-04-19,13450.0,13550.0,13350.0,13400.0,34338.0
4976,2019-04-22,13450.0,13450.0,13400.0,13450.0,1583.0
4977,2019-04-22,13450.0,13450.0,13400.0,13450.0,5658.0
4978,2019-04-22,13400.0,13500.0,13350.0,13400.0,20912.0
4979,2019-04-22,13650.0,13650.0,13500.0,13600.0,7580.0
4980,2019-04-22,13600.0,13600.0,13500.0,13600.0,5306.0
4981,2019-04-22,13600.0,13600.0,13400.0,13400.0,15788.0
4982,2019-04-22,13600.0,13750.0,13500.0,13600.0,18886.0
4983,2019-04-23,13450.0,13500.0,13350.0,13350.0,23676.0
4984,2019-04-23,13400.0,13450.0,13350.0,13400.0,14291.0
4985,2019-04-23,13400.0,13450.0,13300.0,13350.0,15988.0
4986,2019-04-23,13300.0,13350.0,13300.0,13350.0,10480.0
4987,2019-04-23,13300.0,13400.0,13300.0,13350.0,5795.0
4988,2019-04-23,13350.0,13400.0,13300.0,13350.0,17188.0
4989,2019-04-23,13350.0,13400.0,13300.0,13350.0,6704.0
4990,2019-04-24,13200.0,13300.0,13200.0,13250.0,12066.0
4991,2019-04-24,13250.0,13400.0,13200.0,13350.0,9926.0
4992,2019-04-24,13250.0,13300.0,13200.0,13200.0,16692.0
4993,2019-04-24,13250.0,13300.0,13200.0,13300.0,18217.0
4994,2019-04-24,13350.0,13450.0,13300.0,13350.0,13591.0
4995,2019-04-24,13400.0,13500.0,13250.0,13350.0,28672.0
4996,2019-04-24,13300.0,13350.0,13250.0,13250.0,15937.0
4997,2019-04-25,13350.0,13400.0,13150.0,13350.0,30181.0
4998,2019-04-25,13300.0,13350.0,13200.0,13250.0,20862.0
4999,2019-04-25,13250.0,13250.0,13150.0,13200.0,9258.0
5000,2019-04-25,13200.0,13250.0,13150.0,13150.0,11464.0
5001,2019-04-25,13150.0,13200.0,13100.0,13150.0,29602.0
5002,2019-04-25,13150.0,13200.0,13100.0,13100.0,11981.0
5003,2019-04-25,13150.0,13200.0,13050.0,13100.0,37253.0
5004,2019-04-26,12900.0,13000.0,12900.0,12900.0,9472.0
5005,2019-04-26,12950.0,13000.0,12900.0,12900.0,12802.0
5006,2019-04-26,12900.0,13050.0,12900.0,12950.0,27199.0
5007,2019-04-26,12900.0,13100.0,12700.0,12750.0,98672.0
5008,2019-04-26,12750.0,12950.0,12700.0,12900.0,29896.0
5009,2019-04-26,12700.0,12800.0,12550.0,12750.0,59768.0
5010,2019-04-26,12850.0,12950.0,12850.0,12900.0,9055.0
5011,2019-04-29,13050.0,13100.0,13000.0,13100.0,8197.0
5012,2019-04-29,13100.0,13200.0,13050.0,13200.0,18235.0
5013,2019-04-29,13100.0,13150.0,13100.0,13100.0,2092.0
5014,2019-04-29,13050.0,13100.0,12900.0,13000.0,5697.0
5015,2019-04-29,13100.0,13150.0,13000.0,13100.0,11150.0
5016,2019-04-29,13000.0,13100.0,12950.0,13100.0,10430.0
5017,2019-04-29,13150.0,13150.0,13100.0,13150.0,2957.0
5018,2019-04-30,13250.0,13250.0,13000.0,13200.0,9994.0
5019,2019-04-30,13150.0,13150.0,13000.0,13100.0,7122.0
5020,2019-04-30,13100.0,13100.0,13000.0,13050.0,5309.0
5021,2019-04-30,13100.0,13200.0,13050.0,13200.0,5329.0
5022,2019-04-30,13150.0,13250.0,13150.0,13150.0,5333.0
5023,2019-04-30,13200.0,13200.0,13050.0,13050.0,17508.0
5024,2019-04-30,13050.0,13200.0,13050.0,13200.0,14098.0
5025,2019-05-02,13200.0,13250.0,13200.0,13250.0,5370.0
5026,2019-05-02,13250.0,13250.0,13200.0,13200.0,7288.0
5027,2019-05-02,13250.0,13300.0,13200.0,13300.0,6400.0
5028,2019-05-02,13200.0,13300.0,13200.0,13250.0,8464.0
5029,2019-05-02,13200.0,13250.0,13150.0,13250.0,7384.0
5030,2019-05-02,13200.0,13250.0,13200.0,13250.0,2205.0
5031,2019-05-02,13150.0,13300.0,13050.0,13200.0,15938.0
5032,2019-05-03,13150.0,13200.0,13000.0,13100.0,17461.0
5033,2019-05-03,13100.0,13150.0,13000.0,13100.0,10107.0
5034,2019-05-03,13150.0,13200.0,13100.0,13200.0,6190.0
5035,2019-05-03,13200.0,13200.0,13100.0,13150.0,6136.0
5036,2019-05-03,13150.0,13200.0,13100.0,13150.0,4107.0
5037,2019-05-03,13150.0,13200.0,13100.0,13200.0,6235.0
5038,2019-05-03,13100.0,13250.0,13100.0,13150.0,10129.0
5039,2019-05-07,13000.0,13000.0,12950.0,13000.0,7369.0
5040,2019-05-07,13000.0,13050.0,12900.0,12950.0,9102.0
5041,2019-05-07,13000.0,13050.0,12950.0,13000.0,4652.0
5042,2019-05-07,13050.0,13100.0,12900.0,12900.0,18376.0
5043,2019-05-07,13100.0,13100.0,12950.0,13100.0,17138.0
5044,2019-05-07,13000.0,13250.0,13000.0,13150.0,20052.0
5045,2019-05-07,12950.0,13100.0,12900.0,13000.0,13388.0
5046,2019-05-08,12900.0,12950.0,12850.0,12900.0,17033.0
5047,2019-05-08,12950.0,12950.0,12900.0,12950.0,11882.0
5048,2019-05-08,12950.0,13000.0,12900.0,12900.0,9081.0
5049,2019-05-08,12950.0,13100.0,12950.0,13100.0,19868.0
5050,2019-05-08,13150.0,13150.0,13000.0,13050.0,11777.0
5051,2019-05-08,12800.0,13000.0,12800.0,12900.0,10048.0
5052,2019-05-08,13050.0,13050.0,12900.0,12900.0,16771.0
5053,2019-05-09,12900.0,13000.0,12750.0,12850.0,30373.0
5054,2019-05-09,12850.0,12900.0,12650.0,12750.0,27460.0
5055,2019-05-09,12750.0,12750.0,12600.0,12600.0,14204.0
5056,2019-05-09,12600.0,12650.0,12500.0,12600.0,19852.0
5057,2019-05-09,12600.0,12650.0,12550.0,12600.0,10667.0
5058,2019-05-09,12600.0,12650.0,12400.0,12500.0,48857.0
5059,2019-05-09,12500.0,12600.0,12450.0,12500.0,17472.0
5060,2019-05-10,12200.0,12350.0,12200.0,12350.0,13656.0
5061,2019-05-10,12250.0,12350.0,12050.0,12150.0,65255.0
5062,2019-05-10,12150.0,12250.0,12150.0,12200.0,18826.0
5063,2019-05-10,12650.0,12700.0,12500.0,12550.0,10855.0
5064,2019-05-10,12550.0,12650.0,12500.0,12650.0,11540.0
5065,2019-05-10,12500.0,12700.0,12450.0,12500.0,39459.0
5066,2019-05-10,12550.0,12600.0,12150.0,12250.0,50623.0
5067,2019-05-13,12200.0,12400.0,12200.0,12350.0,10903.0
5068,2019-05-13,12300.0,12400.0,12300.0,12300.0,5476.0
5069,2019-05-13,12350.0,12350.0,12250.0,12250.0,9797.0
5070,2019-05-13,12200.0,12250.0,12100.0,12150.0,13987.0
5071,2019-05-13,12150.0,12200.0,12050.0,12100.0,21139.0
5072,2019-05-13,12050.0,12150.0,12000.0,12000.0,22079.0
5073,2019-05-13,12050.0,12100.0,12000.0,12000.0,17843.0
5074,2019-05-14,11800.0,11850.0,11700.0,11850.0,27642.0
5075,2019-05-14,11900.0,12000.0,11750.0,11800.0,26236.0
5076,2019-05-14,11900.0,11950.0,11750.0,11900.0,27148.0
5077,2019-05-14,11700.0,11900.0,11650.0,11800.0,31062.0
5078,2019-05-14,11950.0,12050.0,11950.0,11950.0,5179.0
5079,2019-05-14,11750.0,12000.0,11750.0,11950.0,16097.0
5080,2019-05-14,11950.0,12000.0,11900.0,11950.0,11086.0
5081,2019-05-15,12200.0,12450.0,12150.0,12350.0,41567.0
5082,2019-05-15,12350.0,12500.0,12350.0,12500.0,20544.0
5083,2019-05-15,12100.0,12200.0,12050.0,12200.0,5490.0
5084,2019-05-15,11850.0,12000.0,11750.0,12000.0,14136.0
5085,2019-05-15,12100.0,12150.0,12000.0,12150.0,3674.0
5086,2019-05-15,12000.0,12150.0,11950.0,12150.0,8395.0
5087,2019-05-15,12150.0,12150.0,12000.0,12100.0,2958.0
5088,2019-05-16,12600.0,12650.0,12250.0,12350.0,66180.0
5089,2019-05-16,12350.0,12500.0,12300.0,12450.0,8445.0
5090,2019-05-16,12450.0,12600.0,12400.0,12500.0,18607.0
5091,2019-05-16,12550.0,12550.0,12400.0,12500.0,7222.0
5092,2019-05-16,12500.0,12550.0,12350.0,12400.0,14239.0
5093,2019-05-16,12400.0,12450.0,12350.0,12400.0,16209.0
5094,2019-05-16,12450.0,12450.0,12400.0,12400.0,7495.0
5095,2019-05-17,12200.0,12200.0,12100.0,12100.0,13009.0
5096,2019-05-17,12250.0,12300.0,12150.0,12150.0,13384.0
5097,2019-05-17,12400.0,12450.0,12200.0,12200.0,14309.0
5098,2019-05-17,12400.0,12400.0,12300.0,12350.0,11167.0
5099,2019-05-17,12450.0,12500.0,12300.0,12450.0,9151.0
5100,2019-05-17,12350.0,12450.0,12350.0,12400.0,5169.0
5101,2019-05-17,12450.0,12600.0,12400.0,12450.0,10189.0
5102,2019-05-20,12150.0,12300.0,12100.0,12300.0,7731.0
5103,2019-05-20,12250.0,12300.0,12200.0,12250.0,4036.0
5104,2019-05-20,12300.0,12300.0,12200.0,12300.0,7496.0
5105,2019-05-20,12300.0,12350.0,12200.0,12250.0,9450.0
5106,2019-05-20,12250.0,12300.0,12200.0,12200.0,7375.0
5107,2019-05-20,12200.0,12300.0,12200.0,12200.0,6395.0
5108,2019-05-20,12100.0,12350.0,12000.0,12050.0,17245.0
5109,2019-05-21,12550.0,12550.0,12450.0,12500.0,6364.0
5110,2019-05-21,12500.0,12550.0,12450.0,12500.0,23826.0
5111,2019-05-21,12500.0,12550.0,12450.0,12500.0,13076.0
5112,2019-05-21,12450.0,12550.0,12400.0,12500.0,10009.0
5113,2019-05-21,12750.0,12750.0,12400.0,12500.0,33925.0
5114,2019-05-21,12200.0,12750.0,12200.0,12750.0,75301.0
5115,2019-05-21,12500.0,12500.0,12400.0,12450.0,8147.0
5116,2019-05-22,12800.0,12850.0,12750.0,12800.0,3511.0
5117,2019-05-22,12750.0,12900.0,12750.0,12800.0,39655.0
5118,2019-05-22,12650.0,12750.0,12600.0,12750.0,18640.0
5119,2019-05-22,12600.0,12600.0,12550.0,12550.0,5775.0
5120,2019-05-22,12550.0,12800.0,12550.0,12600.0,23786.0
5121,2019-05-22,12600.0,12800.0,12500.0,12600.0,29140.0
5122,2019-05-22,12550.0,12650.0,12500.0,12650.0,10751.0
5123,2019-05-23,12800.0,12800.0,12550.0,12750.0,16998.0
5124,2019-05-23,12700.0,12750.0,12600.0,12650.0,5679.0
5125,2019-05-23,12650.0,12750.0,12600.0,12700.0,4077.0
5126,2019-05-23,12700.0,12750.0,12650.0,12700.0,3615.0
5127,2019-05-23,12750.0,12800.0,12700.0,12750.0,5694.0
5128,2019-05-23,12750.0,12750.0,12600.0,12600.0,12990.0
5129,2019-05-23,12600.0,12650.0,12550.0,12650.0,3676.0
5130,2019-05-24,12400.0,12550.0,12350.0,12550.0,13326.0
5131,2019-05-24,12400.0,12450.0,12350.0,12400.0,11404.0
5132,2019-05-24,12450.0,12500.0,12400.0,12400.0,6326.0
5133,2019-05-24,12650.0,12650.0,12550.0,12600.0,3759.0
5134,2019-05-24,12500.0,12700.0,12500.0,12650.0,8001.0
5135,2019-05-24,12600.0,12600.0,12400.0,12450.0,7415.0
5136,2019-05-24,12500.0,12600.0,12250.0,12500.0,17089.0
5137,2019-05-27,12450.0,12600.0,12450.0,12500.0,6415.0
5138,2019-05-27,12500.0,12600.0,12500.0,12500.0,3993.0
5139,2019-05-27,12500.0,12600.0,12500.0,12550.0,4281.0
5140,2019-05-27,12550.0,12550.0,12400.0,12450.0,5231.0
5141,2019-05-27,12450.0,12450.0,12300.0,12300.0,16257.0
5142,2019-05-27,12350.0,12450.0,12300.0,12300.0,8065.0
5143,2019-05-27,12350.0,12550.0,12350.0,12450.0,11407.0
5144,2019-05-28,12450.0,12450.0,12250.0,12250.0,30388.0
5145,2019-05-28,12350.0,12400.0,12300.0,12400.0,2544.0
5146,2019-05-28,12350.0,12450.0,12350.0,12400.0,8443.0
5147,2019-05-28,12350.0,12400.0,12250.0,12350.0,7065.0
5148,2019-05-28,12350.0,12450.0,12350.0,12350.0,5957.0
5149,2019-05-28,12350.0,12400.0,12300.0,12300.0,4603.0
5150,2019-05-28,12400.0,12400.0,12300.0,12350.0,7572.0
5151,2019-05-29,12300.0,12300.0,12050.0,12050.0,24837.0
5152,2019-05-29,12050.0,12150.0,12050.0,12150.0,11627.0
5153,2019-05-29,12150.0,12200.0,12100.0,12150.0,3318.0
5154,2019-05-29,12150.0,12150.0,12050.0,12100.0,7172.0
5155,2019-05-29,12150.0,12150.0,12050.0,12100.0,3080.0
5156,2019-05-29,12100.0,12150.0,12000.0,12050.0,12098.0
5157,2019-05-29,12050.0,12150.0,12000.0,12150.0,9612.0
5158,2019-05-30,12150.0,12300.0,12050.0,12250.0,36765.0
5159,2019-05-30,12100.0,12200.0,12050.0,12150.0,6942.0
5160,2019-05-30,12200.0,12200.0,12050.0,12100.0,25188.0
5161,2019-05-30,12150.0,12250.0,12050.0,12150.0,24934.0
5162,2019-05-30,12100.0,12200.0,12050.0,12050.0,10051.0
5163,2019-05-30,12150.0,12300.0,12100.0,12150.0,14461.0
5164,2019-05-30,12100.0,12150.0,12050.0,12150.0,9153.0
5165,2019-05-31,12150.0,12300.0,12150.0,12250.0,14876.0
5166,2019-05-31,12250.0,12300.0,12200.0,12300.0,3587.0
5167,2019-05-31,12300.0,12300.0,12250.0,12300.0,5067.0
5168,2019-05-31,12300.0,12350.0,12200.0,12350.0,3854.0
5169,2019-05-31,12350.0,12400.0,12300.0,12350.0,11693.0
5170,2019-05-31,12350.0,12400.0,12350.0,12400.0,10369.0
5171,2019-05-31,12400.0,12400.0,12300.0,12300.0,5220.0
5172,2019-06-03,12450.0,12450.0,12350.0,12450.0,6867.0
5173,2019-06-03,12400.0,12450.0,12350.0,12450.0,10440.0
5174,2019-06-03,12450.0,12450.0,12400.0,12400.0,3454.0
5175,2019-06-03,12100.0,12300.0,12100.0,12250.0,7961.0
5176,2019-06-03,12300.0,12350.0,12150.0,12350.0,10309.0
5177,2019-06-03,12200.0,12300.0,12150.0,12250.0,5221.0
5178,2019-06-03,12350.0,12450.0,12350.0,12400.0,5997.0
5179,2019-06-04,12450.0,12550.0,12450.0,12550.0,6059.0
5180,2019-06-04,12550.0,12550.0,12500.0,12550.0,2897.0
5181,2019-06-04,12500.0,12550.0,12400.0,12450.0,12034.0
5182,2019-06-04,12450.0,12550.0,12400.0,12500.0,12755.0
5183,2019-06-04,12450.0,12500.0,12400.0,12450.0,3934.0
5184,2019-06-04,12500.0,12550.0,12350.0,12500.0,6637.0
5185,2019-06-04,12500.0,12500.0,12400.0,12500.0,3161.0
5186,2019-06-05,12600.0,12700.0,12450.0,12500.0,10018.0
5187,2019-06-05,12500.0,12500.0,12300.0,12350.0,16974.0
5188,2019-06-05,12350.0,12500.0,12250.0,12300.0,24209.0
5189,2019-06-05,12300.0,12400.0,12250.0,12300.0,4970.0
5190,2019-06-05,12350.0,12400.0,12300.0,12300.0,6233.0
5191,2019-06-05,12350.0,12400.0,12300.0,12300.0,7479.0
5192,2019-06-05,12350.0,12350.0,12300.0,12300.0,6154.0
5193,2019-06-07,12850.0,12850.0,12700.0,12750.0,19883.0
5194,2019-06-07,12750.0,12800.0,12700.0,12800.0,8867.0
5195,2019-06-07,12700.0,12850.0,12600.0,12850.0,19747.0
5196,2019-06-07,12650.0,12700.0,12600.0,12650.0,13564.0
5197,2019-06-07,12550.0,12650.0,12550.0,12650.0,13748.0
5198,2019-06-07,12450.0,12550.0,12400.0,12550.0,11068.0
5199,2019-06-07,12400.0,12450.0,12350.0,12450.0,5512.0
5200,2019-06-10,12800.0,12850.0,12700.0,12850.0,28812.0
5201,2019-06-10,12850.0,12950.0,12600.0,12800.0,66967.0
5202,2019-06-10,12800.0,12850.0,12700.0,12750.0,10788.0
5203,2019-06-10,12800.0,12800.0,12600.0,12600.0,14544.0
5204,2019-06-10,12700.0,12700.0,12550.0,12700.0,14123.0
5205,2019-06-10,12700.0,12800.0,12650.0,12700.0,21891.0
5206,2019-06-10,12750.0,12800.0,12700.0,12800.0,10467.0
5207,2019-06-11,12800.0,12850.0,12800.0,12850.0,5790.0
5208,2019-06-11,12900.0,12900.0,12800.0,12850.0,8559.0
5209,2019-06-11,12900.0,12900.0,12800.0,12850.0,8783.0
5210,2019-06-11,12800.0,12900.0,12800.0,12850.0,13266.0
5211,2019-06-11,12950.0,12950.0,12850.0,12900.0,4021.0
5212,2019-06-11,12850.0,12950.0,12850.0,12950.0,11621.0
5213,2019-06-11,12900.0,12900.0,12800.0,12900.0,4626.0
5214,2019-06-12,12750.0,12800.0,12700.0,12750.0,2607.0
5215,2019-06-12,12750.0,12750.0,12650.0,12700.0,7657.0
5216,2019-06-12,12700.0,12800.0,12700.0,12800.0,7534.0
5217,2019-06-12,12850.0,12850.0,12700.0,12850.0,7273.0
5218,2019-06-12,12700.0,12750.0,12700.0,12750.0,1416.0
5219,2019-06-12,12800.0,12850.0,12650.0,12750.0,6656.0
5220,2019-06-12,12750.0,12800.0,12650.0,12750.0,5488.0
5221,2019-06-13,12700.0,12800.0,12600.0,12800.0,4587.0
5222,2019-06-13,12750.0,12800.0,12650.0,12650.0,6432.0
5223,2019-06-13,12650.0,12750.0,12650.0,12700.0,5002.0
5224,2019-06-13,12700.0,12800.0,12700.0,12800.0,3355.0
5225,2019-06-13,12800.0,12800.0,12750.0,12800.0,2935.0
5226,2019-06-13,12800.0,12900.0,12750.0,12900.0,16931.0
5227,2019-06-13,12850.0,12950.0,12650.0,12650.0,86126.0
5228,2019-06-14,12800.0,12850.0,12750.0,12750.0,12955.0
5229,2019-06-14,12800.0,12850.0,12750.0,12800.0,8412.0
5230,2019-06-14,12850.0,12900.0,12750.0,12800.0,11987.0
5231,2019-06-14,12750.0,12850.0,12650.0,12800.0,12806.0
5232,2019-06-14,12750.0,12850.0,12700.0,12850.0,6859.0
5233,2019-06-14,12850.0,12850.0,12800.0,12850.0,1865.0
5234,2019-06-14,12850.0,12900.0,12800.0,12800.0,7613.0
5235,2019-06-17,12750.0,12900.0,12650.0,12800.0,10926.0
5236,2019-06-17,12800.0,12850.0,12750.0,12800.0,2765.0
5237,2019-06-17,12800.0,12900.0,12750.0,12900.0,7858.0
5238,2019-06-17,12850.0,12900.0,12800.0,12850.0,2683.0
5239,2019-06-17,12800.0,12850.0,12700.0,12750.0,15675.0
5240,2019-06-17,12750.0,12800.0,12700.0,12750.0,6135.0
5241,2019-06-17,12750.0,12900.0,12750.0,12900.0,6920.0
5242,2019-06-18,12900.0,12950.0,12850.0,12950.0,7501.0
5243,2019-06-18,12850.0,12900.0,12800.0,12850.0,9883.0
5244,2019-06-18,12900.0,12950.0,12800.0,12850.0,11357.0
5245,2019-06-18,12900.0,12900.0,12800.0,12850.0,8197.0
5246,2019-06-18,12850.0,12950.0,12850.0,12950.0,2792.0
5247,2019-06-18,12900.0,12950.0,12850.0,12900.0,4838.0
5248,2019-06-18,12950.0,12950.0,12850.0,12900.0,5716.0
5249,2019-06-19,12900.0,12950.0,12750.0,12750.0,15515.0
5250,2019-06-19,12750.0,12750.0,12600.0,12650.0,26505.0
5251,2019-06-19,12850.0,12950.0,12800.0,12900.0,7194.0
5252,2019-06-19,12950.0,13000.0,12950.0,13000.0,3626.0
5253,2019-06-19,12950.0,13000.0,12800.0,12850.0,9376.0
5254,2019-06-19,12850.0,12900.0,12800.0,12900.0,2718.0
5255,2019-06-19,13050.0,13100.0,12900.0,13000.0,16266.0
5256,2019-06-20,12700.0,12800.0,12650.0,12800.0,5109.0
5257,2019-06-20,12800.0,12900.0,12750.0,12850.0,10463.0
5258,2019-06-20,12850.0,12850.0,12750.0,12800.0,1644.0
5259,2019-06-20,12800.0,12850.0,12750.0,12800.0,5758.0
5260,2019-06-20,12800.0,12850.0,12750.0,12850.0,11846.0
5261,2019-06-20,12850.0,12900.0,12800.0,12900.0,3164.0
5262,2019-06-20,12850.0,12900.0,12800.0,12800.0,6642.0
5263,2019-06-21,12800.0,12850.0,12750.0,12800.0,5639.0
5264,2019-06-21,12800.0,12850.0,12700.0,12800.0,6040.0
5265,2019-06-21,12750.0,12800.0,12700.0,12750.0,11257.0
5266,2019-06-21,12900.0,12950.0,12800.0,12800.0,9230.0
5267,2019-06-21,12800.0,12850.0,12750.0,12850.0,3095.0
5268,2019-06-21,12800.0,12950.0,12800.0,12900.0,12366.0
5269,2019-06-21,12800.0,12850.0,12700.0,12850.0,10830.0
5270,2019-06-24,12750.0,12800.0,12600.0,12600.0,19295.0
5271,2019-06-24,12650.0,12800.0,12600.0,12700.0,9490.0
5272,2019-06-24,12700.0,12750.0,12700.0,12700.0,4113.0
5273,2019-06-24,12700.0,12800.0,12650.0,12700.0,3642.0
5274,2019-06-24,12700.0,12700.0,12650.0,12700.0,15905.0
5275,2019-06-24,12650.0,12700.0,12600.0,12650.0,5703.0
5276,2019-06-24,12650.0,12700.0,12600.0,12700.0,4610.0
5277,2019-06-25,12600.0,12650.0,12500.0,12600.0,11731.0
5278,2019-06-25,12750.0,12900.0,12600.0,12600.0,30350.0
5279,2019-06-25,12600.0,12600.0,12500.0,12600.0,7197.0
5280,2019-06-25,12800.0,12850.0,12750.0,12800.0,1893.0
5281,2019-06-25,12750.0,12850.0,12700.0,12850.0,6657.0
5282,2019-06-25,12700.0,12800.0,12650.0,12750.0,7843.0
5283,2019-06-25,12800.0,12800.0,12750.0,12750.0,1156.0
5284,2019-06-26,12400.0,12450.0,12350.0,12400.0,5727.0
5285,2019-06-26,12600.0,12600.0,12450.0,12450.0,12179.0
5286,2019-06-26,12450.0,12500.0,12300.0,12400.0,18151.0
5287,2019-06-26,12600.0,12650.0,12500.0,12550.0,3649.0
5288,2019-06-26,12600.0,12700.0,12600.0,12600.0,2279.0
5289,2019-06-26,12550.0,12600.0,12550.0,12600.0,2258.0
5290,2019-06-26,12600.0,12700.0,12500.0,12550.0,4700.0
5291,2019-06-27,12600.0,12700.0,12500.0,12600.0,7729.0
5292,2019-06-27,12400.0,12550.0,12400.0,12550.0,7620.0
5293,2019-06-27,12600.0,12750.0,12550.0,12650.0,9628.0
5294,2019-06-27,12700.0,12700.0,12600.0,12650.0,2791.0
5295,2019-06-27,12650.0,12700.0,12600.0,12700.0,2846.0
5296,2019-06-27,12650.0,12700.0,12600.0,12650.0,4279.0
5297,2019-06-27,12650.0,12750.0,12550.0,12600.0,18039.0
5298,2019-06-28,12650.0,12750.0,12600.0,12600.0,2277.0
5299,2019-06-28,12600.0,12650.0,12550.0,12600.0,2036.0
5300,2019-06-28,12650.0,12700.0,12650.0,12650.0,2108.0
5301,2019-06-28,12800.0,12800.0,12550.0,12550.0,3372.0
5302,2019-06-28,12600.0,12650.0,12500.0,12500.0,4954.0
5303,2019-06-28,12600.0,12700.0,12500.0,12600.0,7762.0
5304,2019-06-28,12500.0,12700.0,12500.0,12700.0,2465.0
5305,2019-07-01,12800.0,12850.0,12500.0,12650.0,13841.0
5306,2019-07-01,12600.0,12700.0,12450.0,12550.0,15871.0
5307,2019-07-01,12500.0,12550.0,12450.0,12500.0,3762.0
5308,2019-07-01,12450.0,12500.0,12450.0,12450.0,2987.0
5309,2019-07-01,12450.0,12600.0,12450.0,12500.0,9857.0
5310,2019-07-01,12500.0,12700.0,12500.0,12550.0,15197.0
5311,2019-07-01,12550.0,12600.0,12500.0,12600.0,11894.0
5312,2019-07-02,12450.0,12500.0,12400.0,12500.0,3436.0
5313,2019-07-02,12400.0,12500.0,12350.0,12400.0,9098.0
5314,2019-07-02,12400.0,12450.0,12400.0,12400.0,5964.0
5315,2019-07-02,12500.0,12700.0,12400.0,12400.0,15202.0
5316,2019-07-02,12450.0,12500.0,12400.0,12450.0,1684.0
5317,2019-07-02,12400.0,12500.0,12350.0,12450.0,6122.0
5318,2019-07-02,12450.0,12500.0,12400.0,12400.0,1889.0
5319,2019-07-03,12250.0,12300.0,12100.0,12150.0,40704.0
5320,2019-07-03,12200.0,12250.0,12150.0,12250.0,7905.0
5321,2019-07-03,12350.0,12350.0,12250.0,12250.0,17065.0
5322,2019-07-03,12400.0,12500.0,12350.0,12400.0,10150.0
5323,2019-07-03,12350.0,12400.0,12300.0,12350.0,4091.0
5324,2019-07-03,12350.0,12400.0,12250.0,12350.0,26536.0
5325,2019-07-03,12350.0,12400.0,12300.0,12350.0,6204.0
5326,2019-07-04,12250.0,12300.0,12100.0,12200.0,13056.0
5327,2019-07-04,12250.0,12350.0,12200.0,12250.0,12670.0
5328,2019-07-04,12200.0,12300.0,11850.0,11950.0,45082.0
5329,2019-07-04,11950.0,12150.0,11900.0,12100.0,12463.0
5330,2019-07-04,12100.0,12150.0,12050.0,12100.0,4994.0
5331,2019-07-04,12100.0,12450.0,12050.0,12400.0,34013.0
5332,2019-07-04,12400.0,12450.0,12300.0,12450.0,4561.0
5333,2019-07-05,12450.0,12500.0,12450.0,12500.0,4094.0
5334,2019-07-05,12400.0,12500.0,12400.0,12450.0,7023.0
5335,2019-07-05,12400.0,12500.0,12400.0,12400.0,5838.0
5336,2019-07-05,12450.0,12500.0,12250.0,12350.0,10522.0
5337,2019-07-05,12300.0,12400.0,12300.0,12350.0,4580.0
5338,2019-07-05,12300.0,12400.0,12300.0,12300.0,9820.0
5339,2019-07-05,12400.0,12450.0,12400.0,12400.0,2235.0
5340,2019-07-08,12500.0,12500.0,12300.0,12300.0,14489.0
5341,2019-07-08,12300.0,12350.0,12250.0,12300.0,15318.0
5342,2019-07-08,12300.0,12350.0,12150.0,12150.0,12411.0
5343,2019-07-08,12150.0,12250.0,12150.0,12150.0,9256.0
5344,2019-07-08,12150.0,12250.0,12100.0,12150.0,9736.0
5345,2019-07-08,12150.0,12250.0,12050.0,12100.0,12200.0
5346,2019-07-08,12100.0,12150.0,12000.0,12000.0,20423.0
5347,2019-07-09,12000.0,12000.0,11900.0,11900.0,14657.0
5348,2019-07-09,12050.0,12100.0,12000.0,12100.0,2382.0
5349,2019-07-09,12100.0,12150.0,12000.0,12000.0,10567.0
5350,2019-07-09,12100.0,12100.0,11950.0,12050.0,8146.0
5351,2019-07-09,12050.0,12100.0,11900.0,12050.0,15545.0
5352,2019-07-09,12000.0,12200.0,12000.0,12100.0,9383.0
5353,2019-07-09,12050.0,12050.0,11950.0,12050.0,3813.0
5354,2019-07-10,11950.0,11950.0,11850.0,11850.0,17722.0
5355,2019-07-10,11900.0,12000.0,11850.0,11950.0,12500.0
5356,2019-07-10,11950.0,12050.0,11900.0,11950.0,10713.0
5357,2019-07-10,11850.0,11900.0,11800.0,11900.0,9577.0
5358,2019-07-10,12000.0,12000.0,11750.0,11850.0,15298.0
5359,2019-07-10,11900.0,11950.0,11800.0,11900.0,15991.0
5360,2019-07-10,12000.0,12000.0,11850.0,12000.0,11370.0
5361,2019-07-11,12100.0,12150.0,12050.0,12150.0,3226.0
5362,2019-07-11,11900.0,12050.0,11900.0,12000.0,6197.0
5363,2019-07-11,12000.0,12050.0,11950.0,12050.0,1884.0
5364,2019-07-11,12000.0,12050.0,12000.0,12000.0,1612.0
5365,2019-07-11,12000.0,12050.0,11950.0,12050.0,2420.0
5366,2019-07-11,12000.0,12050.0,11950.0,12050.0,5074.0
5367,2019-07-11,12050.0,12150.0,12000.0,12100.0,7159.0
5368,2019-07-12,12100.0,12150.0,12000.0,12100.0,7482.0
5369,2019-07-12,12100.0,12100.0,12000.0,12100.0,6599.0
5370,2019-07-12,12200.0,12200.0,12050.0,12100.0,5363.0
5371,2019-07-12,12150.0,12200.0,11950.0,12150.0,17535.0
5372,2019-07-12,12250.0,12250.0,12150.0,12250.0,3178.0
5373,2019-07-12,12100.0,12250.0,12050.0,12200.0,9046.0
5374,2019-07-12,12200.0,12250.0,12150.0,12200.0,1880.0
5375,2019-07-15,12100.0,12100.0,11900.0,12000.0,7436.0
5376,2019-07-15,12000.0,12000.0,11850.0,11950.0,9408.0
5377,2019-07-15,11950.0,12050.0,11950.0,12000.0,1837.0
5378,2019-07-15,12000.0,12050.0,11950.0,12000.0,2493.0
5379,2019-07-15,11950.0,12000.0,11900.0,12000.0,10165.0
5380,2019-07-15,12000.0,12000.0,11900.0,11950.0,6539.0
5381,2019-07-15,11900.0,12000.0,11800.0,12000.0,14863.0
5382,2019-07-16,11800.0,11850.0,11800.0,11850.0,5873.0
5383,2019-07-16,11800.0,11800.0,11750.0,11800.0,3836.0
5384,2019-07-16,11850.0,11900.0,11800.0,11800.0,5122.0
5385,2019-07-16,11850.0,12050.0,11600.0,11750.0,41978.0
5386,2019-07-16,11850.0,11900.0,11800.0,11850.0,3109.0
5387,2019-07-16,11750.0,11850.0,11700.0,11850.0,16390.0
5388,2019-07-16,11850.0,11900.0,11850.0,11900.0,1488.0
5389,2019-07-17,11400.0,11450.0,11300.0,11400.0,22903.0
5390,2019-07-17,11400.0,11450.0,11300.0,11300.0,13997.0
5391,2019-07-17,11450.0,11450.0,11400.0,11400.0,9545.0
5392,2019-07-17,11750.0,11800.0,11600.0,11650.0,21241.0
5393,2019-07-17,11500.0,11500.0,11250.0,11400.0,16359.0
5394,2019-07-17,11650.0,11650.0,11250.0,11450.0,60685.0
5395,2019-07-17,11400.0,11450.0,11350.0,11400.0,10861.0
5396,2019-07-18,11400.0,11550.0,11250.0,11450.0,27043.0
5397,2019-07-18,11450.0,11500.0,11350.0,11400.0,8789.0
5398,2019-07-18,11450.0,11450.0,11350.0,11400.0,7916.0
5399,2019-07-18,11400.0,11450.0,11350.0,11400.0,2429.0
5400,2019-07-18,11350.0,11400.0,11350.0,11400.0,5019.0
5401,2019-07-18,11350.0,11400.0,11300.0,11350.0,5943.0
5402,2019-07-18,11350.0,11350.0,11200.0,11250.0,18687.0
5403,2019-07-19,11300.0,11500.0,11300.0,11500.0,21692.0
5404,2019-07-19,11500.0,11500.0,11350.0,11500.0,6590.0
5405,2019-07-19,11300.0,11350.0,11200.0,11350.0,18196.0
5406,2019-07-19,11250.0,11400.0,11250.0,11350.0,8767.0
5407,2019-07-19,11400.0,11400.0,11200.0,11250.0,24006.0
5408,2019-07-19,11400.0,11400.0,11250.0,11400.0,13815.0
5409,2019-07-19,11200.0,11350.0,11200.0,11350.0,25994.0
5410,2019-07-22,11600.0,11600.0,11300.0,11400.0,23223.0
5411,2019-07-22,11400.0,11500.0,11400.0,11450.0,3330.0
5412,2019-07-22,11450.0,11450.0,11400.0,11450.0,1365.0
5413,2019-07-22,11400.0,11450.0,11350.0,11350.0,2152.0
5414,2019-07-22,11350.0,11400.0,11300.0,11400.0,9421.0
5415,2019-07-22,11400.0,11450.0,11350.0,11400.0,2824.0
5416,2019-07-22,11350.0,11450.0,11350.0,11350.0,2339.0
5417,2019-07-23,11500.0,11550.0,11400.0,11400.0,6746.0
5418,2019-07-23,11500.0,11550.0,11500.0,11550.0,9597.0
5419,2019-07-23,11550.0,11600.0,11500.0,11550.0,10068.0
5420,2019-07-23,11500.0,11600.0,11500.0,11550.0,7090.0
5421,2019-07-23,11500.0,11650.0,11500.0,11650.0,15639.0
5422,2019-07-23,11300.0,11550.0,11300.0,11500.0,18654.0
5423,2019-07-23,11650.0,11650.0,11500.0,11500.0,7397.0
5424,2019-07-24,11500.0,11600.0,11450.0,11550.0,5386.0
5425,2019-07-24,11500.0,11900.0,11500.0,11850.0,24167.0
5426,2019-07-24,11850.0,11850.0,11650.0,11700.0,6402.0
5427,2019-07-24,11700.0,11750.0,11650.0,11650.0,6952.0
5428,2019-07-24,11650.0,11700.0,11450.0,11650.0,11396.0
5429,2019-07-24,11650.0,11650.0,11500.0,11650.0,6334.0
5430,2019-07-24,11600.0,11600.0,11350.0,11450.0,8059.0
5431,2019-07-25,11350.0,11400.0,11200.0,11300.0,17798.0
5432,2019-07-25,11400.0,11500.0,11300.0,11350.0,10217.0
5433,2019-07-25,11250.0,11400.0,11250.0,11400.0,9241.0
5434,2019-07-25,11500.0,11500.0,11250.0,11300.0,30947.0
5435,2019-07-25,11600.0,11650.0,11400.0,11600.0,13117.0
5436,2019-07-25,11300.0,11550.0,11250.0,11450.0,12492.0
5437,2019-07-25,11600.0,11650.0,11500.0,11500.0,11293.0
5438,2019-07-26,11250.0,11350.0,11050.0,11150.0,20902.0
5439,2019-07-26,11150.0,11200.0,11050.0,11150.0,15220.0
5440,2019-07-26,11150.0,11150.0,11100.0,11100.0,9512.0
5441,2019-07-26,11100.0,11100.0,10950.0,10950.0,33424.0
5442,2019-07-26,10900.0,11050.0,10850.0,10900.0,20294.0
5443,2019-07-26,10900.0,11000.0,10850.0,10950.0,13110.0
5444,2019-07-26,10900.0,11000.0,10850.0,10950.0,12050.0
5445,2019-07-29,10750.0,10800.0,10550.0,10550.0,18754.0
5446,2019-07-29,10850.0,10900.0,10700.0,10800.0,11882.0
5447,2019-07-29,10850.0,10900.0,10800.0,10850.0,6082.0
5448,2019-07-29,10800.0,10900.0,10700.0,10800.0,15451.0
5449,2019-07-29,10800.0,10850.0,10750.0,10800.0,8654.0
5450,2019-07-29,10900.0,10950.0,10650.0,10750.0,24457.0
5451,2019-07-29,10850.0,10850.0,10700.0,10850.0,7719.0
5452,2019-07-30,10900.0,11000.0,10800.0,10900.0,17439.0
5453,2019-07-30,10900.0,10950.0,10800.0,10800.0,5428.0
5454,2019-07-30,10700.0,10900.0,10650.0,10900.0,11318.0
5455,2019-07-30,10650.0,10750.0,10600.0,10700.0,11036.0
5456,2019-07-30,10700.0,10750.0,10650.0,10650.0,2709.0
5457,2019-07-30,10400.0,10750.0,10400.0,10650.0,19919.0
5458,2019-07-30,10650.0,10750.0,10650.0,10700.0,4594.0
5459,2019-07-31,10750.0,10900.0,10600.0,10800.0,13356.0
5460,2019-07-31,10800.0,10800.0,10600.0,10700.0,6965.0
5461,2019-07-31,10700.0,10700.0,10550.0,10700.0,5261.0
5462,2019-07-31,10650.0,10750.0,10600.0,10750.0,5849.0
5463,2019-07-31,10750.0,11000.0,10700.0,11000.0,14510.0
5464,2019-07-31,11000.0,11100.0,10950.0,11050.0,12621.0
5465,2019-07-31,11050.0,11100.0,11000.0,11050.0,5034.0
5466,2019-08-01,10950.0,11000.0,10850.0,10850.0,4862.0
5467,2019-08-01,10950.0,11050.0,10950.0,11000.0,14878.0
5468,2019-08-01,10950.0,11000.0,10850.0,10950.0,5015.0
5469,2019-08-01,11050.0,11050.0,10750.0,10800.0,8836.0
5470,2019-08-01,11100.0,11100.0,10950.0,10950.0,7516.0
5471,2019-08-01,10800.0,11100.0,10800.0,11100.0,6651.0
5472,2019-08-01,10900.0,10950.0,10800.0,10900.0,9715.0
5473,2019-08-02,10850.0,10900.0,10650.0,10850.0,9865.0
5474,2019-08-02,10850.0,10900.0,10750.0,10850.0,10426.0
5475,2019-08-02,10900.0,11000.0,10850.0,10950.0,2633.0
5476,2019-08-02,11000.0,11050.0,10950.0,10950.0,2132.0
5477,2019-08-02,11000.0,11050.0,10950.0,11050.0,1876.0
5478,2019-08-02,11050.0,11050.0,10850.0,10950.0,7162.0
5479,2019-08-02,10850.0,10900.0,10800.0,10800.0,12200.0
5480,2019-08-05,10500.0,10500.0,10250.0,10300.0,18963.0
5481,2019-08-05,10600.0,10600.0,10400.0,10500.0,7378.0
5482,2019-08-05,10000.0,10000.0,9860.0,9880.0,31224.0
5483,2019-08-05,10700.0,10700.0,10350.0,10550.0,25002.0
5484,2019-08-05,10500.0,10600.0,10450.0,10500.0,6474.0
5485,2019-08-05,10300.0,10300.0,10000.0,10000.0,48950.0
5486,2019-08-05,10800.0,10850.0,10550.0,10700.0,10722.0
5487,2019-08-06,9560.0,10100.0,9560.0,9870.0,57700.0
5488,2019-08-06,9870.0,9950.0,9780.0,9950.0,12756.0
5489,2019-08-06,9990.0,10150.0,9960.0,9990.0,12903.0
5490,2019-08-06,10000.0,10200.0,9950.0,10200.0,18385.0
5491,2019-08-06,10200.0,10300.0,10050.0,10150.0,34869.0
5492,2019-08-06,10050.0,10150.0,9980.0,10000.0,30756.0
5493,2019-08-06,10150.0,10150.0,10000.0,10050.0,44074.0
5494,2019-08-07,10100.0,10200.0,10050.0,10200.0,15964.0
5495,2019-08-07,10050.0,10250.0,10000.0,10150.0,20574.0
5496,2019-08-07,10200.0,10250.0,10000.0,10000.0,13916.0
5497,2019-08-07,10000.0,10050.0,9910.0,9980.0,23326.0
5498,2019-08-07,9970.0,10150.0,9890.0,10150.0,12265.0
5499,2019-08-07,10100.0,10150.0,10050.0,10050.0,9304.0
5500,2019-08-07,10050.0,10150.0,10000.0,10100.0,9266.0
5501,2019-08-08,10450.0,10600.0,10450.0,10600.0,8522.0
5502,2019-08-08,10350.0,10450.0,10300.0,10300.0,6184.0
5503,2019-08-08,10300.0,10550.0,10300.0,10550.0,13050.0
5504,2019-08-08,10400.0,10450.0,10350.0,10450.0,5364.0
5505,2019-08-08,10300.0,10450.0,10250.0,10450.0,8946.0
5506,2019-08-08,10400.0,10450.0,10300.0,10350.0,5594.0
5507,2019-08-08,10200.0,10400.0,10150.0,10300.0,24823.0
5508,2019-08-09,10600.0,10700.0,10450.0,10600.0,10063.0
5509,2019-08-09,10550.0,10600.0,10450.0,10500.0,9366.0
5510,2019-08-09,10450.0,10600.0,10450.0,10550.0,6545.0
5511,2019-08-09,10550.0,10550.0,10450.0,10500.0,3599.0
5512,2019-08-09,10500.0,10550.0,10450.0,10450.0,8981.0
5513,2019-08-09,10450.0,10500.0,10400.0,10450.0,7576.0
5514,2019-08-09,10450.0,10500.0,10450.0,10500.0,4166.0
5515,2019-08-12,11000.0,11050.0,10850.0,11000.0,16923.0
5516,2019-08-12,10700.0,11050.0,10600.0,11000.0,38512.0
5517,2019-08-12,10600.0,10700.0,10600.0,10700.0,7935.0
5518,2019-08-12,10250.0,10500.0,10200.0,10400.0,6761.0
5519,2019-08-12,10400.0,10900.0,10400.0,10650.0,53160.0
5520,2019-08-12,10450.0,10600.0,10150.0,10250.0,29435.0
5521,2019-08-12,10650.0,10650.0,10500.0,10600.0,12223.0
5522,2019-08-13,10700.0,10700.0,10650.0,10650.0,6760.0
5523,2019-08-13,10650.0,10700.0,10650.0,10650.0,13997.0
5524,2019-08-13,10650.0,10750.0,10600.0,10700.0,12290.0
5525,2019-08-13,10750.0,10850.0,10700.0,10800.0,8791.0
5526,2019-08-13,10800.0,10800.0,10650.0,10650.0,10787.0
5527,2019-08-13,10650.0,10800.0,10650.0,10700.0,6863.0
5528,2019-08-13,10800.0,10900.0,10700.0,10750.0,19084.0
5529,2019-08-14,10800.0,11000.0,10650.0,10700.0,20459.0
5530,2019-08-14,10700.0,10750.0,10500.0,10600.0,16048.0
5531,2019-08-14,10600.0,10650.0,10500.0,10550.0,11694.0
5532,2019-08-14,10550.0,10550.0,10350.0,10450.0,15957.0
5533,2019-08-14,10400.0,10550.0,10400.0,10500.0,19153.0
5534,2019-08-14,10500.0,10550.0,10450.0,10500.0,13547.0
5535,2019-08-14,10500.0,10550.0,10450.0,10550.0,7549.0
5536,2019-08-16,10250.0,10350.0,10250.0,10300.0,2438.0
5537,2019-08-16,10250.0,10350.0,10250.0,10300.0,9626.0
5538,2019-08-16,10300.0,10300.0,10250.0,10300.0,5095.0
5539,2019-08-16,10200.0,10300.0,10200.0,10300.0,5199.0
5540,2019-08-16,10100.0,10250.0,10100.0,10250.0,7977.0
5541,2019-08-16,10350.0,10350.0,10100.0,10100.0,41899.0
5542,2019-08-16,10250.0,10250.0,10150.0,10200.0,7821.0
5543,2019-08-19,10250.0,10450.0,10200.0,10400.0,10166.0
5544,2019-08-19,10350.0,10450.0,10300.0,10350.0,3861.0
5545,2019-08-19,10350.0,10500.0,10350.0,10450.0,7907.0
5546,2019-08-19,10450.0,10450.0,10350.0,10400.0,2466.0
5547,2019-08-19,10350.0,10400.0,10200.0,10300.0,7503.0
5548,2019-08-19,10300.0,10400.0,10250.0,10300.0,3010.0
5549,2019-08-19,10350.0,10400.0,10300.0,10350.0,3219.0
5550,2019-08-20,10450.0,10500.0,10400.0,10400.0,15535.0
5551,2019-08-20,10450.0,10500.0,10400.0,10400.0,9003.0
5552,2019-08-20,10350.0,10450.0,10300.0,10400.0,9266.0
5553,2019-08-20,10350.0,10450.0,10250.0,10250.0,10865.0
5554,2019-08-20,10250.0,10350.0,10200.0,10300.0,11538.0
5555,2019-08-20,10300.0,10300.0,10200.0,10300.0,4218.0
5556,2019-08-20,10350.0,10350.0,10300.0,10300.0,2432.0
5557,2019-08-21,10350.0,10400.0,10300.0,10400.0,12234.0
5558,2019-08-21,10400.0,10400.0,10350.0,10400.0,11331.0
5559,2019-08-21,10400.0,10400.0,10300.0,10350.0,14308.0
5560,2019-08-21,10350.0,10450.0,10250.0,10400.0,7999.0
5561,2019-08-21,10400.0,10550.0,10350.0,10350.0,29467.0
5562,2019-08-21,10400.0,10500.0,10350.0,10400.0,13401.0
5563,2019-08-21,10350.0,10400.0,10300.0,10350.0,9317.0
5564,2019-08-22,10450.0,10600.0,10350.0,10400.0,18012.0
5565,2019-08-22,10450.0,10450.0,10300.0,10400.0,12133.0
5566,2019-08-22,10350.0,10400.0,10300.0,10350.0,4127.0
5567,2019-08-22,10300.0,10350.0,10250.0,10300.0,5414.0
5568,2019-08-22,10350.0,10350.0,10300.0,10350.0,1005.0
5569,2019-08-22,10300.0,10350.0,10250.0,10300.0,9250.0
5570,2019-08-22,10300.0,10350.0,10250.0,10250.0,4271.0
5571,2019-08-23,10200.0,10200.0,10150.0,10150.0,3854.0
5572,2019-08-23,10200.0,10200.0,10150.0,10200.0,2309.0
5573,2019-08-23,10200.0,10250.0,10150.0,10200.0,3873.0
5574,2019-08-23,10250.0,10250.0,10100.0,10250.0,7076.0
5575,2019-08-23,10200.0,10250.0,10150.0,10200.0,5726.0
5576,2019-08-23,10150.0,10250.0,10150.0,10250.0,12528.0
5577,2019-08-23,10200.0,10250.0,10200.0,10200.0,2582.0
5578,2019-08-26,9940.0,9950.0,9720.0,9810.0,41650.0
5579,2019-08-26,9810.0,9810.0,9750.0,9760.0,7714.0
5580,2019-08-26,9750.0,9780.0,9700.0,9720.0,25014.0
5581,2019-08-26,9720.0,9790.0,9700.0,9760.0,5452.0
5582,2019-08-26,9750.0,9760.0,9700.0,9700.0,14877.0
5583,2019-08-26,9700.0,9730.0,9600.0,9600.0,35616.0
5584,2019-08-26,9600.0,9640.0,9510.0,9510.0,27382.0
5585,2019-08-27,9690.0,9730.0,9670.0,9700.0,9325.0
5586,2019-08-27,9750.0,9750.0,9670.0,9680.0,5719.0
5587,2019-08-27,9780.0,9790.0,9720.0,9760.0,2616.0
5588,2019-08-27,9560.0,9750.0,9560.0,9720.0,18848.0
5589,2019-08-27,9830.0,9870.0,9800.0,9840.0,10076.0
5590,2019-08-27,9720.0,9840.0,9710.0,9840.0,8471.0
5591,2019-08-27,9820.0,9820.0,9770.0,9790.0,3956.0
5592,2019-08-28,9910.0,10000.0,9910.0,10000.0,10760.0
5593,2019-08-28,10000.0,10100.0,10000.0,10100.0,10258.0
5594,2019-08-28,9870.0,9930.0,9850.0,9910.0,4418.0
5595,2019-08-28,9830.0,9830.0,9700.0,9750.0,12227.0
5596,2019-08-28,9850.0,9880.0,9830.0,9850.0,3417.0
5597,2019-08-28,9740.0,9860.0,9740.0,9850.0,6820.0
5598,2019-08-28,9860.0,9870.0,9790.0,9870.0,3858.0
5599,2019-08-29,10000.0,10100.0,9930.0,9930.0,16240.0
5600,2019-08-29,9920.0,10000.0,9870.0,9900.0,12213.0
5601,2019-08-29,9890.0,9890.0,9810.0,9870.0,8409.0
5602,2019-08-29,9860.0,9930.0,9860.0,9930.0,1877.0
5603,2019-08-29,9940.0,10150.0,9910.0,10150.0,5394.0
5604,2019-08-29,10050.0,10150.0,9910.0,9920.0,14123.0
5605,2019-08-29,9930.0,10100.0,9910.0,10100.0,4826.0
5606,2019-08-30,10200.0,10200.0,10100.0,10100.0,15502.0
5607,2019-08-30,10250.0,10300.0,10100.0,10150.0,16233.0
5608,2019-08-30,10250.0,10300.0,10200.0,10300.0,6099.0
5609,2019-08-30,10300.0,10300.0,10100.0,10250.0,9224.0
5610,2019-08-30,10250.0,10250.0,10200.0,10200.0,1490.0
5611,2019-08-30,10200.0,10250.0,10200.0,10200.0,2889.0
5612,2019-08-30,10250.0,10250.0,10200.0,10250.0,3293.0
5613,2019-09-02,10050.0,10150.0,10000.0,10150.0,8846.0
5614,2019-09-02,10150.0,10200.0,10100.0,10200.0,3831.0
5615,2019-09-02,10200.0,10200.0,10150.0,10200.0,2481.0
5616,2019-09-02,10200.0,10200.0,10150.0,10200.0,2577.0
5617,2019-09-02,10200.0,10250.0,10200.0,10200.0,5745.0
5618,2019-09-02,10250.0,10250.0,10200.0,10250.0,5068.0
5619,2019-09-02,10200.0,10250.0,10100.0,10250.0,13180.0
5620,2019-09-03,10300.0,10300.0,10200.0,10200.0,4779.0
5621,2019-09-03,10250.0,10300.0,10200.0,10250.0,2330.0
5622,2019-09-03,10250.0,10300.0,10200.0,10300.0,4398.0
5623,2019-09-03,10350.0,10350.0,10200.0,10300.0,4635.0
5624,2019-09-03,10300.0,10350.0,10250.0,10350.0,4378.0
5625,2019-09-03,10150.0,10300.0,10100.0,10300.0,15453.0
5626,2019-09-03,10300.0,10300.0,10200.0,10250.0,2371.0
5627,2019-09-04,10300.0,10350.0,10250.0,10250.0,7010.0
5628,2019-09-04,10300.0,10300.0,10250.0,10300.0,4597.0
5629,2019-09-04,10300.0,10300.0,10250.0,10300.0,2647.0
5630,2019-09-04,10300.0,10350.0,10250.0,10300.0,3262.0
5631,2019-09-04,10300.0,10350.0,10200.0,10350.0,5814.0
5632,2019-09-04,10250.0,10300.0,10250.0,10300.0,3024.0
5633,2019-09-04,10100.0,10300.0,10100.0,10300.0,7813.0
5634,2019-09-05,10300.0,10350.0,10300.0,10350.0,3752.0
5635,2019-09-05,10300.0,10450.0,10300.0,10400.0,11826.0
5636,2019-09-05,10400.0,10450.0,10400.0,10400.0,6362.0
5637,2019-09-05,10400.0,10400.0,10300.0,10400.0,5217.0
5638,2019-09-05,10400.0,10500.0,10400.0,10500.0,6499.0
5639,2019-09-05,10450.0,10500.0,10400.0,10450.0,3225.0
5640,2019-09-05,10450.0,10450.0,10300.0,10350.0,7420.0
5641,2019-09-06,10450.0,10500.0,10450.0,10500.0,7159.0
5642,2019-09-06,10500.0,10500.0,10400.0,10450.0,1994.0
5643,2019-09-06,10350.0,10500.0,10350.0,10500.0,12596.0
5644,2019-09-06,10350.0,10400.0,10250.0,10350.0,9346.0
5645,2019-09-06,10350.0,10400.0,10300.0,10350.0,4175.0
5646,2019-09-06,10300.0,10400.0,10250.0,10350.0,6061.0
5647,2019-09-06,10350.0,10400.0,10350.0,10350.0,3340.0
5648,2019-09-09,10450.0,10500.0,10350.0,10400.0,5935.0
5649,2019-09-09,10450.0,10500.0,10400.0,10400.0,5016.0
5650,2019-09-09,10350.0,10400.0,10350.0,10350.0,5147.0
5651,2019-09-09,10400.0,10400.0,10350.0,10350.0,5161.0
5652,2019-09-09,10350.0,10400.0,10300.0,10350.0,8429.0
5653,2019-09-09,10300.0,10350.0,10250.0,10250.0,6385.0
5654,2019-09-09,10250.0,10300.0,10150.0,10250.0,5907.0
5655,2019-09-10,10250.0,10350.0,10200.0,10350.0,10070.0
5656,2019-09-10,10200.0,10250.0,10200.0,10250.0,4740.0
5657,2019-09-10,10200.0,10250.0,10150.0,10200.0,6239.0
5658,2019-09-10,10200.0,10300.0,10150.0,10250.0,9193.0
5659,2019-09-10,10250.0,10250.0,10150.0,10250.0,6752.0
5660,2019-09-10,10200.0,10250.0,10150.0,10200.0,2796.0
5661,2019-09-10,10200.0,10250.0,10200.0,10200.0,4220.0
5662,2019-09-11,10400.0,10400.0,10300.0,10350.0,8813.0
5663,2019-09-11,10300.0,10450.0,10250.0,10250.0,22263.0
5664,2019-09-11,10350.0,10400.0,10300.0,10400.0,4495.0
5665,2019-09-11,10550.0,10550.0,10300.0,10450.0,9305.0
5666,2019-09-11,10400.0,10450.0,10400.0,10400.0,2946.0
5667,2019-09-11,10450.0,10450.0,10400.0,10450.0,4219.0
5668,2019-09-11,10450.0,10450.0,10350.0,10400.0,2657.0
5669,2019-09-16,10350.0,10350.0,10200.0,10350.0,9553.0
5670,2019-09-16,10300.0,10450.0,10300.0,10350.0,4736.0
5671,2019-09-16,10350.0,10400.0,10300.0,10350.0,4668.0
5672,2019-09-16,10350.0,10450.0,10350.0,10450.0,5439.0
5673,2019-09-16,10400.0,10450.0,10350.0,10400.0,4545.0
5674,2019-09-16,10400.0,10450.0,10350.0,10400.0,7668.0
5675,2019-09-16,10400.0,10500.0,10400.0,10500.0,4930.0
5676,2019-09-17,10450.0,10500.0,10400.0,10500.0,8842.0
5677,2019-09-17,10500.0,10550.0,10450.0,10550.0,3253.0
5678,2019-09-17,10500.0,10550.0,10450.0,10500.0,5298.0
5679,2019-09-17,10400.0,10450.0,10350.0,10450.0,8193.0
5680,2019-09-17,10400.0,10500.0,10400.0,10450.0,7062.0
5681,2019-09-17,10450.0,10450.0,10350.0,10400.0,5564.0
5682,2019-09-17,10500.0,10500.0,10400.0,10500.0,4122.0
5683,2019-09-18,10450.0,10550.0,10400.0,10500.0,13815.0
5684,2019-09-18,10500.0,10550.0,10450.0,10550.0,2347.0
5685,2019-09-18,10500.0,10550.0,10500.0,10550.0,1218.0
5686,2019-09-18,10500.0,10550.0,10450.0,10500.0,4148.0
5687,2019-09-18,10500.0,10550.0,10450.0,10500.0,6134.0
5688,2019-09-18,10500.0,10500.0,10450.0,10500.0,3175.0
5689,2019-09-18,10500.0,10500.0,10450.0,10450.0,4481.0
5690,2019-09-19,10500.0,10500.0,10450.0,10500.0,5814.0
5691,2019-09-19,10450.0,10500.0,10400.0,10500.0,3951.0
5692,2019-09-19,10450.0,10500.0,10400.0,10450.0,3099.0
5693,2019-09-19,10500.0,10550.0,10400.0,10450.0,9222.0
5694,2019-09-19,10650.0,10650.0,10500.0,10550.0,10310.0
5695,2019-09-19,10450.0,10700.0,10450.0,10650.0,11106.0
5696,2019-09-19,10550.0,10600.0,10500.0,10550.0,3368.0
5697,2019-09-20,10500.0,10550.0,10450.0,10500.0,2948.0
5698,2019-09-20,10500.0,10500.0,10450.0,10500.0,2999.0
5699,2019-09-20,10500.0,10550.0,10450.0,10550.0,4658.0
5700,2019-09-20,10500.0,10550.0,10450.0,10500.0,2198.0
5701,2019-09-20,10500.0,10550.0,10400.0,10500.0,5995.0
5702,2019-09-20,10450.0,10550.0,10450.0,10500.0,4018.0
5703,2019-09-20,10450.0,10500.0,10350.0,10350.0,22055.0
5704,2019-09-23,10400.0,10450.0,10350.0,10450.0,4746.0
5705,2019-09-23,10350.0,10450.0,10350.0,10400.0,3630.0
5706,2019-09-23,10400.0,10450.0,10350.0,10400.0,5501.0
5707,2019-09-23,10350.0,10400.0,10300.0,10300.0,2258.0
5708,2019-09-23,10300.0,10400.0,10300.0,10350.0,6594.0
5709,2019-09-23,10350.0,10400.0,10300.0,10400.0,1535.0
5710,2019-09-23,10350.0,10400.0,10300.0,10350.0,3558.0
5711,2019-09-24,10550.0,10600.0,10400.0,10500.0,10825.0
5712,2019-09-24,10500.0,10550.0,10400.0,10500.0,5866.0
5713,2019-09-24,10500.0,10550.0,10450.0,10500.0,2364.0
5714,2019-09-24,10500.0,10550.0,10500.0,10500.0,2676.0
5715,2019-09-24,10550.0,10550.0,10450.0,10500.0,8340.0
5716,2019-09-24,10500.0,10550.0,10450.0,10450.0,2352.0
5717,2019-09-24,10500.0,10500.0,10400.0,10400.0,8179.0
5718,2019-09-25,10300.0,10300.0,10200.0,10250.0,9421.0
5719,2019-09-25,10350.0,10350.0,10250.0,10250.0,4601.0
5720,2019-09-25,10350.0,10400.0,10300.0,10350.0,3185.0
5721,2019-09-25,10350.0,10450.0,10350.0,10400.0,4571.0
5722,2019-09-25,10350.0,10400.0,10300.0,10400.0,2892.0
5723,2019-09-25,10450.0,10450.0,10300.0,10350.0,10257.0
5724,2019-09-25,10350.0,10400.0,10300.0,10350.0,1673.0
5725,2019-09-26,10450.0,10450.0,10250.0,10400.0,8334.0
5726,2019-09-26,10400.0,10450.0,10350.0,10450.0,4330.0
5727,2019-09-26,10450.0,10500.0,10400.0,10450.0,8011.0
5728,2019-09-26,10350.0,10500.0,10300.0,10350.0,7359.0
5729,2019-09-26,10450.0,10450.0,10300.0,10400.0,5727.0
5730,2019-09-26,10250.0,10400.0,10250.0,10350.0,5320.0
5731,2019-09-26,10400.0,10450.0,10300.0,10450.0,5770.0
5732,2019-09-27,10450.0,10500.0,10300.0,10350.0,3699.0
5733,2019-09-27,10300.0,10350.0,10300.0,10300.0,2007.0
5734,2019-09-27,10350.0,10350.0,10250.0,10250.0,4595.0
5735,2019-09-27,10250.0,10350.0,10250.0,10250.0,2859.0
5736,2019-09-27,10250.0,10300.0,10250.0,10250.0,6284.0
5737,2019-09-27,10250.0,10300.0,10250.0,10300.0,3650.0
5738,2019-09-27,10300.0,10450.0,10250.0,10350.0,13104.0
5739,2019-09-30,10200.0,10200.0,10150.0,10200.0,2835.0
5740,2019-09-30,10200.0,10250.0,10150.0,10200.0,5888.0
5741,2019-09-30,10200.0,10200.0,10150.0,10200.0,350.0
5742,2019-09-30,10250.0,10300.0,10000.0,10050.0,26226.0
5743,2019-09-30,10150.0,10200.0,10150.0,10200.0,449.0
5744,2019-09-30,10100.0,10200.0,10100.0,10200.0,8713.0
5745,2019-09-30,10200.0,10250.0,10150.0,10200.0,2571.0
5746,2019-10-01,10150.0,10300.0,10100.0,10200.0,4673.0
5747,2019-10-01,10150.0,10350.0,10150.0,10300.0,11529.0
5748,2019-10-01,10300.0,10300.0,10250.0,10250.0,1083.0
5749,2019-10-01,10250.0,10350.0,10200.0,10300.0,3026.0
5750,2019-10-01,10300.0,10550.0,10300.0,10450.0,14583.0
5751,2019-10-01,10400.0,10600.0,10400.0,10550.0,18848.0
5752,2019-10-01,10550.0,10600.0,10500.0,10600.0,8447.0
5753,2019-10-02,10300.0,10350.0,10200.0,10250.0,12205.0
5754,2019-10-02,10350.0,10350.0,10250.0,10350.0,1196.0
5755,2019-10-02,10150.0,10250.0,10150.0,10150.0,12669.0
5756,2019-10-02,10450.0,10500.0,10350.0,10400.0,3807.0
5757,2019-10-02,10350.0,10350.0,10200.0,10350.0,13984.0
5758,2019-10-02,10300.0,10300.0,10150.0,10200.0,10238.0
5759,2019-10-02,10450.0,10550.0,10400.0,10500.0,5949.0
5760,2019-10-04,10100.0,10200.0,10050.0,10100.0,12895.0
5761,2019-10-04,10100.0,10200.0,10100.0,10200.0,3465.0
5762,2019-10-04,10150.0,10300.0,10150.0,10250.0,8796.0
5763,2019-10-04,10250.0,10250.0,10150.0,10200.0,826.0
5764,2019-10-04,10200.0,10250.0,10150.0,10250.0,3743.0
5765,2019-10-04,10200.0,10200.0,10150.0,10150.0,2045.0
5766,2019-10-04,10200.0,10250.0,10150.0,10200.0,3072.0
5767,2019-10-07,9950.0,10050.0,9940.0,10000.0,7214.0
5768,2019-10-07,10300.0,10300.0,10100.0,10100.0,12173.0
5769,2019-10-07,10100.0,10150.0,10050.0,10100.0,11768.0
5770,2019-10-07,10150.0,10150.0,9990.0,10050.0,30532.0
5771,2019-10-07,10000.0,10050.0,10000.0,10000.0,9578.0
5772,2019-10-07,10000.0,10000.0,9880.0,9970.0,41372.0
5773,2019-10-07,9980.0,9980.0,9900.0,9950.0,18968.0
5774,2019-10-08,9960.0,9960.0,9930.0,9940.0,11949.0
5775,2019-10-08,9990.0,10050.0,9980.0,10000.0,9777.0
5776,2019-10-08,9990.0,10000.0,9950.0,9950.0,10423.0
5777,2019-10-08,10050.0,10050.0,9920.0,9930.0,16102.0
5778,2019-10-08,9970.0,10050.0,9920.0,10050.0,16476.0
5779,2019-10-08,9930.0,10050.0,9920.0,10000.0,20565.0
5780,2019-10-08,9900.0,10000.0,9870.0,9970.0,16107.0
5781,2019-10-10,9920.0,10000.0,9900.0,9920.0,13752.0
5782,2019-10-10,9920.0,10000.0,9900.0,9970.0,12549.0
5783,2019-10-10,9960.0,10050.0,9960.0,10050.0,5024.0
5784,2019-10-10,10050.0,10050.0,10000.0,10050.0,2545.0
5785,2019-10-10,10050.0,10050.0,9970.0,10000.0,6685.0
5786,2019-10-10,10000.0,10100.0,9990.0,10050.0,5176.0
5787,2019-10-10,10050.0,10100.0,10050.0,10100.0,4625.0
5788,2019-10-11,9980.0,9990.0,9970.0,9970.0,3764.0
5789,2019-10-11,9990.0,10000.0,9980.0,9980.0,7925.0
5790,2019-10-11,10000.0,10000.0,9980.0,9990.0,3924.0
5791,2019-10-11,10100.0,10100.0,10000.0,10100.0,7109.0
5792,2019-10-11,10100.0,10100.0,9990.0,10000.0,1427.0
5793,2019-10-11,10050.0,10150.0,10000.0,10150.0,7889.0
5794,2019-10-11,10000.0,10000.0,9970.0,10000.0,7591.0
5795,2019-10-14,10100.0,10200.0,10050.0,10100.0,7088.0
5796,2019-10-14,10050.0,10100.0,10000.0,10100.0,3766.0
5797,2019-10-14,10150.0,10200.0,10000.0,10100.0,9263.0
5798,2019-10-14,10100.0,10150.0,10050.0,10100.0,2204.0
5799,2019-10-14,10150.0,10150.0,10050.0,10100.0,1073.0
5800,2019-10-14,10100.0,10150.0,10050.0,10150.0,4633.0
5801,2019-10-14,10050.0,10150.0,9980.0,10100.0,5767.0
5802,2019-10-15,10100.0,10200.0,10050.0,10100.0,4455.0
5803,2019-10-15,10150.0,10300.0,10150.0,10300.0,9844.0
5804,2019-10-15,10300.0,10300.0,10200.0,10300.0,6135.0
5805,2019-10-15,10300.0,10300.0,10200.0,10300.0,17154.0
5806,2019-10-15,10300.0,10300.0,10250.0,10300.0,2917.0
5807,2019-10-15,10300.0,10300.0,10250.0,10300.0,7296.0
5808,2019-10-15,10250.0,10350.0,10250.0,10300.0,16043.0
5809,2019-10-16,10300.0,10350.0,10250.0,10350.0,6167.0
5810,2019-10-16,10350.0,10400.0,10300.0,10400.0,6020.0
5811,2019-10-16,10350.0,10350.0,10300.0,10350.0,2057.0
5812,2019-10-16,10300.0,10350.0,10300.0,10350.0,5965.0
5813,2019-10-16,10300.0,10350.0,10250.0,10250.0,5538.0
5814,2019-10-16,10300.0,10400.0,10250.0,10350.0,10125.0
5815,2019-10-16,10250.0,10400.0,10250.0,10300.0,7946.0
5816,2019-10-17,10450.0,10450.0,10300.0,10400.0,3359.0
5817,2019-10-17,10350.0,10350.0,10300.0,10350.0,7814.0
5818,2019-10-17,10300.0,10350.0,10250.0,10300.0,3677.0
5819,2019-10-17,10300.0,10300.0,10250.0,10300.0,3726.0
5820,2019-10-17,10300.0,10300.0,10250.0,10250.0,2538.0
5821,2019-10-17,10300.0,10400.0,10200.0,10400.0,10778.0
5822,2019-10-17,10400.0,10550.0,10350.0,10550.0,18016.0
5823,2019-10-18,10200.0,10250.0,10150.0,10150.0,39011.0
5824,2019-10-18,10350.0,10350.0,10150.0,10200.0,20530.0
5825,2019-10-18,10300.0,10350.0,10250.0,10300.0,5239.0
5826,2019-10-18,10500.0,10550.0,10250.0,10300.0,19688.0
5827,2019-10-18,10350.0,10400.0,10250.0,10250.0,5209.0
5828,2019-10-18,10350.0,10400.0,10300.0,10350.0,4548.0
5829,2019-10-18,10300.0,10350.0,10250.0,10300.0,3830.0
5830,2019-10-21,10100.0,10150.0,10050.0,10100.0,7390.0
5831,2019-10-21,10050.0,10100.0,10050.0,10100.0,5196.0
5832,2019-10-21,10100.0,10100.0,10050.0,10100.0,246.0
5833,2019-10-21,10200.0,10200.0,10000.0,10100.0,24200.0
5834,2019-10-21,10100.0,10150.0,10050.0,10150.0,5798.0
5835,2019-10-21,10050.0,10150.0,10050.0,10100.0,7052.0
5836,2019-10-21,10100.0,10100.0,10050.0,10100.0,1092.0
5837,2019-10-22,10100.0,10150.0,10000.0,10100.0,20259.0
5838,2019-10-22,10000.0,10100.0,10000.0,10000.0,7596.0
5839,2019-10-22,10000.0,10100.0,10000.0,10000.0,15529.0
5840,2019-10-22,10050.0,10100.0,10000.0,10000.0,6905.0
5841,2019-10-22,10000.0,10050.0,9990.0,10000.0,19305.0
5842,2019-10-22,10050.0,10100.0,10000.0,10050.0,12962.0
5843,2019-10-22,10050.0,10100.0,10000.0,10100.0,9771.0
5844,2019-10-23,10050.0,10100.0,10000.0,10000.0,2927.0
5845,2019-10-23,9980.0,10050.0,9960.0,10050.0,5036.0
5846,2019-10-23,9960.0,9980.0,9950.0,9980.0,3331.0
5847,2019-10-23,10000.0,10050.0,10000.0,10000.0,4628.0
5848,2019-10-23,10000.0,10050.0,9980.0,9980.0,15091.0
5849,2019-10-23,9990.0,9990.0,9940.0,9960.0,20229.0
5850,2019-10-23,10100.0,10100.0,9970.0,10000.0,20422.0
5851,2019-10-24,9940.0,10100.0,9920.0,10050.0,24571.0
5852,2019-10-24,10050.0,10050.0,9960.0,9960.0,7150.0
5853,2019-10-24,9960.0,9970.0,9950.0,9950.0,5963.0
5854,2019-10-24,9950.0,9980.0,9940.0,9980.0,15772.0
5855,2019-10-24,9970.0,10050.0,9970.0,9990.0,7014.0
5856,2019-10-24,9990.0,10100.0,9980.0,10050.0,9163.0
5857,2019-10-24,9990.0,10050.0,9950.0,9950.0,22300.0
5858,2019-10-25,10150.0,10150.0,10100.0,10150.0,3770.0
5859,2019-10-25,10150.0,10200.0,10100.0,10150.0,8833.0
5860,2019-10-25,10100.0,10200.0,10100.0,10200.0,14790.0
5861,2019-10-25,10050.0,10100.0,10000.0,10050.0,5578.0
5862,2019-10-25,10050.0,10100.0,10000.0,10050.0,9553.0
5863,2019-10-25,10050.0,10100.0,9990.0,10050.0,5817.0
5864,2019-10-25,10100.0,10100.0,10050.0,10100.0,6551.0
5865,2019-10-28,10250.0,10300.0,10250.0,10250.0,4041.0
5866,2019-10-28,10250.0,10250.0,10200.0,10250.0,1665.0
5867,2019-10-28,10300.0,10300.0,10250.0,10250.0,4137.0
5868,2019-10-28,10200.0,10250.0,10200.0,10250.0,3278.0
5869,2019-10-28,10200.0,10300.0,10200.0,10300.0,9609.0
5870,2019-10-28,10150.0,10300.0,10150.0,10200.0,12882.0
5871,2019-10-28,10300.0,10300.0,10200.0,10300.0,6388.0
5872,2019-10-29,10350.0,10400.0,10250.0,10400.0,16474.0
5873,2019-10-29,10350.0,10400.0,10300.0,10300.0,7346.0
5874,2019-10-29,10300.0,10350.0,10300.0,10300.0,3686.0
5875,2019-10-29,10300.0,10350.0,10250.0,10300.0,2168.0
5876,2019-10-29,10300.0,10400.0,10300.0,10400.0,3859.0
5877,2019-10-29,10400.0,10400.0,10250.0,10300.0,5719.0
5878,2019-10-29,10300.0,10350.0,10250.0,10250.0,2503.0
5879,2019-10-30,10150.0,10200.0,10150.0,10200.0,4853.0
5880,2019-10-30,10200.0,10250.0,10100.0,10200.0,11653.0
5881,2019-10-30,10200.0,10200.0,10100.0,10150.0,4628.0
5882,2019-10-30,10150.0,10200.0,10150.0,10200.0,3874.0
5883,2019-10-30,10150.0,10200.0,10100.0,10150.0,10437.0
5884,2019-10-30,10200.0,10350.0,10100.0,10150.0,23928.0
5885,2019-10-30,10200.0,10200.0,10150.0,10150.0,1797.0
5886,2019-10-31,10250.0,10300.0,10150.0,10200.0,8341.0
5887,2019-10-31,10200.0,10300.0,10150.0,10250.0,11842.0
5888,2019-10-31,10200.0,10200.0,10100.0,10150.0,7767.0
5889,2019-10-31,10200.0,10250.0,10150.0,10200.0,5078.0
5890,2019-10-31,10200.0,10250.0,10150.0,10150.0,5818.0
5891,2019-10-31,10150.0,10150.0,9990.0,10100.0,50449.0
5892,2019-10-31,10050.0,10100.0,10000.0,10050.0,6737.0
5893,2019-11-01,10000.0,10050.0,9990.0,10050.0,6573.0
5894,2019-11-01,9980.0,10050.0,9960.0,10000.0,16924.0
5895,2019-11-01,9970.0,10050.0,9970.0,9980.0,10037.0
5896,2019-11-01,10050.0,10100.0,9930.0,10100.0,19833.0
5897,2019-11-01,10000.0,10000.0,9960.0,9980.0,15876.0
5898,2019-11-01,10000.0,10100.0,9980.0,10000.0,11089.0
5899,2019-11-01,9980.0,10000.0,9970.0,9970.0,12915.0
5900,2019-11-04,10000.0,10100.0,10000.0,10000.0,20550.0
5901,2019-11-04,10000.0,10100.0,10000.0,10050.0,9563.0
5902,2019-11-04,10050.0,10100.0,10000.0,10000.0,19105.0
5903,2019-11-04,10050.0,10200.0,10000.0,10150.0,19475.0
5904,2019-11-04,10050.0,10100.0,10000.0,10050.0,19930.0
5905,2019-11-04,10100.0,10150.0,10000.0,10050.0,22238.0
5906,2019-11-04,10050.0,10100.0,10000.0,10050.0,18779.0
5907,2019-11-05,10050.0,10100.0,9990.0,10100.0,16143.0
5908,2019-11-05,10050.0,10100.0,10000.0,10100.0,13276.0
5909,2019-11-05,10050.0,10100.0,10000.0,10100.0,7188.0
5910,2019-11-05,10050.0,10100.0,10050.0,10100.0,6037.0
5911,2019-11-05,10050.0,10100.0,10000.0,10000.0,10081.0
5912,2019-11-05,10000.0,10050.0,10000.0,10000.0,13255.0
5913,2019-11-05,10050.0,10100.0,10000.0,10050.0,10488.0
5914,2019-11-06,10100.0,10150.0,10100.0,10150.0,6285.0
5915,2019-11-06,10100.0,10150.0,10100.0,10100.0,8914.0
5916,2019-11-06,10100.0,10150.0,10100.0,10100.0,3900.0
5917,2019-11-06,10050.0,10250.0,10050.0,10100.0,26488.0
5918,2019-11-06,10150.0,10150.0,10050.0,10050.0,14779.0
5919,2019-11-06,10100.0,10150.0,10100.0,10100.0,4509.0
5920,2019-11-06,10100.0,10300.0,10100.0,10100.0,32214.0
5921,2019-11-07,10250.0,10850.0,10200.0,10800.0,150950.0
5922,2019-11-07,10800.0,11100.0,10700.0,10950.0,133886.0
5923,2019-11-07,10950.0,11900.0,10950.0,11200.0,468874.0
5924,2019-11-07,11250.0,11750.0,11200.0,11450.0,272024.0
5925,2019-11-07,11450.0,11450.0,11050.0,11200.0,174978.0
5926,2019-11-07,11200.0,11350.0,11050.0,11350.0,85735.0
5927,2019-11-07,10200.0,10300.0,10150.0,10250.0,38794.0
5928,2019-11-08,11400.0,11550.0,11350.0,11550.0,24531.0
5929,2019-11-08,11350.0,11450.0,11300.0,11400.0,30156.0
5930,2019-11-08,11500.0,11600.0,11300.0,11350.0,53749.0
5931,2019-11-08,11500.0,11550.0,11350.0,11350.0,27630.0
5932,2019-11-08,11550.0,11650.0,11400.0,11500.0,76022.0
5933,2019-11-08,11250.0,12150.0,11250.0,11600.0,412837.0
5934,2019-11-08,11400.0,11500.0,11350.0,11450.0,27352.0
5935,2019-11-11,11200.0,11250.0,11150.0,11200.0,17413.0
5936,2019-11-11,11200.0,11350.0,11100.0,11200.0,26523.0
5937,2019-11-11,11150.0,11250.0,11150.0,11200.0,11519.0
5938,2019-11-11,11200.0,11200.0,11050.0,11050.0,30739.0
5939,2019-11-11,11250.0,11300.0,11100.0,11200.0,42060.0
5940,2019-11-11,11450.0,11650.0,11200.0,11300.0,54670.0
5941,2019-11-11,11050.0,11250.0,11050.0,11150.0,14906.0
5942,2019-11-12,11350.0,11550.0,11200.0,11450.0,79736.0
5943,2019-11-12,11400.0,11600.0,11300.0,11550.0,50466.0
5944,2019-11-12,11500.0,11650.0,11400.0,11600.0,73269.0
5945,2019-11-12,11600.0,11600.0,11450.0,11450.0,17810.0
5946,2019-11-12,11450.0,11500.0,11300.0,11300.0,30731.0
5947,2019-11-12,11300.0,11400.0,11250.0,11300.0,40161.0
5948,2019-11-12,11250.0,11400.0,11200.0,11350.0,26709.0
5949,2019-11-13,11300.0,11400.0,11250.0,11400.0,12875.0
5950,2019-11-13,11350.0,11400.0,11250.0,11300.0,21335.0
5951,2019-11-13,11500.0,11500.0,11250.0,11350.0,45842.0
5952,2019-11-13,11700.0,11750.0,11550.0,11650.0,16334.0
5953,2019-11-13,11550.0,11850.0,11500.0,11700.0,55979.0
5954,2019-11-13,11600.0,11650.0,11500.0,11500.0,5528.0
5955,2019-11-13,11300.0,11700.0,11250.0,11550.0,83256.0
5956,2019-11-14,11050.0,11150.0,10900.0,10950.0,60658.0
5957,2019-11-14,10950.0,11100.0,10950.0,10950.0,24034.0
5958,2019-11-14,11000.0,11000.0,10850.0,10900.0,26568.0
5959,2019-11-14,10900.0,11050.0,10900.0,10900.0,40105.0
5960,2019-11-14,10950.0,11000.0,10750.0,10800.0,65577.0
5961,2019-11-14,10800.0,10950.0,10750.0,10750.0,37583.0
5962,2019-11-14,11500.0,11550.0,10900.0,11050.0,64696.0
5963,2019-11-15,10450.0,10600.0,10450.0,10500.0,52994.0
5964,2019-11-15,10650.0,10700.0,10500.0,10500.0,50192.0
5965,2019-11-15,10450.0,10600.0,10400.0,10500.0,96511.0
5966,2019-11-15,10750.0,10800.0,10500.0,10700.0,94930.0
5967,2019-11-15,10700.0,10850.0,10500.0,10700.0,109629.0
5968,2019-11-15,10750.0,10750.0,10650.0,10700.0,28797.0
5969,2019-11-15,10550.0,10600.0,10450.0,10450.0,66533.0
5970,2019-11-18,10550.0,10650.0,10450.0,10450.0,36965.0
5971,2019-11-18,10450.0,10600.0,10450.0,10500.0,16014.0
5972,2019-11-18,10500.0,10600.0,10500.0,10500.0,9456.0
5973,2019-11-18,10550.0,10600.0,10450.0,10550.0,12447.0
5974,2019-11-18,10550.0,10600.0,10500.0,10550.0,12752.0
5975,2019-11-18,10550.0,10600.0,10500.0,10600.0,23351.0
5976,2019-11-18,10550.0,10650.0,10550.0,10600.0,18107.0
5977,2019-11-19,10500.0,10500.0,10400.0,10500.0,18717.0
5978,2019-11-19,10450.0,10450.0,10400.0,10450.0,5322.0
5979,2019-11-19,10450.0,10500.0,10350.0,10450.0,25730.0
5980,2019-11-19,10550.0,10550.0,10450.0,10500.0,7909.0
5981,2019-11-19,10500.0,10650.0,10500.0,10500.0,12806.0
5982,2019-11-19,10550.0,10600.0,10450.0,10550.0,13053.0
5983,2019-11-19,10600.0,10700.0,10500.0,10550.0,22919.0
5984,2019-11-20,10500.0,10700.0,10400.0,10650.0,39748.0
5985,2019-11-20,10650.0,10900.0,10600.0,10750.0,59506.0
5986,2019-11-20,10750.0,10750.0,10550.0,10600.0,28381.0
5987,2019-11-20,10600.0,10700.0,10550.0,10600.0,21398.0
5988,2019-11-20,10600.0,10600.0,10500.0,10550.0,29364.0
5989,2019-11-20,10500.0,10550.0,10400.0,10450.0,37930.0
5990,2019-11-20,10450.0,10500.0,10350.0,10350.0,13109.0
5991,2019-11-21,10150.0,10150.0,10050.0,10100.0,28226.0
5992,2019-11-21,10200.0,10200.0,10000.0,10100.0,74007.0
5993,2019-11-21,10250.0,10350.0,10150.0,10200.0,18454.0
5994,2019-11-21,10250.0,10250.0,10100.0,10150.0,42648.0
5995,2019-11-21,10150.0,10350.0,10150.0,10250.0,15823.0
5996,2019-11-21,10300.0,10500.0,10150.0,10250.0,51793.0
5997,2019-11-21,10250.0,10300.0,10200.0,10300.0,8190.0
5998,2019-11-22,10050.0,10100.0,10000.0,10100.0,16826.0
5999,2019-11-22,10050.0,10150.0,10050.0,10050.0,7561.0
6000,2019-11-22,10100.0,10150.0,10000.0,10100.0,21543.0
6001,2019-11-22,10150.0,10200.0,10100.0,10150.0,22685.0
6002,2019-11-22,10100.0,10150.0,10050.0,10150.0,5824.0
6003,2019-11-22,10200.0,10250.0,10050.0,10150.0,28240.0
6004,2019-11-22,10100.0,10150.0,10050.0,10150.0,11751.0
6005,2019-11-25,10100.0,10250.0,10100.0,10200.0,16945.0
6006,2019-11-25,10200.0,10300.0,10150.0,10200.0,17882.0
6007,2019-11-25,10250.0,10300.0,10150.0,10250.0,10596.0
6008,2019-11-25,10250.0,10350.0,10200.0,10350.0,11610.0
6009,2019-11-25,10300.0,10350.0,10250.0,10250.0,13433.0
6010,2019-11-25,10250.0,10400.0,10250.0,10350.0,30416.0
6011,2019-11-25,10400.0,10450.0,10350.0,10400.0,28080.0
6012,2019-11-26,10300.0,10500.0,10300.0,10500.0,48625.0
6013,2019-11-26,10400.0,10450.0,10350.0,10400.0,5358.0
6014,2019-11-26,10400.0,10400.0,10300.0,10350.0,8131.0
6015,2019-11-26,10500.0,10500.0,10450.0,10500.0,5159.0
6016,2019-11-26,10400.0,10500.0,10300.0,10400.0,14706.0
6017,2019-11-26,10450.0,10550.0,10400.0,10500.0,15398.0
6018,2019-11-26,10500.0,10500.0,10350.0,10450.0,16110.0
6019,2019-11-27,10500.0,10550.0,10300.0,10400.0,18225.0
6020,2019-11-27,10350.0,10400.0,10250.0,10350.0,16178.0
6021,2019-11-27,10350.0,10350.0,10300.0,10350.0,7323.0
6022,2019-11-27,10300.0,10350.0,10300.0,10350.0,7368.0
6023,2019-11-27,10300.0,10350.0,10250.0,10300.0,15801.0
6024,2019-11-27,10300.0,10300.0,10200.0,10300.0,14021.0
6025,2019-11-27,10300.0,10300.0,10250.0,10300.0,8666.0
6026,2019-11-28,9990.0,10050.0,9990.0,10050.0,8334.0
6027,2019-11-28,10050.0,10050.0,9960.0,10000.0,86257.0
6028,2019-11-28,10000.0,10050.0,10000.0,10000.0,47008.0
6029,2019-11-28,10200.0,10200.0,10100.0,10150.0,56319.0
6030,2019-11-28,10100.0,10100.0,10000.0,10000.0,105076.0
6031,2019-11-28,10150.0,10200.0,10050.0,10050.0,49042.0
6032,2019-11-28,10000.0,10050.0,10000.0,10000.0,43830.0
6033,2019-11-29,9910.0,9930.0,9840.0,9920.0,31143.0
6034,2019-11-29,9920.0,9930.0,9900.0,9920.0,9143.0
6035,2019-11-29,9910.0,9960.0,9900.0,9900.0,12209.0
6036,2019-11-29,10000.0,10050.0,9950.0,10000.0,27547.0
6037,2019-11-29,9920.0,9940.0,9910.0,9920.0,12572.0
6038,2019-11-29,10050.0,10050.0,9910.0,9920.0,39744.0
6039,2019-11-29,9920.0,9920.0,9880.0,9910.0,27996.0
6040,2019-12-02,9970.0,10050.0,9950.0,9980.0,17914.0
6041,2019-12-02,9980.0,9980.0,9890.0,9940.0,13875.0
6042,2019-12-02,9940.0,9990.0,9910.0,9950.0,13299.0
6043,2019-12-02,9960.0,9970.0,9930.0,9960.0,4138.0
6044,2019-12-02,9940.0,9990.0,9940.0,9950.0,5358.0
6045,2019-12-02,9950.0,9980.0,9950.0,9960.0,10936.0
6046,2019-12-02,9960.0,9980.0,9960.0,9980.0,7300.0
6047,2019-12-03,9880.0,9900.0,9870.0,9900.0,9790.0
6048,2019-12-03,9900.0,9910.0,9870.0,9910.0,7724.0
6049,2019-12-03,9850.0,9890.0,9850.0,9870.0,40294.0
6050,2019-12-03,9840.0,9950.0,9840.0,9880.0,28185.0
6051,2019-12-03,9880.0,9890.0,9850.0,9850.0,7248.0
6052,2019-12-03,9880.0,9970.0,9810.0,9850.0,26880.0
6053,2019-12-03,9860.0,9870.0,9850.0,9850.0,5017.0
6054,2019-12-04,9880.0,9910.0,9780.0,9790.0,45158.0
6055,2019-12-04,9790.0,9800.0,9690.0,9710.0,31141.0
6056,2019-12-04,9700.0,9710.0,9650.0,9660.0,12801.0
6057,2019-12-04,9650.0,9680.0,9640.0,9660.0,11455.0
6058,2019-12-04,9670.0,9680.0,9640.0,9680.0,13869.0
6059,2019-12-04,9680.0,9680.0,9660.0,9670.0,14262.0
6060,2019-12-04,9670.0,9730.0,9660.0,9730.0,32403.0
6061,2019-12-05,9650.0,9680.0,9640.0,9640.0,14792.0
6062,2019-12-05,9710.0,9720.0,9640.0,9660.0,9161.0
6063,2019-12-05,9660.0,9730.0,9650.0,9720.0,14248.0
6064,2019-12-05,9720.0,9850.0,9720.0,9830.0,12888.0
6065,2019-12-05,9780.0,9790.0,9680.0,9720.0,21267.0
6066,2019-12-05,9830.0,9830.0,9760.0,9780.0,10381.0
6067,2019-12-05,9710.0,9710.0,9610.0,9650.0,19299.0
6068,2019-12-06,9810.0,9840.0,9740.0,9830.0,19297.0
6069,2019-12-06,9830.0,9920.0,9830.0,9920.0,26989.0
6070,2019-12-06,9830.0,9830.0,9790.0,9800.0,16479.0
6071,2019-12-06,9730.0,9770.0,9600.0,9760.0,19822.0
6072,2019-12-06,9800.0,9860.0,9790.0,9840.0,15406.0
6073,2019-12-06,9760.0,9850.0,9730.0,9800.0,18629.0
6074,2019-12-06,9840.0,9840.0,9810.0,9830.0,10019.0
6075,2019-12-09,9930.0,9950.0,9850.0,9900.0,18967.0
6076,2019-12-09,9870.0,9960.0,9850.0,9930.0,14458.0
6077,2019-12-09,9930.0,9980.0,9890.0,9950.0,20694.0
6078,2019-12-09,9950.0,9960.0,9920.0,9930.0,8624.0
6079,2019-12-09,9920.0,9980.0,9920.0,9970.0,9954.0
6080,2019-12-09,9980.0,10100.0,9960.0,10100.0,24862.0
6081,2019-12-09,10050.0,10100.0,10050.0,10100.0,15892.0
6082,2019-12-10,10050.0,10100.0,10000.0,10050.0,8611.0
6083,2019-12-10,10050.0,10100.0,10000.0,10100.0,6453.0
6084,2019-12-10,10050.0,10100.0,10000.0,10050.0,3784.0
6085,2019-12-10,10050.0,10050.0,9920.0,9980.0,20621.0
6086,2019-12-10,10050.0,10150.0,10050.0,10100.0,7506.0
6087,2019-12-10,9980.0,10050.0,9970.0,10050.0,6135.0
6088,2019-12-10,10100.0,10150.0,10000.0,10100.0,4880.0
6089,2019-12-11,10150.0,10150.0,10000.0,10050.0,20272.0
6090,2019-12-11,10050.0,10050.0,10000.0,10000.0,9552.0
6091,2019-12-11,10000.0,10050.0,9990.0,10000.0,18363.0
6092,2019-12-11,10000.0,10100.0,10000.0,10000.0,11946.0
6093,2019-12-11,10000.0,10050.0,9990.0,10000.0,18448.0
6094,2019-12-11,10050.0,10050.0,9990.0,9990.0,14019.0
6095,2019-12-11,10000.0,10000.0,9960.0,9970.0,22717.0
6096,2019-12-12,10250.0,10300.0,10150.0,10250.0,662212.0
6097,2019-12-12,10100.0,10250.0,10050.0,10250.0,47922.0
6098,2019-12-12,10150.0,10200.0,10100.0,10100.0,35095.0
6099,2019-12-12,10150.0,10200.0,10100.0,10100.0,21736.0
6100,2019-12-12,10100.0,10300.0,10100.0,10250.0,43482.0
6101,2019-12-12,10050.0,10150.0,10050.0,10150.0,19168.0
6102,2019-12-12,10250.0,10300.0,10150.0,10150.0,21518.0
6103,2019-12-13,10350.0,10350.0,10100.0,10150.0,22237.0
6104,2019-12-13,10200.0,10300.0,10150.0,10250.0,26259.0
6105,2019-12-13,10250.0,10300.0,10200.0,10250.0,11763.0
6106,2019-12-13,10250.0,10250.0,10150.0,10200.0,22974.0
6107,2019-12-13,10150.0,10250.0,10100.0,10200.0,27964.0
6108,2019-12-13,10200.0,10250.0,10150.0,10200.0,7110.0
6109,2019-12-13,10150.0,10200.0,10050.0,10050.0,33235.0
6110,2019-12-16,10150.0,10150.0,10050.0,10100.0,7664.0
6111,2019-12-16,10200.0,10200.0,10100.0,10150.0,2485.0
6112,2019-12-16,10150.0,10200.0,10100.0,10200.0,3948.0
6113,2019-12-16,10150.0,10150.0,10050.0,10100.0,25734.0
6114,2019-12-16,10200.0,10250.0,10150.0,10200.0,20123.0
6115,2019-12-16,10100.0,10200.0,10100.0,10150.0,3480.0
6116,2019-12-16,10100.0,10300.0,10050.0,10250.0,52672.0
6117,2019-12-17,10250.0,10250.0,10200.0,10200.0,7630.0
6118,2019-12-17,10200.0,10300.0,10200.0,10250.0,17696.0
6119,2019-12-17,10150.0,10200.0,10100.0,10200.0,19448.0
6120,2019-12-17,10250.0,10250.0,10100.0,10150.0,10688.0
6121,2019-12-17,10200.0,10200.0,10100.0,10150.0,10273.0
6122,2019-12-17,10200.0,10200.0,10150.0,10200.0,4698.0
6123,2019-12-17,10100.0,10150.0,10100.0,10150.0,2487.0
6124,2019-12-18,10300.0,10300.0,10150.0,10200.0,21759.0
6125,2019-12-18,10200.0,10250.0,10150.0,10250.0,3859.0
6126,2019-12-18,10200.0,10200.0,10150.0,10150.0,5200.0
6127,2019-12-18,10200.0,10250.0,10150.0,10150.0,3399.0
6128,2019-12-18,10150.0,10200.0,10100.0,10100.0,11830.0
6129,2019-12-18,10100.0,10150.0,10100.0,10100.0,14185.0
6130,2019-12-18,10100.0,10100.0,10050.0,10100.0,8963.0
6131,2019-12-19,10100.0,10100.0,10050.0,10100.0,8717.0
6132,2019-12-19,10050.0,10100.0,10000.0,10100.0,8736.0
6133,2019-12-19,10050.0,10100.0,10050.0,10050.0,5485.0
6134,2019-12-19,10200.0,10200.0,9990.0,10050.0,43279.0
6135,2019-12-19,9990.0,10050.0,9980.0,9990.0,17662.0
6136,2019-12-19,10000.0,10100.0,9990.0,9990.0,37497.0
6137,2019-12-19,9990.0,10100.0,9990.0,10050.0,15790.0
6138,2019-12-20,10100.0,10100.0,10100.0,10100.0,6154.0
6139,2019-12-20,10100.0,10150.0,10050.0,10050.0,19177.0
6140,2019-12-20,10100.0,10150.0,10100.0,10100.0,5004.0
6141,2019-12-20,10100.0,10250.0,10100.0,10200.0,13783.0
6142,2019-12-20,10100.0,10150.0,10050.0,10100.0,11636.0
6143,2019-12-20,10150.0,10200.0,10100.0,10150.0,10641.0
6144,2019-12-20,10100.0,10150.0,10050.0,10100.0,7911.0
6145,2019-12-23,10100.0,10150.0,10000.0,10050.0,13988.0
6146,2019-12-23,10050.0,10100.0,10000.0,10050.0,6032.0
6147,2019-12-23,10050.0,10150.0,10050.0,10100.0,9972.0
6148,2019-12-23,10050.0,10150.0,10050.0,10100.0,1984.0
6149,2019-12-23,10100.0,10150.0,10100.0,10150.0,8145.0
6150,2019-12-23,10150.0,10150.0,10100.0,10150.0,2851.0
6151,2019-12-23,10150.0,10150.0,10100.0,10150.0,7427.0
6152,2019-12-24,10050.0,10050.0,9980.0,10000.0,22584.0
6153,2019-12-24,10050.0,10050.0,9980.0,9980.0,9785.0
6154,2019-12-24,10000.0,10050.0,9970.0,10000.0,26672.0
6155,2019-12-24,10150.0,10250.0,10100.0,10150.0,11365.0
6156,2019-12-24,10050.0,10100.0,9990.0,10050.0,27064.0
6157,2019-12-24,10150.0,10150.0,10050.0,10100.0,10434.0
6158,2019-12-24,10000.0,10050.0,10000.0,10000.0,14516.0
6159,2019-12-26,10000.0,10100.0,9990.0,10050.0,9560.0
6160,2019-12-26,10100.0,10100.0,9980.0,10050.0,11241.0
6161,2019-12-26,10000.0,10150.0,10000.0,10100.0,5644.0
6162,2019-12-26,10100.0,10150.0,10050.0,10100.0,8044.0
6163,2019-12-26,10100.0,10100.0,9990.0,10050.0,21780.0
6164,2019-12-26,10050.0,10100.0,10000.0,10100.0,2732.0
6165,2019-12-26,10050.0,10100.0,10000.0,10100.0,15343.0
6166,2019-12-27,10000.0,10050.0,9990.0,10000.0,11315.0
6167,2019-12-27,10000.0,10050.0,10000.0,10000.0,3088.0
6168,2019-12-27,10050.0,10050.0,9990.0,10000.0,8887.0
6169,2019-12-27,10050.0,10100.0,10000.0,10050.0,30530.0
6170,2019-12-27,10050.0,10100.0,10000.0,10000.0,19655.0
6171,2019-12-27,10050.0,10100.0,10000.0,10050.0,26923.0
6172,2019-12-27,10000.0,10100.0,10000.0,10050.0,5915.0
6173,2019-12-30,10000.0,10050.0,9980.0,10050.0,9301.0
6174,2019-12-30,10050.0,10050.0,9990.0,10000.0,8964.0
6175,2019-12-30,10000.0,10050.0,9990.0,10000.0,5964.0
6176,2019-12-30,10000.0,10050.0,10000.0,10050.0,3365.0
6177,2019-12-30,10050.0,10050.0,10000.0,10000.0,7578.0
6178,2019-12-30,10050.0,10100.0,10000.0,10050.0,19877.0
6179,2019-12-30,10050.0,10050.0,10000.0,10000.0,4565.0
6180,2020-01-02,10150.0,10150.0,10100.0,10150.0,9634.0
6181,2020-01-02,10150.0,10150.0,10100.0,10150.0,9220.0
6182,2020-01-02,10150.0,10200.0,10100.0,10100.0,3578.0
6183,2020-01-02,10100.0,10150.0,10100.0,10100.0,5076.0
6184,2020-01-02,10100.0,10200.0,10050.0,10150.0,27972.0
6185,2020-01-02,10150.0,10150.0,10000.0,10100.0,19615.0
6186,2020-01-03,10150.0,10200.0,10100.0,10100.0,9609.0
6187,2020-01-03,10150.0,10200.0,10100.0,10150.0,2671.0
6188,2020-01-03,10150.0,10200.0,10100.0,10150.0,6481.0
6189,2020-01-03,10200.0,10200.0,10100.0,10100.0,10202.0
6190,2020-01-03,10200.0,10200.0,10100.0,10150.0,11887.0
6191,2020-01-03,10150.0,10250.0,10100.0,10200.0,9212.0
6192,2020-01-03,10150.0,10200.0,10100.0,10150.0,2251.0
6193,2020-01-06,9990.0,10050.0,9900.0,9910.0,39486.0
6194,2020-01-06,9910.0,9980.0,9900.0,9950.0,3746.0
6195,2020-01-06,9960.0,9980.0,9930.0,9940.0,5498.0
6196,2020-01-06,9940.0,9940.0,9900.0,9940.0,9199.0
6197,2020-01-06,9940.0,9940.0,9920.0,9940.0,3263.0
6198,2020-01-06,9940.0,9970.0,9940.0,9950.0,4870.0
6199,2020-01-06,9950.0,9970.0,9950.0,9950.0,11558.0
6200,2020-01-07,10250.0,10350.0,10200.0,10350.0,55288.0
6201,2020-01-07,10200.0,10300.0,10200.0,10250.0,73253.0
6202,2020-01-07,10100.0,10200.0,10100.0,10200.0,37566.0
6203,2020-01-07,10050.0,10150.0,10000.0,10100.0,15450.0
6204,2020-01-07,10050.0,10050.0,10000.0,10050.0,5767.0
6205,2020-01-07,10100.0,10150.0,10050.0,10100.0,7004.0
6206,2020-01-07,10000.0,10100.0,10000.0,10050.0,11262.0
6207,2020-01-08,10250.0,10300.0,10050.0,10100.0,44185.0
6208,2020-01-08,10150.0,10150.0,9960.0,10100.0,75360.0
6209,2020-01-08,10100.0,10150.0,10050.0,10150.0,6705.0
6210,2020-01-08,10150.0,10200.0,10100.0,10150.0,14358.0
6211,2020-01-08,10100.0,10200.0,10100.0,10150.0,11121.0
6212,2020-01-08,10150.0,10150.0,10050.0,10100.0,18995.0
6213,2020-01-08,10050.0,10100.0,10050.0,10100.0,12054.0
6214,2020-01-09,10850.0,10850.0,10700.0,10800.0,45979.0
6215,2020-01-09,10850.0,10950.0,10800.0,10950.0,59040.0
6216,2020-01-09,10750.0,10900.0,10700.0,10900.0,67918.0
6217,2020-01-09,10750.0,10950.0,10750.0,10800.0,85097.0
6218,2020-01-09,10350.0,10800.0,10300.0,10700.0,237951.0
6219,2020-01-09,10300.0,10400.0,10250.0,10350.0,37579.0
6220,2020-01-09,10700.0,10900.0,10650.0,10750.0,131854.0
6221,2020-01-10,10950.0,11200.0,10850.0,11100.0,106188.0
6222,2020-01-10,11150.0,11400.0,11050.0,11100.0,113103.0
6223,2020-01-10,11100.0,11300.0,11050.0,11050.0,36884.0
6224,2020-01-10,11100.0,11250.0,11100.0,11200.0,33271.0
6225,2020-01-10,11200.0,11250.0,11150.0,11150.0,19546.0
6226,2020-01-10,11150.0,11200.0,10900.0,10900.0,64218.0
6227,2020-01-10,10950.0,10950.0,10850.0,10900.0,30850.0
6228,2020-01-13,10900.0,10950.0,10900.0,10950.0,11329.0
6229,2020-01-13,10850.0,10950.0,10800.0,10900.0,19321.0
6230,2020-01-13,10850.0,11000.0,10850.0,10850.0,22625.0
6231,2020-01-13,10950.0,11300.0,10900.0,10950.0,86991.0
6232,2020-01-13,10900.0,10950.0,10800.0,10850.0,24929.0
6233,2020-01-13,10950.0,11000.0,10750.0,10900.0,39961.0
6234,2020-01-13,10900.0,10900.0,10750.0,10850.0,22302.0
6235,2020-01-14,10700.0,10750.0,10400.0,10550.0,96415.0
6236,2020-01-14,10500.0,10550.0,10500.0,10550.0,29192.0
6237,2020-01-14,10700.0,10750.0,10600.0,10700.0,34970.0
6238,2020-01-14,10950.0,11050.0,10900.0,10950.0,19494.0
6239,2020-01-14,10950.0,10950.0,10850.0,10900.0,6578.0
6240,2020-01-14,10950.0,11000.0,10850.0,10900.0,19038.0
6241,2020-01-14,10850.0,10900.0,10650.0,10650.0,55800.0
6242,2020-01-15,10600.0,10700.0,10550.0,10550.0,18270.0
6243,2020-01-15,10600.0,10650.0,10500.0,10650.0,15167.0
6244,2020-01-15,10650.0,10650.0,10550.0,10600.0,5980.0
6245,2020-01-15,10600.0,10650.0,10550.0,10550.0,9662.0
6246,2020-01-15,10550.0,10700.0,10550.0,10700.0,14997.0
6247,2020-01-15,10650.0,10700.0,10600.0,10600.0,12170.0
6248,2020-01-15,10600.0,10650.0,10600.0,10650.0,3575.0
6249,2020-01-16,10650.0,10650.0,10600.0,10600.0,9831.0
6250,2020-01-16,10650.0,10650.0,10600.0,10650.0,2193.0
6251,2020-01-16,10650.0,10750.0,10550.0,10650.0,17337.0
6252,2020-01-16,10700.0,10700.0,10650.0,10700.0,4804.0
6253,2020-01-16,10700.0,10700.0,10600.0,10700.0,4303.0
6254,2020-01-16,10750.0,10750.0,10650.0,10650.0,5147.0
6255,2020-01-16,10700.0,10700.0,10600.0,10650.0,4619.0
6256,2020-01-17,10650.0,10900.0,10650.0,10750.0,21005.0
6257,2020-01-17,10700.0,10800.0,10700.0,10750.0,9086.0
6258,2020-01-17,10750.0,10800.0,10700.0,10700.0,7668.0
6259,2020-01-17,10700.0,10800.0,10700.0,10700.0,6680.0
6260,2020-01-17,10700.0,10750.0,10650.0,10650.0,9093.0
6261,2020-01-17,10650.0,10700.0,10600.0,10700.0,12681.0
6262,2020-01-17,10650.0,10750.0,10650.0,10700.0,11600.0
6263,2020-01-20,10700.0,10750.0,10700.0,10750.0,9707.0
6264,2020-01-20,10700.0,10750.0,10700.0,10700.0,7274.0
6265,2020-01-20,10750.0,10750.0,10700.0,10750.0,20516.0
6266,2020-01-20,10750.0,10800.0,10600.0,10750.0,27036.0
6267,2020-01-20,10700.0,10800.0,10650.0,10800.0,16391.0
6268,2020-01-20,10750.0,10750.0,10650.0,10700.0,19640.0
6269,2020-01-20,10750.0,10750.0,10700.0,10750.0,4169.0
6270,2020-01-21,10550.0,10600.0,10500.0,10550.0,4315.0
6271,2020-01-21,10550.0,10650.0,10550.0,10600.0,6318.0
6272,2020-01-21,10600.0,10650.0,10550.0,10550.0,11122.0
6273,2020-01-21,10850.0,10850.0,10650.0,10700.0,22108.0
6274,2020-01-21,10600.0,10650.0,10600.0,10600.0,2561.0
6275,2020-01-21,10750.0,10750.0,10500.0,10650.0,23388.0
6276,2020-01-21,10600.0,10700.0,10600.0,10650.0,4302.0
6277,2020-01-22,10650.0,10650.0,10500.0,10650.0,12569.0
6278,2020-01-22,10650.0,10700.0,10600.0,10600.0,9629.0
6279,2020-01-22,10550.0,10600.0,10550.0,10600.0,8361.0
6280,2020-01-22,10600.0,10600.0,10550.0,10600.0,3258.0
6281,2020-01-22,10550.0,10650.0,10550.0,10600.0,17681.0
6282,2020-01-22,10600.0,10700.0,10550.0,10650.0,14529.0
6283,2020-01-22,10650.0,10700.0,10650.0,10700.0,7239.0
6284,2020-01-23,10800.0,11350.0,10800.0,11100.0,142882.0
6285,2020-01-23,11150.0,11250.0,11050.0,11250.0,51063.0
6286,2020-01-23,10750.0,10900.0,10750.0,10850.0,53370.0
6287,2020-01-23,10700.0,10800.0,10600.0,10800.0,19272.0
6288,2020-01-23,10800.0,10800.0,10650.0,10700.0,9362.0
6289,2020-01-23,10750.0,10900.0,10700.0,10800.0,15565.0
6290,2020-01-23,10700.0,10850.0,10600.0,10750.0,22593.0
6291,2020-01-28,11950.0,12000.0,11150.0,11350.0,749677.0
6292,2020-01-28,11350.0,11450.0,11150.0,11300.0,96300.0
6293,2020-01-28,11300.0,11500.0,11250.0,11250.0,89938.0
6294,2020-01-28,11200.0,11350.0,11150.0,11250.0,63738.0
6295,2020-01-28,11200.0,11600.0,11100.0,11250.0,131803.0
6296,2020-01-28,11300.0,11500.0,11250.0,11400.0,75020.0
6297,2020-01-28,11400.0,11650.0,11400.0,11650.0,101860.0
6298,2020-01-29,11450.0,11550.0,11400.0,11550.0,32911.0
6299,2020-01-29,11350.0,11500.0,11300.0,11450.0,31038.0
6300,2020-01-29,11500.0,11500.0,11300.0,11350.0,29112.0
6301,2020-01-29,11900.0,11950.0,11350.0,11550.0,289506.0
6302,2020-01-29,11350.0,11450.0,11300.0,11350.0,43575.0
6303,2020-01-29,11550.0,11600.0,11250.0,11400.0,80857.0
6304,2020-01-29,11350.0,11500.0,11350.0,11500.0,32228.0
6305,2020-01-30,11750.0,11800.0,11500.0,11600.0,98292.0
6306,2020-01-30,11600.0,11750.0,11550.0,11700.0,46555.0
6307,2020-01-30,12000.0,12200.0,11750.0,11800.0,220493.0
6308,2020-01-30,11500.0,12000.0,11350.0,11850.0,224113.0
6309,2020-01-30,11700.0,11900.0,11550.0,11800.0,105586.0
6310,2020-01-30,11900.0,12450.0,11550.0,11700.0,400558.0
6311,2020-01-30,11850.0,12050.0,11750.0,11950.0,136260.0
6312,2020-01-31,12150.0,12150.0,11500.0,11550.0,276562.0
6313,2020-01-31,11550.0,11650.0,11350.0,11450.0,102887.0
6314,2020-01-31,11450.0,11500.0,11300.0,11350.0,52717.0
6315,2020-01-31,11300.0,11450.0,11300.0,11350.0,27247.0
6316,2020-01-31,11300.0,11550.0,11250.0,11500.0,52661.0
6317,2020-01-31,11500.0,11600.0,11300.0,11400.0,75176.0
6318,2020-01-31,11350.0,11450.0,11150.0,11150.0,60381.0
6319,2020-02-03,10800.0,10900.0,10700.0,10800.0,72469.0
6320,2020-02-03,10800.0,10900.0,10750.0,10750.0,26349.0
6321,2020-02-03,10900.0,11000.0,10750.0,10800.0,45196.0
6322,2020-02-03,10800.0,11000.0,10750.0,10900.0,23115.0
6323,2020-02-03,11200.0,11300.0,10750.0,10850.0,164940.0
6324,2020-02-03,10700.0,11500.0,10550.0,11150.0,166397.0
6325,2020-02-03,11300.0,11350.0,10650.0,10800.0,216469.0
6326,2020-02-04,10700.0,10900.0,10700.0,10850.0,49090.0
6327,2020-02-04,10850.0,10900.0,10750.0,10800.0,30625.0
6328,2020-02-04,10750.0,10850.0,10750.0,10800.0,18440.0
6329,2020-02-04,10800.0,10800.0,10750.0,10750.0,22110.0
6330,2020-02-04,10800.0,10900.0,10750.0,10850.0,27258.0
6331,2020-02-04,10900.0,10900.0,10650.0,10650.0,53640.0
6332,2020-02-04,10650.0,10750.0,10550.0,10650.0,54698.0
6333,2020-02-05,10600.0,10700.0,10550.0,10700.0,21760.0
6334,2020-02-05,10650.0,10700.0,10550.0,10600.0,30222.0
6335,2020-02-05,10750.0,10800.0,10550.0,10600.0,46016.0
6336,2020-02-05,10900.0,11100.0,10750.0,10800.0,153571.0
6337,2020-02-05,10800.0,10850.0,10700.0,10800.0,18187.0
6338,2020-02-05,10800.0,10850.0,10750.0,10850.0,22986.0
6339,2020-02-05,10750.0,10850.0,10700.0,10800.0,24054.0
6340,2020-02-06,11000.0,11000.0,10900.0,11000.0,22080.0
6341,2020-02-06,11000.0,11000.0,10950.0,11000.0,18370.0
6342,2020-02-06,10950.0,11050.0,10900.0,11000.0,34391.0
6343,2020-02-06,10800.0,10900.0,10650.0,10750.0,71989.0
6344,2020-02-06,10900.0,11050.0,10900.0,10950.0,45940.0
6345,2020-02-06,10800.0,10950.0,10750.0,10950.0,54948.0
6346,2020-02-06,10900.0,10950.0,10850.0,10950.0,35236.0
6347,2020-02-07,11100.0,11150.0,10750.0,10900.0,61711.0
6348,2020-02-07,10850.0,10900.0,10750.0,10850.0,26408.0
6349,2020-02-07,10800.0,10900.0,10750.0,10850.0,16439.0
6350,2020-02-07,10800.0,10850.0,10750.0,10750.0,17273.0
6351,2020-02-07,10750.0,10850.0,10650.0,10700.0,48417.0
6352,2020-02-07,10750.0,10750.0,10600.0,10700.0,52757.0
6353,2020-02-07,10700.0,10750.0,10650.0,10650.0,44703.0
6354,2020-02-10,10550.0,10550.0,10450.0,10450.0,24807.0
6355,2020-02-10,10450.0,10500.0,10450.0,10450.0,12846.0
6356,2020-02-10,10500.0,10550.0,10450.0,10450.0,22995.0
6357,2020-02-10,10550.0,10600.0,10350.0,10400.0,101993.0
6358,2020-02-10,10450.0,10600.0,10400.0,10550.0,35613.0
6359,2020-02-10,10400.0,10550.0,10400.0,10450.0,35354.0
6360,2020-02-10,10550.0,10550.0,10500.0,10500.0,10553.0
6361,2020-02-11,10600.0,10650.0,10450.0,10500.0,52264.0
6362,2020-02-11,10450.0,10550.0,10400.0,10550.0,39719.0
6363,2020-02-11,10500.0,10600.0,10500.0,10500.0,18101.0
6364,2020-02-11,10550.0,10600.0,10500.0,10550.0,13447.0
6365,2020-02-11,10600.0,10700.0,10550.0,10650.0,50247.0
6366,2020-02-11,10600.0,10650.0,10600.0,10650.0,17633.0
6367,2020-02-11,10650.0,10700.0,10600.0,10650.0,19634.0
6368,2020-02-12,10600.0,10600.0,10550.0,10550.0,7876.0
6369,2020-02-12,10550.0,10600.0,10550.0,10550.0,5601.0
6370,2020-02-12,10600.0,10600.0,10500.0,10600.0,25035.0
6371,2020-02-12,10600.0,10600.0,10500.0,10550.0,8900.0
6372,2020-02-12,10550.0,10600.0,10550.0,10550.0,16359.0
6373,2020-02-12,10650.0,10700.0,10500.0,10550.0,52373.0
6374,2020-02-12,10550.0,10600.0,10550.0,10600.0,4413.0
6375,2020-02-13,10500.0,10550.0,10450.0,10450.0,13118.0
6376,2020-02-13,10550.0,10550.0,10400.0,10450.0,30734.0
6377,2020-02-13,10400.0,10550.0,10400.0,10500.0,21395.0
6378,2020-02-13,10600.0,10600.0,10450.0,10550.0,46053.0
6379,2020-02-13,10550.0,10650.0,10500.0,10650.0,18068.0
6380,2020-02-13,10500.0,10550.0,10500.0,10550.0,12745.0
6381,2020-02-13,10600.0,10650.0,10500.0,10550.0,48576.0
6382,2020-02-14,10400.0,10450.0,10400.0,10450.0,7865.0
6383,2020-02-14,10500.0,10600.0,10450.0,10550.0,16057.0
6384,2020-02-14,10600.0,10600.0,10500.0,10550.0,12542.0
6385,2020-02-14,10550.0,10600.0,10500.0,10500.0,15415.0
6386,2020-02-14,10500.0,10500.0,10400.0,10400.0,26934.0
6387,2020-02-14,10400.0,10500.0,10350.0,10500.0,19745.0
6388,2020-02-14,10450.0,10500.0,10400.0,10400.0,10771.0
6389,2020-02-17,10550.0,10550.0,10500.0,10550.0,13099.0
6390,2020-02-17,10550.0,10550.0,10500.0,10550.0,5532.0
6391,2020-02-17,10600.0,10650.0,10550.0,10600.0,12924.0
6392,2020-02-17,10800.0,10800.0,10500.0,10600.0,54965.0
6393,2020-02-17,10600.0,10600.0,10550.0,10550.0,5930.0
6394,2020-02-17,10600.0,10600.0,10500.0,10600.0,9754.0
6395,2020-02-17,10600.0,10650.0,10550.0,10600.0,6088.0
6396,2020-02-18,10550.0,10600.0,10450.0,10550.0,23309.0
6397,2020-02-18,10550.0,10550.0,10350.0,10450.0,31359.0
6398,2020-02-18,10450.0,10500.0,10400.0,10500.0,8009.0
6399,2020-02-18,10500.0,10550.0,10450.0,10500.0,8350.0
6400,2020-02-18,10500.0,10500.0,10350.0,10400.0,19330.0
6401,2020-02-18,10400.0,10450.0,10300.0,10350.0,57952.0
6402,2020-02-18,10400.0,10450.0,10350.0,10400.0,15894.0
6403,2020-02-19,10450.0,10550.0,10400.0,10550.0,8634.0
6404,2020-02-19,10450.0,10550.0,10400.0,10400.0,22553.0
6405,2020-02-19,10400.0,10500.0,10350.0,10450.0,10629.0
6406,2020-02-19,10400.0,10500.0,10300.0,10350.0,23271.0
6407,2020-02-19,10350.0,10450.0,10350.0,10400.0,6273.0
6408,2020-02-19,10350.0,10400.0,10200.0,10350.0,37520.0
6409,2020-02-19,10350.0,10450.0,10350.0,10400.0,5888.0
6410,2020-02-20,10600.0,10650.0,10550.0,10600.0,8413.0
6411,2020-02-20,10600.0,10650.0,10600.0,10650.0,6972.0
6412,2020-02-20,10700.0,10700.0,10550.0,10550.0,38249.0
6413,2020-02-20,10650.0,10850.0,10550.0,10750.0,71531.0
6414,2020-02-20,10700.0,10750.0,10600.0,10700.0,27340.0
6415,2020-02-20,10700.0,10800.0,10650.0,10750.0,46325.0
6416,2020-02-20,10700.0,10750.0,10650.0,10700.0,16279.0
6417,2020-02-21,10800.0,10800.0,10450.0,10500.0,73318.0
6418,2020-02-21,10500.0,10500.0,10350.0,10350.0,43215.0
6419,2020-02-21,10350.0,10400.0,10300.0,10350.0,28775.0
6420,2020-02-21,10350.0,10450.0,10300.0,10350.0,24085.0
6421,2020-02-21,10400.0,10400.0,10200.0,10250.0,65573.0
6422,2020-02-21,10250.0,10300.0,10150.0,10150.0,34218.0
6423,2020-02-21,10200.0,10350.0,10150.0,10200.0,46258.0
6424,2020-02-24,9980.0,10000.0,9930.0,9930.0,28452.0
6425,2020-02-24,10000.0,10000.0,9920.0,9970.0,42933.0
6426,2020-02-24,10000.0,10100.0,9990.0,10000.0,23578.0
6427,2020-02-24,10200.0,10400.0,10050.0,10300.0,87894.0
6428,2020-02-24,10150.0,10200.0,10000.0,10050.0,35512.0
6429,2020-02-24,10300.0,10350.0,10150.0,10150.0,37804.0
6430,2020-02-24,10050.0,10100.0,10000.0,10000.0,27374.0
6431,2020-02-25,9930.0,10050.0,9880.0,10000.0,33840.0
6432,2020-02-25,9990.0,10150.0,9990.0,9990.0,35099.0
6433,2020-02-25,10000.0,10050.0,9970.0,10000.0,11303.0
6434,2020-02-25,10000.0,10050.0,9990.0,10000.0,9295.0
6435,2020-02-25,9990.0,10050.0,9990.0,10000.0,16484.0
6436,2020-02-25,10000.0,10100.0,9990.0,10050.0,20284.0
6437,2020-02-25,10000.0,10100.0,10000.0,10050.0,10524.0
6438,2020-02-26,10200.0,10250.0,10200.0,10200.0,4151.0
6439,2020-02-26,10300.0,10350.0,10100.0,10150.0,40974.0
6440,2020-02-26,10100.0,10250.0,10100.0,10250.0,16229.0
6441,2020-02-26,10000.0,10250.0,10000.0,10250.0,32338.0
6442,2020-02-26,10100.0,10100.0,9970.0,10000.0,17312.0
6443,2020-02-26,10100.0,10250.0,9960.0,10100.0,51638.0
6444,2020-02-26,10250.0,10400.0,10250.0,10350.0,60429.0
6445,2020-02-27,10100.0,10250.0,10100.0,10200.0,8428.0
6446,2020-02-27,10200.0,10300.0,10200.0,10200.0,17422.0
6447,2020-02-27,10200.0,10200.0,10100.0,10100.0,19024.0
6448,2020-02-27,10300.0,10350.0,10050.0,10250.0,55562.0
6449,2020-02-27,10500.0,10550.0,10300.0,10300.0,47801.0
6450,2020-02-27,10250.0,10300.0,10200.0,10200.0,25094.0
6451,2020-02-27,10350.0,10850.0,10350.0,10450.0,179127.0
6452,2020-02-28,9700.0,10000.0,9680.0,10000.0,28719.0
6453,2020-02-28,10000.0,10100.0,9950.0,10000.0,34526.0
6454,2020-02-28,10050.0,10050.0,9980.0,10050.0,30209.0
6455,2020-02-28,10050.0,10100.0,9990.0,10000.0,17611.0
6456,2020-02-28,10000.0,10000.0,9800.0,9900.0,56676.0
6457,2020-02-28,9900.0,9920.0,9800.0,9800.0,18878.0
6458,2020-02-28,9800.0,9800.0,9610.0,9700.0,46971.0
6459,2020-03-02,9990.0,10100.0,9980.0,10100.0,16153.0
6460,2020-03-02,10100.0,10150.0,10050.0,10150.0,18624.0
6461,2020-03-02,10000.0,10050.0,9960.0,9990.0,11153.0
6462,2020-03-02,9890.0,10050.0,9830.0,9890.0,49509.0
6463,2020-03-02,9990.0,10050.0,9990.0,9990.0,20829.0
6464,2020-03-02,9890.0,10050.0,9870.0,10000.0,22188.0
6465,2020-03-02,9990.0,10100.0,9990.0,10050.0,16715.0
6466,2020-03-03,10200.0,10400.0,10150.0,10400.0,83644.0
6467,2020-03-03,10350.0,10450.0,10250.0,10250.0,38532.0
6468,2020-03-03,10250.0,10400.0,10250.0,10250.0,16516.0
6469,2020-03-03,10300.0,10350.0,10250.0,10300.0,12520.0
6470,2020-03-03,10250.0,10350.0,10200.0,10250.0,7399.0
6471,2020-03-03,10250.0,10250.0,10150.0,10200.0,18930.0
6472,2020-03-03,10250.0,10250.0,10150.0,10150.0,9695.0
6473,2020-03-04,10400.0,10450.0,10350.0,10450.0,8404.0
6474,2020-03-04,10450.0,10500.0,10350.0,10400.0,37952.0
6475,2020-03-04,10350.0,10450.0,10300.0,10450.0,25196.0
6476,2020-03-04,10200.0,10350.0,10150.0,10350.0,26426.0
6477,2020-03-04,10300.0,10350.0,10200.0,10350.0,12749.0
6478,2020-03-04,10350.0,10350.0,10250.0,10250.0,16653.0
6479,2020-03-04,10300.0,10400.0,10300.0,10400.0,19511.0
6480,2020-03-05,10450.0,10500.0,10400.0,10400.0,10165.0
6481,2020-03-05,10450.0,10450.0,10400.0,10450.0,17094.0
6482,2020-03-05,10450.0,10450.0,10400.0,10450.0,1240.0
6483,2020-03-05,10500.0,10600.0,10450.0,10550.0,25781.0
6484,2020-03-05,10450.0,10500.0,10400.0,10450.0,11727.0
6485,2020-03-05,10500.0,10550.0,10400.0,10450.0,22576.0
6486,2020-03-05,10450.0,10450.0,10400.0,10450.0,6737.0
6487,2020-03-06,10250.0,10400.0,10250.0,10300.0,25433.0
6488,2020-03-06,10300.0,10300.0,10200.0,10300.0,8576.0
6489,2020-03-06,10250.0,10300.0,10150.0,10250.0,24653.0
6490,2020-03-06,10250.0,10250.0,10150.0,10250.0,5177.0
6491,2020-03-06,10200.0,10250.0,10150.0,10250.0,9293.0
6492,2020-03-06,10250.0,10350.0,10200.0,10200.0,18194.0
6493,2020-03-06,10200.0,10300.0,10200.0,10300.0,15766.0
6494,2020-03-09,9860.0,9870.0,9800.0,9860.0,14156.0
6495,2020-03-09,9860.0,9870.0,9740.0,9800.0,28360.0
6496,2020-03-09,9930.0,9940.0,9810.0,9840.0,27612.0
6497,2020-03-09,10200.0,10200.0,10000.0,10100.0,34335.0
6498,2020-03-09,9950.0,9980.0,9800.0,9820.0,79595.0
6499,2020-03-09,10050.0,10100.0,9950.0,9960.0,47534.0
6500,2020-03-09,9820.0,9930.0,9820.0,9930.0,14628.0
6501,2020-03-10,9600.0,9740.0,9490.0,9600.0,104930.0
6502,2020-03-10,9620.0,9730.0,9590.0,9600.0,19270.0
6503,2020-03-10,9600.0,9600.0,9540.0,9550.0,17555.0
6504,2020-03-10,9550.0,9630.0,9550.0,9630.0,4511.0
6505,2020-03-10,9620.0,9660.0,9560.0,9630.0,22713.0
6506,2020-03-10,9640.0,9690.0,9620.0,9640.0,21528.0
6507,2020-03-10,9670.0,9700.0,9640.0,9680.0,8816.0
6508,2020-03-11,9270.0,9270.0,9190.0,9200.0,18746.0
6509,2020-03-11,9240.0,9270.0,9150.0,9270.0,52632.0
6510,2020-03-11,9400.0,9400.0,9160.0,9240.0,49157.0
6511,2020-03-11,9420.0,9430.0,9320.0,9360.0,55909.0
6512,2020-03-11,9640.0,9640.0,9390.0,9420.0,47584.0
6513,2020-03-11,9700.0,9780.0,9570.0,9640.0,40672.0
6514,2020-03-11,9380.0,9410.0,9370.0,9400.0,10647.0
6515,2020-03-12,9020.0,9170.0,8780.0,8930.0,69840.0
6516,2020-03-12,8930.0,8930.0,8600.0,8600.0,59142.0
6517,2020-03-12,8680.0,8690.0,8600.0,8680.0,16628.0
6518,2020-03-12,8660.0,8680.0,8400.0,8410.0,37866.0
6519,2020-03-12,8420.0,8670.0,8420.0,8600.0,28369.0
6520,2020-03-12,8600.0,8640.0,8420.0,8470.0,39592.0
6521,2020-03-12,8450.0,8480.0,8390.0,8390.0,39908.0
6522,2020-03-13,7390.0,7720.0,7320.0,7650.0,98882.0
6523,2020-03-13,7620.0,7670.0,7550.0,7580.0,34421.0
6524,2020-03-13,6950.0,7390.0,6890.0,7390.0,63007.0
6525,2020-03-13,7600.0,7720.0,7520.0,7660.0,134748.0
6526,2020-03-13,7000.0,7240.0,6860.0,7140.0,73523.0
6527,2020-03-13,7140.0,7140.0,6870.0,6940.0,54387.0
6528,2020-03-13,7630.0,7650.0,7010.0,7070.0,90851.0
6529,2020-03-16,7700.0,7900.0,7500.0,7740.0,119049.0
6530,2020-03-16,7730.0,7760.0,7650.0,7690.0,44415.0
6531,2020-03-16,7680.0,7710.0,7560.0,7650.0,24888.0
6532,2020-03-16,7650.0,7670.0,7550.0,7620.0,11211.0
6533,2020-03-16,7620.0,7620.0,7430.0,7500.0,26384.0
6534,2020-03-16,7500.0,7520.0,7360.0,7390.0,31325.0
6535,2020-03-16,7400.0,7400.0,7220.0,7220.0,26544.0
6536,2020-03-17,7030.0,7050.0,6960.0,7050.0,14979.0
6537,2020-03-17,7110.0,7170.0,7010.0,7030.0,15847.0
6538,2020-03-17,7170.0,7180.0,6990.0,7090.0,20047.0
6539,2020-03-17,7110.0,7320.0,7010.0,7020.0,30622.0
6540,2020-03-17,7020.0,7100.0,6920.0,6980.0,31793.0
6541,2020-03-17,6550.0,7130.0,6550.0,7070.0,90481.0
6542,2020-03-17,6970.0,7170.0,6970.0,7170.0,15909.0
6543,2020-03-18,7540.0,7610.0,7210.0,7250.0,127352.0
6544,2020-03-18,7250.0,7350.0,7000.0,7000.0,90920.0
6545,2020-03-18,8260.0,8390.0,7410.0,7540.0,378292.0
6546,2020-03-18,7150.0,7270.0,7120.0,7200.0,31449.0
6547,2020-03-18,7200.0,7230.0,7150.0,7230.0,6354.0
6548,2020-03-18,7150.0,7300.0,7110.0,7140.0,56596.0
6549,2020-03-18,7230.0,8900.0,7210.0,8260.0,273728.0
6550,2020-03-19,7140.0,8100.0,7120.0,7320.0,601074.0
6551,2020-03-19,7250.0,7320.0,6930.0,7000.0,203067.0
6552,2020-03-19,7010.0,7060.0,6760.0,6840.0,91269.0
6553,2020-03-19,6840.0,6980.0,6650.0,6670.0,61567.0
6554,2020-03-19,6670.0,7000.0,6490.0,6850.0,85036.0
6555,2020-03-19,6820.0,6820.0,6390.0,6400.0,100106.0
6556,2020-03-19,6390.0,6610.0,6370.0,6510.0,41908.0
6557,2020-03-20,6840.0,6900.0,6790.0,6810.0,27798.0
6558,2020-03-20,6800.0,6900.0,6700.0,6790.0,67253.0
6559,2020-03-20,6800.0,6890.0,6780.0,6810.0,29182.0
6560,2020-03-20,6520.0,6990.0,6520.0,6790.0,187504.0
6561,2020-03-20,6800.0,6970.0,6790.0,6840.0,51456.0
6562,2020-03-20,6740.0,6880.0,6710.0,6800.0,33586.0
6563,2020-03-20,6820.0,6850.0,6710.0,6800.0,35145.0
6564,2020-03-23,6320.0,6650.0,6320.0,6530.0,100146.0
6565,2020-03-23,6530.0,6620.0,6500.0,6620.0,15057.0
6566,2020-03-23,6610.0,6640.0,6510.0,6530.0,19658.0
6567,2020-03-23,6540.0,6660.0,6530.0,6600.0,10784.0
6568,2020-03-23,6590.0,6740.0,6510.0,6650.0,23894.0
6569,2020-03-23,6650.0,6740.0,6510.0,6580.0,41056.0
6570,2020-03-23,6580.0,6580.0,6500.0,6500.0,18124.0
6571,2020-03-24,6710.0,6750.0,6640.0,6700.0,24315.0
6572,2020-03-24,6750.0,6800.0,6660.0,6710.0,32475.0
6573,2020-03-24,6800.0,6840.0,6760.0,6840.0,15162.0
6574,2020-03-24,6740.0,6770.0,6680.0,6770.0,73591.0
6575,2020-03-24,6760.0,6790.0,6710.0,6730.0,32444.0
6576,2020-03-24,6740.0,6850.0,6700.0,6750.0,40557.0
6577,2020-03-24,6650.0,6740.0,6560.0,6740.0,104754.0
6578,2020-03-25,7300.0,7320.0,6990.0,7120.0,129251.0
6579,2020-03-25,7100.0,7300.0,7080.0,7290.0,47540.0
6580,2020-03-25,7290.0,7480.0,7240.0,7390.0,53388.0
6581,2020-03-25,7390.0,7400.0,7300.0,7370.0,15389.0
6582,2020-03-25,7350.0,7400.0,7070.0,7230.0,39733.0
6583,2020-03-25,7350.0,7380.0,7250.0,7250.0,25848.0
6584,2020-03-25,7240.0,7360.0,7150.0,7360.0,40772.0
6585,2020-03-26,7730.0,7730.0,7580.0,7600.0,49097.0
6586,2020-03-26,7330.0,7760.0,7290.0,7730.0,169968.0
6587,2020-03-26,7680.0,7730.0,7500.0,7690.0,109536.0
6588,2020-03-26,7690.0,8060.0,7670.0,7890.0,127051.0
6589,2020-03-26,7880.0,7910.0,7750.0,7860.0,45510.0
6590,2020-03-26,7880.0,7980.0,7840.0,7920.0,43240.0
6591,2020-03-26,7920.0,7940.0,7620.0,7730.0,75929.0
6592,2020-03-27,7910.0,8100.0,7870.0,8100.0,27962.0
6593,2020-03-27,8150.0,8430.0,7780.0,7990.0,212373.0
6594,2020-03-27,7920.0,8080.0,7670.0,7900.0,88509.0
6595,2020-03-27,7860.0,7880.0,7670.0,7840.0,45585.0
6596,2020-03-27,7970.0,7980.0,7780.0,7800.0,92489.0
6597,2020-03-27,7840.0,8150.0,7820.0,8150.0,64861.0
6598,2020-03-27,7980.0,8150.0,7830.0,8000.0,184319.0
6599,2020-03-30,8500.0,8760.0,8360.0,8670.0,368526.0
6600,2020-03-30,8660.0,9130.0,8650.0,9080.0,239164.0
6601,2020-03-30,9080.0,9080.0,8900.0,8910.0,99788.0
6602,2020-03-30,8910.0,8950.0,8820.0,8820.0,53882.0
6603,2020-03-30,8820.0,9000.0,8820.0,8990.0,53174.0
6604,2020-03-30,8980.0,9080.0,8900.0,8940.0,85532.0
6605,2020-03-30,8940.0,8980.0,8780.0,8940.0,88623.0
6606,2020-03-31,9270.0,9370.0,9230.0,9370.0,39262.0
6607,2020-03-31,9150.0,9320.0,8940.0,9280.0,125156.0
6608,2020-03-31,9350.0,9360.0,9020.0,9160.0,110833.0
6609,2020-03-31,9400.0,9480.0,9310.0,9370.0,143050.0
6610,2020-03-31,9380.0,9390.0,9290.0,9340.0,70222.0
6611,2020-03-31,9300.0,9820.0,9300.0,9400.0,492578.0
6612,2020-03-31,9330.0,9350.0,9290.0,9350.0,45754.0
6613,2020-04-01,9140.0,9190.0,9010.0,9070.0,56253.0
6614,2020-04-01,9060.0,9060.0,8780.0,8860.0,79453.0
6615,2020-04-01,9150.0,9200.0,9080.0,9120.0,55642.0
6616,2020-04-01,9230.0,9500.0,9170.0,9270.0,108911.0
6617,2020-04-01,9270.0,9290.0,9170.0,9230.0,28190.0
6618,2020-04-01,9230.0,9240.0,9120.0,9150.0,37289.0
6619,2020-04-01,9370.0,9450.0,9160.0,9220.0,139404.0
6620,2020-04-02,9200.0,9360.0,8860.0,9180.0,215303.0
6621,2020-04-02,9130.0,9590.0,9000.0,9430.0,314351.0
6622,2020-04-02,9440.0,9540.0,9350.0,9360.0,99757.0
6623,2020-04-02,9380.0,9500.0,9360.0,9450.0,31818.0
6624,2020-04-02,9480.0,9520.0,9310.0,9470.0,64504.0
6625,2020-04-02,9410.0,9480.0,9390.0,9470.0,39918.0
6626,2020-04-02,9470.0,9500.0,9450.0,9500.0,47851.0
6627,2020-04-03,9350.0,9360.0,9200.0,9310.0,46796.0
6628,2020-04-03,9470.0,9500.0,9430.0,9450.0,25909.0
6629,2020-04-03,9310.0,9490.0,9300.0,9470.0,33864.0
6630,2020-04-03,9430.0,9450.0,9290.0,9340.0,42424.0
6631,2020-04-03,9420.0,9460.0,9390.0,9460.0,29524.0
6632,2020-04-03,9760.0,9760.0,9330.0,9420.0,187490.0
6633,2020-04-03,9460.0,9510.0,9390.0,9430.0,31120.0
6634,2020-04-06,9640.0,9750.0,9480.0,9570.0,235440.0
6635,2020-04-06,9570.0,9700.0,9540.0,9660.0,50787.0
6636,2020-04-06,9660.0,9700.0,9620.0,9690.0,37183.0
6637,2020-04-06,9690.0,9890.0,9680.0,9840.0,90560.0
6638,2020-04-06,9840.0,10300.0,9800.0,10200.0,223016.0
6639,2020-04-06,10200.0,10650.0,10100.0,10300.0,572716.0
6640,2020-04-06,10300.0,10450.0,10250.0,10400.0,72536.0
6641,2020-04-07,10150.0,10200.0,10100.0,10200.0,36097.0
6642,2020-04-07,10100.0,10150.0,9990.0,10100.0,64634.0
6643,2020-04-07,9990.0,10150.0,9960.0,10150.0,49581.0
6644,2020-04-07,10650.0,10650.0,10000.0,10150.0,303042.0
6645,2020-04-07,10150.0,10150.0,10050.0,10100.0,46042.0
6646,2020-04-07,10100.0,10200.0,10050.0,10100.0,54620.0
6647,2020-04-07,10050.0,10100.0,9920.0,9990.0,142860.0
6648,2020-04-08,10550.0,10550.0,10400.0,10450.0,63396.0
6649,2020-04-08,10450.0,10450.0,10250.0,10250.0,49041.0
6650,2020-04-08,10500.0,10550.0,10400.0,10550.0,47463.0
6651,2020-04-08,10300.0,10450.0,10100.0,10200.0,162007.0
6652,2020-04-08,10400.0,10650.0,10400.0,10650.0,102650.0
6653,2020-04-08,10250.0,10700.0,10200.0,10350.0,213137.0
6654,2020-04-08,10650.0,10650.0,10450.0,10500.0,63594.0
6655,2020-04-09,10500.0,11050.0,10400.0,10900.0,423353.0
6656,2020-04-09,10900.0,11900.0,10850.0,11650.0,1031305.0
6657,2020-04-09,11650.0,13150.0,11500.0,13050.0,1596871.0
6658,2020-04-09,13000.0,13100.0,12250.0,12750.0,1285288.0
6659,2020-04-09,12750.0,12900.0,12350.0,12600.0,608956.0
6660,2020-04-09,12600.0,13300.0,12550.0,13250.0,1064766.0
6661,2020-04-09,13300.0,13300.0,12600.0,12600.0,684181.0
6662,2020-04-10,11600.0,11700.0,11350.0,11600.0,138924.0
6663,2020-04-10,11600.0,11600.0,11350.0,11500.0,104746.0
6664,2020-04-10,11800.0,11900.0,11450.0,11600.0,125031.0
6665,2020-04-10,12250.0,12250.0,11700.0,11800.0,274676.0
6666,2020-04-10,11800.0,11900.0,11250.0,11850.0,403882.0
6667,2020-04-10,12650.0,12900.0,11800.0,12250.0,1033861.0
6668,2020-04-10,11750.0,11950.0,11750.0,11750.0,70656.0
6669,2020-04-13,11500.0,12350.0,11500.0,12050.0,725530.0
6670,2020-04-13,12050.0,12350.0,12000.0,12000.0,187345.0
6671,2020-04-13,12050.0,12200.0,11750.0,11950.0,156900.0
6672,2020-04-13,11950.0,12050.0,11800.0,11800.0,106293.0
6673,2020-04-13,11800.0,12000.0,11700.0,11950.0,96399.0
6674,2020-04-13,11900.0,12350.0,11900.0,12150.0,228660.0
6675,2020-04-13,12100.0,12200.0,11850.0,12100.0,139936.0
6676,2020-04-14,12150.0,12150.0,12000.0,12150.0,42760.0
6677,2020-04-14,12100.0,12200.0,12000.0,12150.0,86360.0
6678,2020-04-14,12150.0,12150.0,12050.0,12050.0,45092.0
6679,2020-04-14,12250.0,12350.0,11950.0,12050.0,184938.0
6680,2020-04-14,12150.0,12350.0,12150.0,12300.0,73351.0
6681,2020-04-14,12050.0,12350.0,12000.0,12150.0,102124.0
6682,2020-04-14,12250.0,12300.0,12100.0,12150.0,47296.0
6683,2020-04-16,11800.0,12000.0,11800.0,12000.0,37560.0
6684,2020-04-16,11950.0,12000.0,11850.0,11850.0,43647.0
6685,2020-04-16,11850.0,12000.0,11800.0,11800.0,58616.0
6686,2020-04-16,12150.0,12600.0,12100.0,12250.0,175629.0
6687,2020-04-16,12050.0,12050.0,11750.0,12000.0,90635.0
6688,2020-04-16,12200.0,12250.0,11950.0,12000.0,86002.0
6689,2020-04-16,12000.0,12000.0,11850.0,11850.0,44667.0
6690,2020-04-17,12000.0,12000.0,11450.0,11550.0,209445.0
6691,2020-04-17,11550.0,11750.0,11450.0,11650.0,91856.0
6692,2020-04-17,11650.0,11700.0,11550.0,11650.0,48950.0
6693,2020-04-17,11600.0,11650.0,11550.0,11600.0,28941.0
6694,2020-04-17,11600.0,11850.0,11550.0,11750.0,63010.0
6695,2020-04-17,11700.0,11750.0,11500.0,11600.0,67398.0
6696,2020-04-17,11600.0,11700.0,11550.0,11650.0,57066.0
6697,2020-04-20,11650.0,11650.0,11500.0,11600.0,44306.0
6698,2020-04-20,11750.0,11750.0,11550.0,11650.0,29619.0
6699,2020-04-20,11550.0,11750.0,11500.0,11750.0,62914.0
6700,2020-04-20,11650.0,11950.0,11450.0,11750.0,141485.0
6701,2020-04-20,11650.0,11750.0,11500.0,11600.0,47769.0
6702,2020-04-20,11750.0,11800.0,11600.0,11650.0,51238.0
6703,2020-04-20,11600.0,11650.0,11550.0,11600.0,33747.0
6704,2020-04-21,11600.0,11700.0,11400.0,11550.0,74710.0
6705,2020-04-21,11550.0,11650.0,11200.0,11250.0,106161.0
6706,2020-04-21,11250.0,11250.0,10500.0,11150.0,313787.0
6707,2020-04-21,11150.0,11300.0,11000.0,11100.0,63245.0
6708,2020-04-21,11100.0,11250.0,10850.0,11250.0,61195.0
6709,2020-04-21,11200.0,11300.0,11100.0,11100.0,43400.0
6710,2020-04-21,11150.0,11300.0,11100.0,11300.0,38112.0
6711,2020-04-22,11800.0,11800.0,11650.0,11800.0,41763.0
6712,2020-04-22,11550.0,11750.0,11500.0,11700.0,58765.0
6713,2020-04-22,11700.0,11900.0,11600.0,11800.0,104780.0
6714,2020-04-22,11350.0,11750.0,11300.0,11550.0,165408.0
6715,2020-04-22,11200.0,11400.0,11150.0,11350.0,50529.0
6716,2020-04-22,11000.0,11350.0,10900.0,11200.0,97337.0
6717,2020-04-22,11500.0,11650.0,11450.0,11600.0,32799.0
6718,2020-04-23,12300.0,12550.0,12300.0,12300.0,68066.0
6719,2020-04-23,12700.0,12800.0,12550.0,12550.0,119784.0
6720,2020-04-23,12550.0,12600.0,12250.0,12300.0,170896.0
6721,2020-04-23,12950.0,12950.0,12550.0,12650.0,245278.0
6722,2020-04-23,13000.0,13150.0,12900.0,12900.0,263009.0
6723,2020-04-23,12650.0,12850.0,12650.0,12750.0,89074.0
6724,2020-04-23,12500.0,13450.0,12400.0,13000.0,1458676.0
6725,2020-04-24,12450.0,12450.0,12350.0,12400.0,36783.0
6726,2020-04-24,12400.0,12850.0,12200.0,12650.0,353535.0
6727,2020-04-24,12700.0,12750.0,12350.0,12500.0,119619.0
6728,2020-04-24,12500.0,12750.0,12450.0,12700.0,70973.0
6729,2020-04-24,12700.0,12700.0,12500.0,12500.0,50564.0
6730,2020-04-24,12550.0,12550.0,12100.0,12200.0,169776.0
6731,2020-04-24,12250.0,12500.0,12150.0,12450.0,68952.0
6732,2020-04-27,12550.0,12650.0,12350.0,12500.0,122416.0
6733,2020-04-27,12500.0,12600.0,12500.0,12500.0,30104.0
6734,2020-04-27,12600.0,12700.0,12500.0,12600.0,81765.0
6735,2020-04-27,12600.0,12700.0,12350.0,12450.0,131614.0
6736,2020-04-27,12800.0,12900.0,12650.0,12650.0,101889.0
6737,2020-04-27,12500.0,13050.0,12350.0,12850.0,450859.0
6738,2020-04-27,12650.0,12750.0,12600.0,12600.0,58936.0
6739,2020-04-28,12900.0,12950.0,12600.0,12700.0,262910.0
6740,2020-04-28,12650.0,12700.0,12400.0,12400.0,98111.0
6741,2020-04-28,12400.0,12600.0,12350.0,12600.0,34181.0
6742,2020-04-28,12550.0,12600.0,12500.0,12550.0,20145.0
6743,2020-04-28,12500.0,12550.0,12450.0,12500.0,23794.0
6744,2020-04-28,12500.0,12550.0,12450.0,12500.0,36819.0
6745,2020-04-28,12500.0,12500.0,12400.0,12450.0,23488.0
6746,2020-04-29,12450.0,12550.0,12450.0,12550.0,23522.0
6747,2020-04-29,12500.0,12500.0,12400.0,12450.0,31376.0
6748,2020-04-29,12500.0,12550.0,12450.0,12500.0,19793.0
6749,2020-04-29,12400.0,12600.0,12350.0,12450.0,98285.0
6750,2020-04-29,12550.0,12550.0,12450.0,12500.0,27765.0
6751,2020-04-29,12450.0,12650.0,12400.0,12550.0,46729.0
6752,2020-04-29,12500.0,12550.0,12450.0,12500.0,26043.0
6753,2020-05-04,12450.0,12500.0,12300.0,12350.0,34319.0
6754,2020-05-04,12350.0,12400.0,12300.0,12400.0,22445.0
6755,2020-05-04,12450.0,12500.0,12400.0,12450.0,22612.0
6756,2020-05-04,12200.0,12500.0,12200.0,12300.0,96210.0
6757,2020-05-04,12500.0,12550.0,12400.0,12550.0,19599.0
6758,2020-05-04,12300.0,12600.0,12300.0,12500.0,39757.0
6759,2020-05-04,12550.0,12550.0,12450.0,12500.0,17201.0
6760,2020-05-06,12700.0,12700.0,12400.0,12450.0,68030.0
6761,2020-05-06,12400.0,12500.0,12350.0,12450.0,38314.0
6762,2020-05-06,12450.0,12450.0,12300.0,12300.0,23363.0
6763,2020-05-06,12400.0,12450.0,12250.0,12350.0,52579.0
6764,2020-05-06,12300.0,12400.0,12300.0,12400.0,31991.0
6765,2020-05-06,12350.0,12500.0,12350.0,12400.0,23260.0
6766,2020-05-06,12400.0,12450.0,12400.0,12450.0,20229.0
6767,2020-05-07,12950.0,13400.0,12800.0,13150.0,237366.0
6768,2020-05-07,13150.0,13450.0,13100.0,13400.0,230979.0
6769,2020-05-07,13000.0,13100.0,12900.0,12950.0,67401.0
6770,2020-05-07,12400.0,12950.0,12350.0,12900.0,270340.0
6771,2020-05-07,12850.0,13000.0,12800.0,12900.0,55258.0
6772,2020-05-07,12950.0,13150.0,12850.0,12850.0,245585.0
6773,2020-05-07,12900.0,13000.0,12850.0,13000.0,29447.0
6774,2020-05-08,13500.0,13550.0,13000.0,13100.0,382272.0
6775,2020-05-08,13100.0,13150.0,13000.0,13100.0,90587.0
6776,2020-05-08,13100.0,13250.0,13000.0,13200.0,99293.0
6777,2020-05-08,13200.0,13200.0,13050.0,13150.0,29835.0
6778,2020-05-08,13150.0,13150.0,13050.0,13100.0,42236.0
6779,2020-05-08,13100.0,13150.0,13000.0,13100.0,47164.0
6780,2020-05-08,13100.0,13200.0,13050.0,13150.0,40123.0
6781,2020-05-11,13000.0,13050.0,12900.0,12950.0,42706.0
6782,2020-05-11,13050.0,13050.0,12950.0,12950.0,25965.0
6783,2020-05-11,13050.0,13150.0,13000.0,13050.0,33959.0
6784,2020-05-11,13100.0,13150.0,13000.0,13000.0,26421.0
6785,2020-05-11,13050.0,13050.0,12950.0,13000.0,39418.0
6786,2020-05-11,13200.0,13250.0,12900.0,13000.0,143046.0
6787,2020-05-11,12950.0,13150.0,12950.0,13100.0,49950.0
6788,2020-05-12,13000.0,13500.0,12950.0,13100.0,248939.0
6789,2020-05-12,13100.0,13250.0,13100.0,13200.0,40167.0
6790,2020-05-12,13200.0,13300.0,13150.0,13200.0,30020.0
6791,2020-05-12,13200.0,13400.0,13150.0,13250.0,77715.0
6792,2020-05-12,13200.0,13400.0,13200.0,13300.0,62408.0
6793,2020-05-12,13350.0,13400.0,13300.0,13300.0,56598.0
6794,2020-05-12,13300.0,13350.0,13250.0,13350.0,38385.0
6795,2020-05-13,13400.0,13500.0,13350.0,13450.0,49103.0
6796,2020-05-13,13300.0,13350.0,13200.0,13350.0,38387.0
6797,2020-05-13,13300.0,13400.0,13250.0,13400.0,32913.0
6798,2020-05-13,13450.0,13450.0,13250.0,13300.0,35173.0
6799,2020-05-13,13250.0,13600.0,13100.0,13500.0,183503.0
6800,2020-05-13,13450.0,13550.0,13350.0,13450.0,47375.0
6801,2020-05-13,13350.0,13400.0,13250.0,13350.0,27892.0
6802,2020-05-14,13350.0,13350.0,13050.0,13150.0,87229.0
6803,2020-05-14,13150.0,13200.0,13000.0,13050.0,64267.0
6804,2020-05-14,13050.0,13100.0,12950.0,13050.0,47000.0
6805,2020-05-14,13050.0,13250.0,13000.0,13100.0,32257.0
6806,2020-05-14,13100.0,13200.0,13050.0,13100.0,18867.0
6807,2020-05-14,13100.0,13150.0,13000.0,13000.0,24290.0
6808,2020-05-14,13050.0,13050.0,12950.0,13000.0,30221.0
6809,2020-05-15,12850.0,12950.0,12800.0,12850.0,38861.0
6810,2020-05-15,12700.0,12850.0,12700.0,12850.0,38419.0
6811,2020-05-15,12650.0,12750.0,12500.0,12750.0,50468.0
6812,2020-05-15,13200.0,13200.0,12700.0,12950.0,123717.0
6813,2020-05-15,12850.0,12900.0,12650.0,12700.0,52979.0
6814,2020-05-15,12950.0,12950.0,12650.0,12800.0,59334.0
6815,2020-05-15,12750.0,12800.0,12500.0,12650.0,67534.0
6816,2020-05-18,13000.0,13050.0,12950.0,12950.0,27995.0
6817,2020-05-18,12950.0,13000.0,12900.0,13000.0,15015.0
6818,2020-05-18,13100.0,13150.0,12950.0,13000.0,30962.0
6819,2020-05-18,13050.0,13050.0,12700.0,12800.0,78698.0
6820,2020-05-18,12900.0,12950.0,12850.0,12900.0,15473.0
6821,2020-05-18,12850.0,13050.0,12800.0,12900.0,56634.0
6822,2020-05-18,12900.0,13100.0,12900.0,13050.0,44760.0
6823,2020-05-19,13150.0,13200.0,12800.0,12800.0,107642.0
6824,2020-05-19,12800.0,12850.0,12750.0,12800.0,32443.0
6825,2020-05-19,12800.0,12850.0,12700.0,12850.0,45984.0
6826,2020-05-19,12800.0,13000.0,12750.0,12950.0,21885.0
6827,2020-05-19,12950.0,13000.0,12850.0,12900.0,22620.0
6828,2020-05-19,12950.0,13000.0,12800.0,13000.0,37949.0
6829,2020-05-19,12950.0,12950.0,12850.0,12850.0,11549.0
6830,2020-05-20,13250.0,13300.0,13150.0,13200.0,28864.0
6831,2020-05-20,13200.0,13200.0,13100.0,13200.0,19356.0
6832,2020-05-20,13100.0,13300.0,13000.0,13250.0,84224.0
6833,2020-05-20,13100.0,13150.0,13000.0,13100.0,27030.0
6834,2020-05-20,13150.0,13200.0,13050.0,13100.0,44921.0
6835,2020-05-20,13000.0,13200.0,12850.0,13150.0,85613.0
6836,2020-05-20,13000.0,13100.0,12850.0,13000.0,49291.0
6837,2020-05-21,13300.0,13300.0,12850.0,13050.0,105327.0
6838,2020-05-21,13100.0,13150.0,13000.0,13050.0,25348.0
6839,2020-05-21,13050.0,13100.0,12950.0,13050.0,17605.0
6840,2020-05-21,13000.0,13050.0,13000.0,13050.0,19349.0
6841,2020-05-21,13000.0,13100.0,13000.0,13050.0,30421.0
6842,2020-05-21,13100.0,13100.0,13000.0,13000.0,49052.0
6843,2020-05-21,13000.0,13000.0,12950.0,13000.0,22943.0
6844,2020-05-22,12400.0,12400.0,12200.0,12300.0,58475.0
6845,2020-05-22,12250.0,12400.0,12200.0,12400.0,110665.0
6846,2020-05-22,12500.0,12550.0,12150.0,12250.0,127420.0
6847,2020-05-22,13100.0,13100.0,12850.0,12900.0,79708.0
6848,2020-05-22,12850.0,12900.0,12500.0,12550.0,173381.0
6849,2020-05-22,12900.0,12950.0,12750.0,12800.0,87155.0
6850,2020-05-22,12500.0,12600.0,12350.0,12550.0,132140.0
6851,2020-05-25,12900.0,12900.0,12700.0,12750.0,48510.0
6852,2020-05-25,12750.0,12800.0,12700.0,12700.0,19260.0
6853,2020-05-25,12600.0,12900.0,12550.0,12850.0,69023.0
6854,2020-05-25,12400.0,12650.0,12350.0,12500.0,71431.0
6855,2020-05-25,12650.0,12750.0,12600.0,12700.0,37340.0
6856,2020-05-25,12550.0,12700.0,12450.0,12700.0,40980.0
6857,2020-05-25,12650.0,12700.0,12550.0,12600.0,11365.0
6858,2020-05-26,12800.0,12900.0,12700.0,12850.0,65052.0
6859,2020-05-26,12850.0,13000.0,12750.0,12800.0,52143.0
6860,2020-05-26,12800.0,12850.0,12750.0,12850.0,14174.0
6861,2020-05-26,12850.0,12900.0,12800.0,12850.0,16205.0
6862,2020-05-26,12850.0,12900.0,12800.0,12800.0,13974.0
6863,2020-05-26,12850.0,12850.0,12800.0,12850.0,18763.0
6864,2020-05-26,12800.0,12900.0,12800.0,12850.0,18939.0
6865,2020-05-27,12700.0,12750.0,12400.0,12650.0,68877.0
6866,2020-05-27,12600.0,12650.0,12600.0,12650.0,13642.0
6867,2020-05-27,12700.0,12700.0,12600.0,12700.0,32843.0
6868,2020-05-27,12700.0,12700.0,12650.0,12700.0,5913.0
6869,2020-05-27,12750.0,12750.0,12550.0,12750.0,31311.0
6870,2020-05-27,12700.0,12800.0,12600.0,12700.0,37887.0
6871,2020-05-27,12850.0,12950.0,12550.0,12700.0,87580.0
6872,2020-05-28,12700.0,12850.0,12600.0,12650.0,67070.0
6873,2020-05-28,12700.0,12750.0,12550.0,12650.0,46509.0
6874,2020-05-28,12650.0,12900.0,12600.0,12750.0,69806.0
6875,2020-05-28,12750.0,12800.0,12350.0,12450.0,78611.0
6876,2020-05-28,12500.0,12550.0,12250.0,12450.0,47193.0
6877,2020-05-28,12450.0,12500.0,12400.0,12500.0,26106.0
6878,2020-05-28,12500.0,12600.0,12450.0,12600.0,20293.0
6879,2020-05-29,12450.0,12450.0,12000.0,12000.0,271689.0
6880,2020-05-29,12350.0,12550.0,12300.0,12450.0,55285.0
6881,2020-05-29,12550.0,12600.0,12350.0,12350.0,48437.0
6882,2020-05-29,12600.0,12650.0,12450.0,12600.0,22733.0
6883,2020-05-29,12550.0,12600.0,12500.0,12550.0,11524.0
6884,2020-05-29,12550.0,12600.0,12350.0,12550.0,19180.0
6885,2020-05-29,12550.0,12600.0,12500.0,12550.0,13021.0
6886,2020-06-01,12350.0,12450.0,12300.0,12400.0,42931.0
6887,2020-06-01,12350.0,12450.0,12300.0,12400.0,16857.0
6888,2020-06-01,12300.0,12400.0,12300.0,12350.0,18500.0
6889,2020-06-01,12100.0,12550.0,12100.0,12550.0,113075.0
6890,2020-06-01,12350.0,12400.0,12250.0,12300.0,31037.0
6891,2020-06-01,12500.0,12550.0,12350.0,12350.0,35398.0
6892,2020-06-01,12350.0,12400.0,12250.0,12300.0,27845.0
6893,2020-06-02,12550.0,12600.0,12400.0,12600.0,36770.0
6894,2020-06-02,12600.0,12650.0,12450.0,12550.0,67693.0
6895,2020-06-02,12550.0,12600.0,12500.0,12550.0,16015.0
6896,2020-06-02,12550.0,12650.0,12550.0,12650.0,40705.0
6897,2020-06-02,12650.0,12900.0,12550.0,12850.0,142993.0
6898,2020-06-02,12900.0,12950.0,12750.0,12800.0,98374.0
6899,2020-06-02,12800.0,12850.0,12750.0,12800.0,29373.0
6900,2020-06-03,12450.0,12450.0,12350.0,12350.0,27591.0
6901,2020-06-03,12450.0,12500.0,12400.0,12450.0,34431.0
6902,2020-06-03,12450.0,12500.0,12400.0,12400.0,42078.0
6903,2020-06-03,12950.0,12950.0,12400.0,12450.0,182908.0
6904,2020-06-03,12400.0,12450.0,12350.0,12450.0,29476.0
6905,2020-06-03,12450.0,12500.0,12300.0,12350.0,116816.0
6906,2020-06-03,12450.0,12500.0,12400.0,12500.0,28085.0
6907,2020-06-04,12550.0,12550.0,12300.0,12450.0,66547.0
6908,2020-06-04,12450.0,12600.0,12400.0,12400.0,67409.0
6909,2020-06-04,12450.0,12500.0,12350.0,12450.0,34323.0
6910,2020-06-04,12400.0,12450.0,12350.0,12350.0,16779.0
6911,2020-06-04,12400.0,12500.0,12400.0,12450.0,13572.0
6912,2020-06-04,12450.0,12500.0,12400.0,12450.0,18886.0
6913,2020-06-04,12450.0,12450.0,12300.0,12350.0,28070.0
6914,2020-06-05,12250.0,12350.0,12250.0,12350.0,26604.0
6915,2020-06-05,12250.0,12300.0,12200.0,12250.0,16491.0
6916,2020-06-05,12250.0,12300.0,12200.0,12250.0,21549.0
6917,2020-06-05,12350.0,12400.0,12250.0,12300.0,19277.0
6918,2020-06-05,12350.0,12400.0,12300.0,12300.0,32354.0
6919,2020-06-05,12500.0,12500.0,12250.0,12400.0,47143.0
6920,2020-06-05,12300.0,12350.0,12150.0,12250.0,58842.0
6921,2020-06-08,12450.0,12450.0,12350.0,12350.0,10424.0
6922,2020-06-08,12400.0,12400.0,12350.0,12400.0,15589.0
6923,2020-06-08,12400.0,12450.0,12300.0,12450.0,19524.0
6924,2020-06-08,12300.0,12400.0,12300.0,12350.0,11319.0
6925,2020-06-08,12350.0,12400.0,12250.0,12350.0,17898.0
6926,2020-06-08,12350.0,12400.0,12300.0,12400.0,11511.0
6927,2020-06-08,12450.0,12450.0,12200.0,12350.0,63734.0
6928,2020-06-09,12300.0,12350.0,12300.0,12350.0,22190.0
6929,2020-06-09,12500.0,12550.0,12400.0,12500.0,75647.0
6930,2020-06-09,12500.0,12500.0,12300.0,12450.0,51709.0
6931,2020-06-09,12400.0,12500.0,12400.0,12400.0,21323.0
6932,2020-06-09,12400.0,12450.0,12350.0,12350.0,11859.0
6933,2020-06-09,12400.0,12400.0,12250.0,12300.0,28973.0
6934,2020-06-09,12300.0,12350.0,12250.0,12350.0,31010.0
6935,2020-06-10,12500.0,12600.0,12500.0,12550.0,28396.0
6936,2020-06-10,12550.0,12550.0,12450.0,12550.0,16885.0
6937,2020-06-10,12600.0,12600.0,12500.0,12550.0,32725.0
6938,2020-06-10,12350.0,12550.0,12300.0,12550.0,59688.0
6939,2020-06-10,12600.0,12600.0,12500.0,12500.0,18107.0
6940,2020-06-10,12550.0,12650.0,12500.0,12550.0,81790.0
6941,2020-06-10,12550.0,12600.0,12500.0,12600.0,17266.0
6942,2020-06-11,12600.0,13200.0,12550.0,13050.0,276325.0
6943,2020-06-11,13050.0,13250.0,12950.0,13200.0,205167.0
6944,2020-06-11,13200.0,13450.0,13050.0,13350.0,200787.0
6945,2020-06-11,13350.0,13400.0,13250.0,13300.0,105002.0
6946,2020-06-11,13300.0,13500.0,13100.0,13450.0,250881.0
6947,2020-06-11,13450.0,13700.0,13200.0,13400.0,419289.0
6948,2020-06-11,13350.0,13450.0,13200.0,13450.0,90340.0
6949,2020-06-12,13350.0,13650.0,13300.0,13500.0,175557.0
6950,2020-06-12,13250.0,13400.0,13200.0,13350.0,118961.0
6951,2020-06-12,13150.0,13250.0,13100.0,13250.0,56754.0
6952,2020-06-12,12900.0,13100.0,12650.0,12900.0,287325.0
6953,2020-06-12,12950.0,13200.0,12850.0,13100.0,107558.0
6954,2020-06-12,12900.0,12950.0,12550.0,12900.0,137740.0
6955,2020-06-12,13100.0,13200.0,12950.0,13100.0,48290.0
6956,2020-06-15,14000.0,14100.0,12900.0,13550.0,493303.0
6957,2020-06-15,13550.0,13600.0,13050.0,13100.0,127426.0
6958,2020-06-15,14250.0,14400.0,14000.0,14050.0,179767.0
6959,2020-06-15,13650.0,14550.0,13400.0,14100.0,715662.0
6960,2020-06-15,14600.0,14850.0,14500.0,14650.0,171748.0
6961,2020-06-15,14150.0,14850.0,14100.0,14600.0,365684.0
6962,2020-06-15,14650.0,14650.0,14200.0,14250.0,168668.0
6963,2020-06-16,13900.0,14450.0,13700.0,14350.0,595770.0
6964,2020-06-16,14350.0,14500.0,13950.0,14450.0,170803.0
6965,2020-06-16,14450.0,14950.0,14400.0,14800.0,312568.0
6966,2020-06-16,14750.0,14800.0,14350.0,14500.0,140548.0
6967,2020-06-16,14550.0,14650.0,14350.0,14650.0,83084.0
6968,2020-06-16,14650.0,15100.0,14550.0,14800.0,334230.0
6969,2020-06-16,14800.0,14950.0,14700.0,14950.0,111157.0
6970,2020-06-17,14850.0,15000.0,14800.0,14850.0,71614.0
6971,2020-06-17,14850.0,15050.0,14650.0,14900.0,94886.0
6972,2020-06-17,14700.0,14950.0,14650.0,14850.0,64217.0
6973,2020-06-17,15150.0,15250.0,14550.0,14800.0,352834.0
6974,2020-06-17,14800.0,14800.0,14200.0,14600.0,152952.0
6975,2020-06-17,14800.0,14900.0,14450.0,14850.0,123101.0
6976,2020-06-17,14600.0,14900.0,14500.0,14650.0,60203.0
6977,2020-06-18,15000.0,15800.0,14900.0,15300.0,592091.0
6978,2020-06-18,15250.0,15300.0,14750.0,14950.0,179711.0
6979,2020-06-18,14950.0,15150.0,14650.0,15050.0,92809.0
6980,2020-06-18,15050.0,15150.0,15000.0,15000.0,45289.0
6981,2020-06-18,15050.0,15050.0,14850.0,14900.0,52039.0
6982,2020-06-18,14900.0,15000.0,14750.0,14900.0,99546.0
6983,2020-06-18,14900.0,15050.0,14850.0,14850.0,59957.0
6984,2020-06-19,15900.0,16250.0,15800.0,16250.0,141600.0
6985,2020-06-19,15850.0,16100.0,15850.0,15900.0,304646.0
6986,2020-06-19,15900.0,16000.0,15600.0,15900.0,151535.0
6987,2020-06-19,15350.0,15700.0,15250.0,15700.0,150168.0
6988,2020-06-19,15400.0,15650.0,15150.0,15350.0,385684.0
6989,2020-06-19,15000.0,15500.0,14500.0,15450.0,236850.0
6990,2020-06-19,15700.0,16000.0,15600.0,15850.0,296289.0
6991,2020-06-22,16300.0,16400.0,16250.0,16350.0,32564.0
6992,2020-06-22,16250.0,16500.0,16200.0,16350.0,84945.0
6993,2020-06-22,16350.0,16400.0,16250.0,16350.0,66991.0
6994,2020-06-22,16200.0,16450.0,16150.0,16400.0,70360.0
6995,2020-06-22,16000.0,16600.0,15900.0,16200.0,280471.0
6996,2020-06-22,16400.0,16450.0,16200.0,16250.0,84722.0
6997,2020-06-22,16100.0,16300.0,15700.0,16050.0,270086.0
6998,2020-06-23,16000.0,16000.0,15900.0,15900.0,23483.0
6999,2020-06-23,16300.0,16450.0,15800.0,15800.0,213223.0
7000,2020-06-23,15850.0,15950.0,15400.0,15850.0,247089.0
7001,2020-06-23,15850.0,16000.0,15650.0,15650.0,88646.0
7002,2020-06-23,15700.0,15900.0,15500.0,15850.0,81245.0
7003,2020-06-23,15850.0,15950.0,15800.0,15950.0,52356.0
7004,2020-06-23,15950.0,16150.0,15900.0,16000.0,69493.0
7005,2020-06-24,16400.0,16400.0,15850.0,16150.0,124490.0
7006,2020-06-24,16100.0,16250.0,16100.0,16250.0,23628.0
7007,2020-06-24,16350.0,16400.0,16200.0,16400.0,42274.0
7008,2020-06-24,16250.0,16300.0,15950.0,16100.0,114542.0
7009,2020-06-24,16150.0,16600.0,16100.0,16450.0,118590.0
7010,2020-06-24,16100.0,16200.0,16050.0,16150.0,49900.0
7011,2020-06-24,16450.0,16500.0,16250.0,16350.0,43876.0
7012,2020-06-25,15900.0,16450.0,15850.0,16100.0,144102.0
7013,2020-06-25,16100.0,16100.0,15650.0,15950.0,105498.0
7014,2020-06-25,15950.0,16050.0,15700.0,15950.0,24331.0
7015,2020-06-25,15950.0,16100.0,15850.0,16050.0,38236.0
7016,2020-06-25,16050.0,16350.0,15950.0,16350.0,65716.0
7017,2020-06-25,16350.0,16450.0,16200.0,16400.0,77993.0
7018,2020-06-25,16350.0,16550.0,16350.0,16500.0,47895.0
7019,2020-06-26,16050.0,16100.0,15950.0,15950.0,31896.0
7020,2020-06-26,16050.0,16200.0,16000.0,16000.0,30004.0
7021,2020-06-26,16000.0,16150.0,15950.0,16000.0,43958.0
7022,2020-06-26,16950.0,16950.0,16150.0,16200.0,156720.0
7023,2020-06-26,16200.0,16250.0,16000.0,16100.0,24388.0
7024,2020-06-26,16300.0,16300.0,15800.0,16150.0,101611.0
7025,2020-06-26,16100.0,16200.0,16000.0,16000.0,31157.0
7026,2020-06-29,15350.0,15600.0,15350.0,15450.0,44115.0
7027,2020-06-29,15450.0,15450.0,15250.0,15400.0,59460.0
7028,2020-06-29,15600.0,15700.0,15300.0,15350.0,64140.0
7029,2020-06-29,15550.0,16000.0,15500.0,15700.0,87868.0
7030,2020-06-29,15850.0,15900.0,15650.0,15650.0,18006.0
7031,2020-06-29,15700.0,16050.0,15650.0,15900.0,65692.0
7032,2020-06-29,15650.0,15700.0,15400.0,15650.0,83572.0
7033,2020-06-30,15550.0,15850.0,15550.0,15600.0,79897.0
7034,2020-06-30,15600.0,15650.0,15250.0,15300.0,70872.0
7035,2020-06-30,15300.0,15500.0,15250.0,15500.0,31028.0
7036,2020-06-30,15500.0,15600.0,15450.0,15550.0,16768.0
7037,2020-06-30,15550.0,15650.0,15450.0,15600.0,14944.0
7038,2020-06-30,15650.0,15650.0,15450.0,15500.0,20840.0
7039,2020-06-30,15450.0,15550.0,15450.0,15500.0,21549.0
7040,2020-07-01,15400.0,15450.0,15150.0,15250.0,69377.0
7041,2020-07-01,15250.0,15300.0,15000.0,15200.0,38706.0
7042,2020-07-01,15550.0,15650.0,15400.0,15400.0,23822.0
7043,2020-07-01,15650.0,15800.0,15500.0,15550.0,56693.0
7044,2020-07-01,15700.0,15700.0,15550.0,15550.0,18448.0
7045,2020-07-01,15550.0,15750.0,15550.0,15650.0,18972.0
7046,2020-07-01,15600.0,15600.0,15500.0,15550.0,15116.0
7047,2020-07-02,15200.0,15450.0,15150.0,15450.0,42350.0
7048,2020-07-02,15450.0,15500.0,15250.0,15250.0,21372.0
7049,2020-07-02,15250.0,15350.0,15150.0,15300.0,24050.0
7050,2020-07-02,15250.0,15350.0,15200.0,15250.0,11858.0
7051,2020-07-02,15250.0,15300.0,15150.0,15200.0,21010.0
7052,2020-07-02,15200.0,15600.0,15200.0,15550.0,57450.0
7053,2020-07-02,15450.0,15550.0,15450.0,15550.0,12579.0
7054,2020-07-03,15400.0,15450.0,15350.0,15450.0,10411.0
7055,2020-07-03,15350.0,15450.0,15300.0,15450.0,17050.0
7056,2020-07-03,15450.0,15500.0,15350.0,15400.0,30090.0
7057,2020-07-03,15500.0,15500.0,15400.0,15400.0,7374.0
7058,2020-07-03,15450.0,15650.0,15350.0,15450.0,26646.0
7059,2020-07-03,15600.0,15600.0,15350.0,15450.0,33951.0
7060,2020-07-03,15400.0,15500.0,15400.0,15400.0,9651.0
7061,2020-07-06,15500.0,15550.0,15250.0,15550.0,34638.0
7062,2020-07-06,15550.0,15750.0,15450.0,15750.0,44448.0
7063,2020-07-06,15750.0,15800.0,15600.0,15700.0,29610.0
7064,2020-07-06,15650.0,15700.0,15600.0,15650.0,16121.0
7065,2020-07-06,15600.0,15650.0,15450.0,15550.0,20092.0
7066,2020-07-06,15550.0,15600.0,15400.0,15550.0,18980.0
7067,2020-07-06,15600.0,15600.0,15500.0,15550.0,11832.0
7068,2020-07-07,16150.0,16250.0,16000.0,16100.0,48164.0
7069,2020-07-07,16100.0,16150.0,15950.0,16100.0,84699.0
7070,2020-07-07,15750.0,16100.0,15700.0,16100.0,104118.0
7071,2020-07-07,15600.0,15650.0,15350.0,15550.0,56934.0
7072,2020-07-07,15500.0,15700.0,15500.0,15600.0,22341.0
7073,2020-07-07,15600.0,15750.0,15550.0,15700.0,24212.0
7074,2020-07-07,15800.0,15800.0,15550.0,15600.0,55145.0
7075,2020-07-08,16050.0,16400.0,15950.0,16200.0,56633.0
7076,2020-07-08,16200.0,16400.0,16100.0,16400.0,34549.0
7077,2020-07-08,16400.0,16500.0,16300.0,16450.0,61347.0
7078,2020-07-08,16450.0,16750.0,16400.0,16750.0,112595.0
7079,2020-07-08,16700.0,17300.0,16700.0,17200.0,256949.0
7080,2020-07-08,17250.0,17300.0,16950.0,17000.0,68135.0
7081,2020-07-08,16100.0,16150.0,15700.0,16050.0,72918.0
7082,2020-07-09,17350.0,17400.0,17250.0,17400.0,28338.0
7083,2020-07-09,17500.0,17550.0,17250.0,17350.0,59437.0
7084,2020-07-09,17300.0,17600.0,17200.0,17450.0,54575.0
7085,2020-07-09,17250.0,17450.0,17100.0,17350.0,41205.0
7086,2020-07-09,17600.0,17800.0,17200.0,17250.0,139389.0
7087,2020-07-09,17200.0,17650.0,16800.0,17600.0,204359.0
7088,2020-07-09,17300.0,17400.0,17150.0,17200.0,33464.0
7089,2020-07-10,17550.0,17550.0,17150.0,17300.0,53347.0
7090,2020-07-10,17250.0,17400.0,17200.0,17250.0,32891.0
7091,2020-07-10,17400.0,17600.0,17300.0,17550.0,33003.0
7092,2020-07-10,17400.0,17600.0,17100.0,17500.0,63230.0
7093,2020-07-10,17500.0,17550.0,17350.0,17450.0,37376.0
7094,2020-07-10,17500.0,18050.0,17300.0,17400.0,159595.0
7095,2020-07-10,17450.0,17500.0,17250.0,17400.0,28723.0
7096,2020-07-13,17550.0,17700.0,17250.0,17450.0,66636.0
7097,2020-07-13,17450.0,17550.0,17300.0,17550.0,26457.0
7098,2020-07-13,17550.0,17700.0,17500.0,17650.0,30436.0
7099,2020-07-13,17650.0,17850.0,17600.0,17800.0,38290.0
7100,2020-07-13,17850.0,17850.0,17750.0,17850.0,26435.0
7101,2020-07-13,17850.0,17850.0,17600.0,17600.0,39460.0
7102,2020-07-13,17600.0,17650.0,17500.0,17650.0,22361.0
7103,2020-07-14,17450.0,17450.0,17100.0,17150.0,68365.0
7104,2020-07-14,17500.0,17550.0,17300.0,17550.0,28612.0
7105,2020-07-14,17550.0,17550.0,17400.0,17500.0,30710.0
7106,2020-07-14,17350.0,17550.0,17350.0,17550.0,23535.0
7107,2020-07-14,17600.0,17600.0,17150.0,17350.0,98285.0
7108,2020-07-14,17350.0,17550.0,17300.0,17350.0,34485.0
7109,2020-07-14,17550.0,17600.0,17450.0,17500.0,15921.0
7110,2020-07-15,17200.0,17350.0,16350.0,16800.0,178922.0
7111,2020-07-15,16800.0,17100.0,16750.0,17000.0,31964.0
7112,2020-07-15,17050.0,17050.0,16800.0,16850.0,32713.0
7113,2020-07-15,16900.0,17000.0,16800.0,16850.0,21722.0
7114,2020-07-15,16900.0,16900.0,16800.0,16850.0,17682.0
7115,2020-07-15,16850.0,17000.0,16800.0,16950.0,33342.0
7116,2020-07-15,16900.0,16950.0,16850.0,16900.0,10958.0
7117,2020-07-16,16450.0,16500.0,16200.0,16300.0,96888.0
7118,2020-07-16,16600.0,16600.0,16450.0,16500.0,19089.0
7119,2020-07-16,16300.0,16400.0,16250.0,16400.0,48446.0
7120,2020-07-16,16600.0,16650.0,16400.0,16550.0,32836.0
7121,2020-07-16,16550.0,16650.0,16350.0,16550.0,70036.0
7122,2020-07-16,16700.0,17000.0,16550.0,16550.0,61438.0
7123,2020-07-16,16500.0,16600.0,16450.0,16600.0,16399.0
7124,2020-07-17,16000.0,16150.0,15950.0,16100.0,40793.0
7125,2020-07-17,16200.0,16250.0,15950.0,15950.0,38344.0
7126,2020-07-17,16050.0,16200.0,16050.0,16150.0,23385.0
7127,2020-07-17,16000.0,16250.0,15950.0,16000.0,36374.0
7128,2020-07-17,16450.0,16450.0,15850.0,16000.0,79311.0
7129,2020-07-17,16300.0,16650.0,16250.0,16450.0,44208.0
7130,2020-07-17,16050.0,16250.0,15950.0,16200.0,40071.0
7131,2020-07-20,16350.0,16600.0,16250.0,16400.0,82583.0
7132,2020-07-20,16400.0,16500.0,16200.0,16500.0,29337.0
7133,2020-07-20,16500.0,16850.0,16450.0,16650.0,65975.0
7134,2020-07-20,16650.0,16850.0,16600.0,16700.0,32462.0
7135,2020-07-20,16700.0,16800.0,16650.0,16800.0,19194.0
7136,2020-07-20,16800.0,16800.0,16400.0,16650.0,45995.0
7137,2020-07-20,16600.0,16650.0,16450.0,16550.0,17004.0
7138,2020-07-21,16950.0,17000.0,16800.0,17000.0,17450.0
7139,2020-07-21,17100.0,17100.0,16950.0,17050.0,28062.0
7140,2020-07-21,17050.0,17050.0,16800.0,16950.0,38706.0
7141,2020-07-21,17100.0,17200.0,17050.0,17150.0,18955.0
7142,2020-07-21,17300.0,17300.0,16950.0,17100.0,46551.0
7143,2020-07-21,17150.0,17150.0,17050.0,17100.0,20331.0
7144,2020-07-21,16800.0,17400.0,16550.0,17250.0,145848.0
7145,2020-07-22,17050.0,17150.0,16550.0,16650.0,70379.0
7146,2020-07-22,16600.0,16750.0,16550.0,16650.0,32436.0
7147,2020-07-22,16700.0,17000.0,16550.0,16950.0,38567.0
7148,2020-07-22,16950.0,17000.0,16900.0,17000.0,22839.0
7149,2020-07-22,17000.0,17100.0,16900.0,16950.0,27520.0
7150,2020-07-22,17000.0,17100.0,16750.0,16800.0,53816.0
7151,2020-07-22,16800.0,16900.0,16750.0,16800.0,21598.0
7152,2020-07-23,16050.0,16150.0,16050.0,16100.0,49592.0
7153,2020-07-23,16150.0,16200.0,16050.0,16050.0,41600.0
7154,2020-07-23,16100.0,16200.0,15950.0,16150.0,126705.0
7155,2020-07-23,16550.0,16600.0,16300.0,16400.0,67377.0
7156,2020-07-23,16400.0,16450.0,16150.0,16250.0,65479.0
7157,2020-07-23,16800.0,16800.0,16450.0,16600.0,66570.0
7158,2020-07-23,16250.0,16350.0,16000.0,16100.0,83013.0
7159,2020-07-24,15400.0,15550.0,15350.0,15450.0,24814.0
7160,2020-07-24,15450.0,15500.0,15350.0,15400.0,40701.0
7161,2020-07-24,15500.0,15550.0,15300.0,15350.0,62632.0
7162,2020-07-24,15700.0,15800.0,15600.0,15650.0,87994.0
7163,2020-07-24,15650.0,15700.0,15450.0,15550.0,99651.0
7164,2020-07-24,15550.0,15650.0,15450.0,15450.0,59170.0
7165,2020-07-24,15900.0,16000.0,15600.0,15700.0,102922.0
7166,2020-07-27,15250.0,15700.0,15250.0,15550.0,48856.0
7167,2020-07-27,15550.0,15650.0,15500.0,15650.0,16141.0
7168,2020-07-27,15650.0,15750.0,15600.0,15600.0,21376.0
7169,2020-07-27,15650.0,15650.0,15500.0,15650.0,13742.0
7170,2020-07-27,15600.0,15650.0,15550.0,15650.0,4301.0
7171,2020-07-27,15550.0,15650.0,15500.0,15550.0,6062.0
7172,2020-07-27,15500.0,15600.0,15500.0,15550.0,6558.0
7173,2020-07-28,15350.0,15450.0,15050.0,15150.0,61272.0
7174,2020-07-28,15150.0,15450.0,15150.0,15450.0,31796.0
7175,2020-07-28,15200.0,15250.0,15050.0,15150.0,63155.0
7176,2020-07-28,15450.0,15550.0,15350.0,15400.0,26252.0
7177,2020-07-28,15650.0,15700.0,15350.0,15400.0,48785.0
7178,2020-07-28,15800.0,15850.0,15550.0,15700.0,41842.0
7179,2020-07-28,15400.0,15600.0,15300.0,15450.0,29304.0
7180,2020-07-29,15450.0,15600.0,15350.0,15500.0,32258.0
7181,2020-07-29,15450.0,15500.0,15150.0,15300.0,41992.0
7182,2020-07-29,15300.0,15400.0,15250.0,15300.0,13326.0
7183,2020-07-29,15300.0,15400.0,15250.0,15300.0,4854.0
7184,2020-07-29,15350.0,15400.0,15200.0,15350.0,28612.0
7185,2020-07-29,15350.0,15450.0,15150.0,15350.0,32962.0
7186,2020-07-29,15350.0,15500.0,15350.0,15500.0,10274.0
7187,2020-07-30,16100.0,16200.0,15950.0,16200.0,66648.0
7188,2020-07-30,15450.0,16050.0,15400.0,16050.0,107582.0
7189,2020-07-30,15400.0,15500.0,15350.0,15400.0,16770.0
7190,2020-07-30,15700.0,15750.0,15400.0,15500.0,49381.0
7191,2020-07-30,15550.0,15600.0,15450.0,15500.0,12058.0
7192,2020-07-30,15500.0,15600.0,15450.0,15550.0,21241.0
7193,2020-07-30,15450.0,15550.0,15400.0,15500.0,17647.0
7194,2020-07-31,17350.0,17450.0,17050.0,17100.0,106869.0
7195,2020-07-31,17050.0,17100.0,16850.0,16900.0,61101.0
7196,2020-07-31,17300.0,17400.0,17100.0,17350.0,64573.0
7197,2020-07-31,16400.0,17000.0,16350.0,16900.0,259881.0
7198,2020-07-31,17000.0,17350.0,16950.0,17350.0,172819.0
7199,2020-07-31,16900.0,17250.0,16800.0,17000.0,157542.0
7200,2020-07-31,17350.0,17650.0,17100.0,17300.0,190485.0
7201,2020-08-03,17150.0,17350.0,16850.0,17150.0,151575.0
7202,2020-08-03,17200.0,17400.0,17150.0,17250.0,85036.0
7203,2020-08-03,17250.0,17650.0,17150.0,17600.0,104019.0
7204,2020-08-03,17650.0,17700.0,17450.0,17450.0,77586.0
7205,2020-08-03,17500.0,17550.0,17250.0,17300.0,64119.0
7206,2020-08-03,17250.0,17400.0,17200.0,17350.0,55020.0
7207,2020-08-03,17350.0,17350.0,17250.0,17350.0,39372.0
7208,2020-08-04,16950.0,17050.0,16900.0,16950.0,35076.0
7209,2020-08-04,16950.0,17150.0,16950.0,17100.0,26745.0
7210,2020-08-04,17000.0,17050.0,16700.0,16950.0,81691.0
7211,2020-08-04,16900.0,17000.0,16900.0,16950.0,25528.0
7212,2020-08-04,17400.0,17450.0,17000.0,17100.0,115047.0
7213,2020-08-04,17100.0,17150.0,16700.0,16850.0,139424.0
7214,2020-08-04,16900.0,17000.0,16850.0,16950.0,19000.0
7215,2020-08-05,17150.0,17500.0,17050.0,17100.0,142372.0
7216,2020-08-05,17100.0,17250.0,17050.0,17200.0,55866.0
7217,2020-08-05,17200.0,17250.0,17100.0,17250.0,29530.0
7218,2020-08-05,17250.0,17300.0,17050.0,17150.0,40144.0
7219,2020-08-05,17200.0,17200.0,16950.0,17050.0,65289.0
7220,2020-08-05,17000.0,17100.0,16950.0,17050.0,39725.0
7221,2020-08-05,17100.0,17250.0,17050.0,17150.0,32069.0
7222,2020-08-06,17000.0,17100.0,17000.0,17100.0,21041.0
7223,2020-08-06,17000.0,17100.0,17000.0,17000.0,23252.0
7224,2020-08-06,17050.0,17150.0,17000.0,17000.0,19619.0
7225,2020-08-06,17100.0,17500.0,17050.0,17350.0,102603.0
7226,2020-08-06,17150.0,17200.0,16950.0,17000.0,42158.0
7227,2020-08-06,17300.0,17400.0,17100.0,17150.0,47591.0
7228,2020-08-06,17000.0,17150.0,16950.0,17100.0,17812.0
7229,2020-08-07,16950.0,17100.0,16800.0,16950.0,31016.0
7230,2020-08-07,16950.0,17100.0,16950.0,17100.0,21090.0
7231,2020-08-07,16850.0,16950.0,16750.0,16900.0,19788.0
7232,2020-08-07,17100.0,17200.0,16850.0,17000.0,59667.0
7233,2020-08-07,16900.0,16900.0,16750.0,16800.0,14877.0
7234,2020-08-07,17000.0,17000.0,16700.0,16900.0,100071.0
7235,2020-08-07,16750.0,16850.0,16750.0,16850.0,16913.0
7236,2020-08-10,17100.0,17150.0,16800.0,17050.0,63123.0
7237,2020-08-10,17050.0,17100.0,16900.0,16950.0,31900.0
7238,2020-08-10,16950.0,17050.0,16800.0,16850.0,33491.0
7239,2020-08-10,16850.0,17000.0,16850.0,16950.0,21587.0
7240,2020-08-10,16900.0,17000.0,16900.0,16950.0,14780.0
7241,2020-08-10,16950.0,17850.0,16950.0,17550.0,189242.0
7242,2020-08-10,17550.0,17750.0,17550.0,17600.0,63905.0
7243,2020-08-11,17650.0,17800.0,17500.0,17550.0,81550.0
7244,2020-08-11,17550.0,17600.0,17450.0,17550.0,34412.0
7245,2020-08-11,17700.0,17800.0,17600.0,17700.0,30867.0
7246,2020-08-11,18150.0,18400.0,17750.0,17900.0,311698.0
7247,2020-08-11,18000.0,18000.0,17750.0,17800.0,49405.0
7248,2020-08-11,17900.0,18150.0,17850.0,17950.0,53173.0
7249,2020-08-11,17850.0,17900.0,17650.0,17700.0,47873.0
7250,2020-08-12,17500.0,17500.0,16650.0,16750.0,172926.0
7251,2020-08-12,16800.0,17100.0,16750.0,17050.0,88288.0
7252,2020-08-12,17050.0,17100.0,16900.0,16950.0,33559.0
7253,2020-08-12,17000.0,17050.0,16850.0,16900.0,43826.0
7254,2020-08-12,16950.0,17000.0,16850.0,16900.0,33135.0
7255,2020-08-12,16850.0,17000.0,16750.0,16950.0,46499.0
7256,2020-08-12,16950.0,17050.0,16900.0,17050.0,17042.0
7257,2020-08-13,18150.0,18250.0,17850.0,18100.0,173867.0
7258,2020-08-13,16950.0,18400.0,16950.0,18150.0,1033492.0
7259,2020-08-13,17000.0,17050.0,16950.0,17000.0,14220.0
7260,2020-08-13,17050.0,17150.0,16950.0,17000.0,19725.0
7261,2020-08-13,16950.0,17050.0,16850.0,16950.0,32663.0
7262,2020-08-13,17200.0,17200.0,16850.0,16950.0,62898.0
7263,2020-08-13,16950.0,17100.0,16850.0,17000.0,24630.0
7264,2020-08-14,18400.0,18750.0,17700.0,17750.0,724233.0
7265,2020-08-14,17750.0,18000.0,17400.0,17850.0,220706.0
7266,2020-08-14,17850.0,17850.0,17550.0,17550.0,82303.0
7267,2020-08-14,17550.0,17600.0,17350.0,17400.0,106636.0
7268,2020-08-14,17350.0,17750.0,17350.0,17600.0,71211.0
7269,2020-08-14,17600.0,17600.0,17300.0,17350.0,68064.0
7270,2020-08-14,17350.0,17500.0,17300.0,17300.0,35130.0
7271,2020-08-18,17000.0,17050.0,16400.0,16600.0,198932.0
7272,2020-08-18,17450.0,17700.0,16950.0,17000.0,219002.0
7273,2020-08-18,16600.0,16900.0,16550.0,16650.0,99479.0
7274,2020-08-18,17650.0,17650.0,17300.0,17350.0,81005.0
7275,2020-08-18,17900.0,17950.0,17550.0,17700.0,86479.0
7276,2020-08-18,17350.0,17500.0,17300.0,17450.0,63637.0
7277,2020-08-18,17600.0,18000.0,17350.0,17900.0,316900.0
7278,2020-08-19,16850.0,17000.0,16800.0,16950.0,43290.0
7279,2020-08-19,16600.0,16850.0,16500.0,16850.0,68300.0
7280,2020-08-19,16650.0,16700.0,16500.0,16550.0,70888.0
7281,2020-08-19,17150.0,17350.0,16750.0,16950.0,392583.0
7282,2020-08-19,16900.0,16900.0,16550.0,16700.0,84340.0
7283,2020-08-19,16950.0,17150.0,16800.0,16900.0,57776.0
7284,2020-08-19,16700.0,16750.0,16550.0,16650.0,45529.0
7285,2020-08-20,17050.0,17200.0,16600.0,16650.0,93774.0
7286,2020-08-20,16650.0,16700.0,15900.0,16200.0,176278.0
7287,2020-08-20,16250.0,16450.0,16050.0,16150.0,75438.0
7288,2020-08-20,16150.0,16450.0,16000.0,16400.0,81404.0
7289,2020-08-20,16350.0,16450.0,16100.0,16150.0,48549.0
7290,2020-08-20,16100.0,16250.0,16050.0,16050.0,72275.0
7291,2020-08-20,16100.0,16200.0,16050.0,16150.0,46361.0
7292,2020-08-21,16500.0,16550.0,16400.0,16500.0,29638.0
7293,2020-08-21,16300.0,16600.0,16250.0,16500.0,84597.0
7294,2020-08-21,16250.0,16350.0,16200.0,16300.0,35502.0
7295,2020-08-21,16150.0,16400.0,16100.0,16300.0,53827.0
7296,2020-08-21,16050.0,16200.0,16000.0,16100.0,35469.0
7297,2020-08-21,16200.0,16250.0,16000.0,16050.0,43127.0
7298,2020-08-21,16450.0,16650.0,15900.0,16150.0,427089.0
7299,2020-08-24,17100.0,17650.0,16900.0,17300.0,367840.0
7300,2020-08-24,17300.0,17550.0,17250.0,17400.0,113995.0
7301,2020-08-24,17350.0,18300.0,17350.0,18150.0,413337.0
7302,2020-08-24,18150.0,19450.0,18050.0,18800.0,1549647.0
7303,2020-08-24,18800.0,19650.0,17050.0,17900.0,1624654.0
7304,2020-08-24,17900.0,18350.0,17800.0,18200.0,277921.0
7305,2020-08-24,18200.0,18350.0,18100.0,18300.0,135863.0
7306,2020-08-25,18600.0,18850.0,18500.0,18700.0,122297.0
7307,2020-08-25,18650.0,18700.0,18450.0,18650.0,72168.0
7308,2020-08-25,18700.0,18900.0,18700.0,18800.0,98191.0
7309,2020-08-25,18550.0,18600.0,18400.0,18600.0,81008.0
7310,2020-08-25,18400.0,18600.0,18250.0,18550.0,141803.0
7311,2020-08-25,18400.0,19000.0,18000.0,18400.0,632793.0
7312,2020-08-25,18600.0,18700.0,18450.0,18600.0,102508.0
7313,2020-08-26,19000.0,19300.0,18550.0,18700.0,284324.0
7314,2020-08-26,18700.0,18850.0,18500.0,18550.0,117204.0
7315,2020-08-26,18550.0,18650.0,18350.0,18500.0,88879.0
7316,2020-08-26,18500.0,18650.0,18300.0,18550.0,60578.0
7317,2020-08-26,18550.0,18600.0,18350.0,18450.0,57713.0
7318,2020-08-26,18350.0,18650.0,18350.0,18650.0,67153.0
7319,2020-08-26,18550.0,18950.0,18450.0,18950.0,94843.0
7320,2020-08-27,18800.0,18800.0,18650.0,18650.0,65563.0
7321,2020-08-27,19000.0,19000.0,18600.0,18750.0,102791.0
7322,2020-08-27,18750.0,18850.0,18600.0,18800.0,73186.0
7323,2020-08-27,18800.0,19100.0,18800.0,19000.0,62736.0
7324,2020-08-27,19150.0,19200.0,18750.0,18800.0,113816.0
7325,2020-08-27,19050.0,19300.0,18850.0,19150.0,290361.0
7326,2020-08-27,19000.0,19100.0,18900.0,19000.0,64304.0
7327,2020-08-28,20050.0,20150.0,19800.0,20000.0,120095.0
7328,2020-08-28,19700.0,19850.0,19400.0,19850.0,167192.0
7329,2020-08-28,19850.0,20450.0,19850.0,20050.0,580560.0
7330,2020-08-28,19550.0,19950.0,19500.0,19950.0,274889.0
7331,2020-08-28,19500.0,19700.0,19300.0,19600.0,201122.0
7332,2020-08-28,18900.0,19700.0,18850.0,19500.0,450543.0
7333,2020-08-28,19900.0,19950.0,19550.0,19700.0,108144.0
7334,2020-08-31,20200.0,20250.0,19500.0,19600.0,369216.0
7335,2020-08-31,19600.0,19750.0,19450.0,19600.0,168741.0
7336,2020-08-31,19600.0,19700.0,19400.0,19550.0,109099.0
7337,2020-08-31,19550.0,19650.0,19300.0,19550.0,94060.0
7338,2020-08-31,19550.0,19650.0,19300.0,19400.0,76883.0
7339,2020-08-31,19400.0,19650.0,19400.0,19650.0,52624.0
7340,2020-08-31,19650.0,19700.0,19550.0,19700.0,73884.0
7341,2020-09-01,18950.0,19200.0,18950.0,19150.0,78269.0
7342,2020-09-01,19150.0,19200.0,19100.0,19150.0,46728.0
7343,2020-09-01,18900.0,19000.0,18800.0,18950.0,90140.0
7344,2020-09-01,19200.0,19250.0,18850.0,19050.0,113857.0
7345,2020-09-01,19100.0,19150.0,18900.0,19100.0,73471.0
7346,2020-09-01,19050.0,19150.0,18850.0,18900.0,90684.0
7347,2020-09-01,19600.0,19600.0,18750.0,19200.0,338662.0
7348,2020-09-02,20300.0,20600.0,20200.0,20500.0,257796.0
7349,2020-09-02,20500.0,21000.0,20500.0,20650.0,321902.0
7350,2020-09-02,20600.0,20650.0,20300.0,20400.0,112371.0
7351,2020-09-02,20400.0,20650.0,20350.0,20500.0,100747.0
7352,2020-09-02,20550.0,20700.0,20350.0,20400.0,160400.0
7353,2020-09-02,20400.0,20450.0,20250.0,20400.0,107116.0
7354,2020-09-02,19400.0,20500.0,19150.0,20400.0,586138.0
7355,2020-09-03,21150.0,21200.0,21100.0,21150.0,57558.0
7356,2020-09-03,21050.0,21150.0,21000.0,21150.0,72652.0
7357,2020-09-03,21200.0,21250.0,20750.0,21050.0,104705.0
7358,2020-09-03,20800.0,20950.0,20550.0,20900.0,98082.0
7359,2020-09-03,20550.0,20950.0,20500.0,20750.0,184569.0
7360,2020-09-03,20150.0,20650.0,19850.0,20600.0,284427.0
7361,2020-09-03,20900.0,21400.0,20900.0,21200.0,232722.0
7362,2020-09-04,20500.0,20600.0,20450.0,20500.0,64806.0
7363,2020-09-04,20500.0,20550.0,20400.0,20550.0,34515.0
7364,2020-09-04,20450.0,20600.0,20450.0,20550.0,46145.0
7365,2020-09-04,20500.0,20700.0,20350.0,20550.0,128557.0
7366,2020-09-04,20500.0,20600.0,20300.0,20500.0,65222.0
7367,2020-09-04,20500.0,20750.0,20150.0,20550.0,383924.0
7368,2020-09-04,20550.0,20550.0,20400.0,20450.0,62791.0
7369,2020-09-07,20600.0,20750.0,20050.0,20300.0,182736.0
7370,2020-09-07,20350.0,20450.0,20150.0,20300.0,49628.0
7371,2020-09-07,20250.0,20400.0,20100.0,20150.0,53898.0
7372,2020-09-07,20150.0,20250.0,20000.0,20050.0,87289.0
7373,2020-09-07,20050.0,20250.0,20000.0,20100.0,45405.0
7374,2020-09-07,20100.0,20150.0,19800.0,19900.0,121271.0
7375,2020-09-07,19900.0,20100.0,19900.0,20050.0,38232.0
7376,2020-09-08,20000.0,20150.0,19900.0,20000.0,83384.0
7377,2020-09-08,20700.0,20850.0,20650.0,20750.0,56885.0
7378,2020-09-08,20700.0,20750.0,19950.0,20000.0,209593.0
7379,2020-09-08,20700.0,21300.0,20700.0,21150.0,177495.0
7380,2020-09-08,20550.0,21000.0,20350.0,20800.0,355550.0
7381,2020-09-08,20750.0,20950.0,20600.0,20750.0,102233.0
7382,2020-09-08,21150.0,21150.0,20650.0,20700.0,68798.0
7383,2020-09-09,19500.0,20300.0,19500.0,20100.0,140305.0
7384,2020-09-09,20100.0,20100.0,19750.0,19950.0,91668.0
7385,2020-09-09,19950.0,20000.0,19650.0,19750.0,51761.0
7386,2020-09-09,19700.0,19800.0,19600.0,19650.0,46871.0
7387,2020-09-09,19700.0,19850.0,19600.0,19750.0,44649.0
7388,2020-09-09,19750.0,19800.0,19550.0,19600.0,51692.0
7389,2020-09-09,19600.0,19800.0,19550.0,19800.0,22110.0
7390,2020-09-10,20250.0,20300.0,20150.0,20300.0,37904.0
7391,2020-09-10,20050.0,20250.0,19950.0,20250.0,44102.0
7392,2020-09-10,19950.0,20100.0,19900.0,20050.0,33707.0
7393,2020-09-10,20350.0,20450.0,19850.0,19900.0,159344.0
7394,2020-09-10,20000.0,20100.0,19850.0,20000.0,33286.0
7395,2020-09-10,19900.0,20000.0,19650.0,20000.0,67979.0
7396,2020-09-10,19950.0,20000.0,19850.0,19950.0,23739.0
7397,2020-09-11,20000.0,20250.0,19950.0,20250.0,28259.0
7398,2020-09-11,20250.0,20500.0,20200.0,20500.0,54116.0
7399,2020-09-11,19900.0,20050.0,19900.0,19950.0,22270.0
7400,2020-09-11,20000.0,20250.0,19800.0,19800.0,67319.0
7401,2020-09-11,19850.0,20000.0,19800.0,19950.0,21276.0
7402,2020-09-11,19800.0,20000.0,19800.0,19900.0,32583.0
7403,2020-09-11,19900.0,20000.0,19900.0,19900.0,9144.0
7404,2020-09-14,20750.0,20750.0,20300.0,20400.0,86437.0
7405,2020-09-14,20300.0,20400.0,20250.0,20350.0,38871.0
7406,2020-09-14,20350.0,20550.0,20300.0,20550.0,20636.0
7407,2020-09-14,20500.0,20600.0,20450.0,20500.0,30802.0
7408,2020-09-14,20500.0,20950.0,20450.0,20800.0,252352.0
7409,2020-09-14,20800.0,20900.0,20600.0,20700.0,66725.0
7410,2020-09-14,20700.0,20700.0,20500.0,20500.0,47253.0
7411,2020-09-15,21200.0,21350.0,21100.0,21350.0,48541.0
7412,2020-09-15,21200.0,21250.0,21050.0,21200.0,64649.0
7413,2020-09-15,21500.0,21550.0,21200.0,21250.0,68197.0
7414,2020-09-15,21500.0,21800.0,21300.0,21500.0,247674.0
7415,2020-09-15,21450.0,21650.0,21450.0,21500.0,53603.0
7416,2020-09-15,20900.0,21500.0,20700.0,21450.0,366992.0
7417,2020-09-15,21550.0,21600.0,21450.0,21500.0,39800.0
7418,2020-09-16,21350.0,21800.0,21200.0,21350.0,136846.0
7419,2020-09-16,21350.0,21500.0,21300.0,21400.0,38386.0
7420,2020-09-16,21400.0,21450.0,21050.0,21150.0,41071.0
7421,2020-09-16,21100.0,21150.0,20900.0,21100.0,57657.0
7422,2020-09-16,21050.0,21150.0,20950.0,20950.0,24013.0
7423,2020-09-16,20950.0,21000.0,20500.0,20600.0,96396.0
7424,2020-09-16,20650.0,20850.0,20600.0,20700.0,30185.0
7425,2020-09-17,20050.0,20150.0,20000.0,20100.0,25803.0
7426,2020-09-17,20100.0,20150.0,19950.0,20100.0,74277.0
7427,2020-09-17,20300.0,20300.0,20050.0,20050.0,48534.0
7428,2020-09-17,20750.0,20900.0,20450.0,20650.0,76916.0
7429,2020-09-17,20450.0,20550.0,20300.0,20450.0,26431.0
7430,2020-09-17,20650.0,20700.0,20400.0,20450.0,42514.0
7431,2020-09-17,20450.0,20500.0,20150.0,20350.0,50848.0
7432,2020-09-18,19700.0,19800.0,19650.0,19700.0,45095.0
7433,2020-09-18,19700.0,19900.0,19700.0,19900.0,29109.0
7434,2020-09-18,19850.0,19950.0,19700.0,19700.0,46401.0
7435,2020-09-18,20100.0,20400.0,19900.0,20050.0,62460.0
7436,2020-09-18,19750.0,20000.0,19750.0,20000.0,22416.0
7437,2020-09-18,20000.0,20100.0,19450.0,19750.0,87034.0
7438,2020-09-18,20000.0,20050.0,19800.0,19800.0,27403.0
7439,2020-09-21,19900.0,19950.0,19050.0,19350.0,177784.0
7440,2020-09-21,19350.0,19400.0,19000.0,19050.0,84418.0
7441,2020-09-21,19100.0,19150.0,18850.0,19100.0,130671.0
7442,2020-09-21,19100.0,19100.0,18850.0,19000.0,55090.0
7443,2020-09-21,19000.0,19550.0,18950.0,19250.0,147178.0
7444,2020-09-21,19300.0,19300.0,18800.0,19200.0,99750.0
7445,2020-09-21,19250.0,19350.0,19050.0,19050.0,50697.0
7446,2020-09-22,18450.0,18550.0,18250.0,18350.0,73872.0
7447,2020-09-22,18350.0,18550.0,18350.0,18550.0,24429.0
7448,2020-09-22,18150.0,18600.0,18050.0,18500.0,76995.0
7449,2020-09-22,19050.0,19050.0,18500.0,18550.0,130625.0
7450,2020-09-22,18350.0,18400.0,17850.0,18050.0,138778.0
7451,2020-09-22,18550.0,18750.0,18350.0,18350.0,73827.0
7452,2020-09-22,18050.0,18300.0,18000.0,18150.0,36666.0
7453,2020-09-23,18900.0,19100.0,18250.0,18250.0,91710.0
7454,2020-09-23,18250.0,18900.0,18100.0,18900.0,70148.0
7455,2020-09-23,18900.0,19000.0,18600.0,18700.0,24920.0
7456,2020-09-23,18650.0,18800.0,18550.0,18750.0,19578.0
7457,2020-09-23,18750.0,18950.0,18700.0,18950.0,41145.0
7458,2020-09-23,18950.0,19150.0,18700.0,19100.0,73122.0
7459,2020-09-23,19150.0,19150.0,18850.0,18850.0,45627.0
7460,2020-09-24,17700.0,17750.0,17450.0,17500.0,68165.0
7461,2020-09-24,17550.0,17800.0,17200.0,17700.0,153051.0
7462,2020-09-24,17950.0,18000.0,17500.0,17550.0,73780.0
7463,2020-09-24,17800.0,18100.0,17800.0,17900.0,27133.0
7464,2020-09-24,18200.0,18350.0,18000.0,18050.0,47829.0
7465,2020-09-24,18150.0,18550.0,18050.0,18200.0,135528.0
7466,2020-09-24,18050.0,18050.0,17750.0,17800.0,94436.0
7467,2020-09-25,17700.0,17950.0,17400.0,17750.0,80415.0
7468,2020-09-25,17750.0,17900.0,17550.0,17800.0,34924.0
7469,2020-09-25,17800.0,17850.0,17600.0,17750.0,19565.0
7470,2020-09-25,17750.0,17950.0,17750.0,17900.0,23003.0
7471,2020-09-25,17900.0,18000.0,17800.0,17850.0,18606.0
7472,2020-09-25,17850.0,17950.0,17800.0,17850.0,39507.0
7473,2020-09-25,17850.0,17900.0,17600.0,17600.0,21236.0
7474,2020-09-28,18550.0,18600.0,18500.0,18500.0,13485.0
7475,2020-09-28,18400.0,18500.0,18300.0,18500.0,31753.0
7476,2020-09-28,18500.0,18600.0,18450.0,18550.0,22565.0
7477,2020-09-28,18450.0,18700.0,18450.0,18450.0,27253.0
7478,2020-09-28,18000.0,18850.0,17950.0,18650.0,172353.0
7479,2020-09-28,18500.0,18550.0,18300.0,18450.0,40847.0
7480,2020-09-28,18700.0,18700.0,18450.0,18450.0,57353.0
7481,2020-09-29,18700.0,19050.0,18500.0,18950.0,103774.0
7482,2020-09-29,18950.0,19000.0,18750.0,18850.0,23561.0
7483,2020-09-29,18850.0,18900.0,18750.0,18800.0,17689.0
7484,2020-09-29,18800.0,18850.0,18700.0,18800.0,13560.0
7485,2020-09-29,18800.0,18850.0,18650.0,18850.0,22732.0
7486,2020-09-29,18850.0,18850.0,18650.0,18850.0,33591.0
7487,2020-09-29,18800.0,18900.0,18800.0,18900.0,22069.0
7488,2020-10-05,18750.0,18850.0,18700.0,18850.0,15972.0
7489,2020-10-05,18650.0,18850.0,18600.0,18750.0,32586.0
7490,2020-10-05,18700.0,18750.0,18650.0,18650.0,25349.0
7491,2020-10-05,18900.0,18900.0,18650.0,18700.0,31972.0
7492,2020-10-05,18700.0,18800.0,18650.0,18750.0,17729.0
7493,2020-10-05,19150.0,19150.0,18700.0,18900.0,56630.0
7494,2020-10-05,18700.0,18850.0,18700.0,18700.0,17115.0
7495,2020-10-06,18750.0,18800.0,18600.0,18700.0,37154.0
7496,2020-10-06,18750.0,18750.0,18650.0,18750.0,10839.0
7497,2020-10-06,18700.0,18850.0,18700.0,18750.0,12856.0
7498,2020-10-06,18800.0,18850.0,18750.0,18750.0,17144.0
7499,2020-10-06,18800.0,18800.0,18650.0,18700.0,18765.0
7500,2020-10-06,19000.0,19000.0,18750.0,18800.0,38808.0
7501,2020-10-06,18650.0,18800.0,18650.0,18700.0,9590.0
7502,2020-10-07,18650.0,18900.0,18500.0,18800.0,37151.0
7503,2020-10-07,18800.0,18950.0,18750.0,18950.0,30160.0
7504,2020-10-07,18950.0,19000.0,18650.0,18700.0,38976.0
7505,2020-10-07,18700.0,18800.0,18600.0,18750.0,19490.0
7506,2020-10-07,18750.0,18800.0,18700.0,18700.0,8293.0
7507,2020-10-07,18700.0,18800.0,18700.0,18800.0,7355.0
7508,2020-10-07,18750.0,18850.0,18700.0,18800.0,16764.0
7509,2020-10-08,18550.0,18600.0,18450.0,18500.0,34790.0
7510,2020-10-08,18500.0,18550.0,18450.0,18450.0,13350.0
7511,2020-10-08,18550.0,18600.0,18500.0,18550.0,9427.0
7512,2020-10-08,18650.0,18750.0,18450.0,18600.0,50866.0
7513,2020-10-08,18550.0,18600.0,18450.0,18550.0,19274.0
7514,2020-10-08,18950.0,18950.0,18600.0,18650.0,59983.0
7515,2020-10-08,18500.0,18600.0,18500.0,18550.0,11479.0
7516,2020-10-12,18550.0,18650.0,18400.0,18600.0,50469.0
7517,2020-10-12,18600.0,18800.0,18550.0,18750.0,39083.0
7518,2020-10-12,18700.0,18750.0,18650.0,18700.0,13733.0
7519,2020-10-12,18700.0,18700.0,18600.0,18650.0,9589.0
7520,2020-10-12,18700.0,18850.0,18550.0,18850.0,35992.0
7521,2020-10-12,18850.0,18850.0,18700.0,18700.0,22081.0
7522,2020-10-12,18750.0,18800.0,18700.0,18700.0,13251.0
7523,2020-10-13,19450.0,19450.0,19300.0,19350.0,28538.0
7524,2020-10-13,19250.0,19500.0,19250.0,19450.0,76946.0
7525,2020-10-13,19200.0,19300.0,19100.0,19250.0,54211.0
7526,2020-10-13,19100.0,19300.0,19100.0,19250.0,64173.0
7527,2020-10-13,19300.0,19400.0,19200.0,19350.0,58164.0
7528,2020-10-13,19300.0,19650.0,19150.0,19300.0,295235.0
7529,2020-10-13,19350.0,19350.0,18850.0,19100.0,82094.0
7530,2020-10-14,19600.0,19850.0,19450.0,19700.0,223830.0
7531,2020-10-14,19750.0,19850.0,19500.0,19550.0,69512.0
7532,2020-10-14,19550.0,19600.0,19400.0,19500.0,54959.0
7533,2020-10-14,19500.0,19750.0,19450.0,19650.0,38673.0
7534,2020-10-14,19650.0,19750.0,19500.0,19550.0,30654.0
7535,2020-10-14,19550.0,19600.0,19300.0,19500.0,54081.0
7536,2020-10-14,19500.0,19500.0,19400.0,19400.0,16639.0
7537,2020-10-15,18750.0,19200.0,18700.0,19200.0,41288.0
7538,2020-10-15,19000.0,19000.0,18700.0,18750.0,57382.0
7539,2020-10-15,19250.0,19300.0,19100.0,19200.0,25619.0
7540,2020-10-15,19150.0,19200.0,19000.0,19050.0,18265.0
7541,2020-10-15,19100.0,19250.0,19000.0,19150.0,30008.0
7542,2020-10-15,19050.0,19050.0,18950.0,18950.0,22931.0
7543,2020-10-15,19500.0,19500.0,18800.0,19100.0,95235.0
7544,2020-10-16,19100.0,19900.0,19100.0,19900.0,94441.0
7545,2020-10-16,18950.0,19150.0,18900.0,19150.0,27493.0
7546,2020-10-16,19050.0,19150.0,18800.0,18900.0,43591.0
7547,2020-10-16,19250.0,19350.0,19150.0,19150.0,34576.0
7548,2020-10-16,19150.0,19300.0,19100.0,19250.0,30051.0
7549,2020-10-16,19450.0,19450.0,18950.0,19300.0,59646.0
7550,2020-10-16,19250.0,19300.0,19050.0,19050.0,27008.0
7551,2020-10-19,19750.0,20100.0,19200.0,19250.0,279299.0
7552,2020-10-19,19250.0,19450.0,19200.0,19350.0,36871.0
7553,2020-10-19,19350.0,19400.0,19250.0,19250.0,29459.0
7554,2020-10-19,19300.0,19300.0,19200.0,19200.0,25851.0
7555,2020-10-19,19200.0,19300.0,19000.0,19000.0,60773.0
7556,2020-10-19,19000.0,19050.0,18500.0,18650.0,126224.0
7557,2020-10-19,18700.0,18800.0,18550.0,18750.0,46514.0
7558,2020-10-20,18200.0,18300.0,18200.0,18250.0,24464.0
7559,2020-10-20,18100.0,18250.0,18050.0,18250.0,37719.0
7560,2020-10-20,17850.0,18250.0,17800.0,18150.0,59427.0
7561,2020-10-20,18000.0,18050.0,17750.0,17900.0,67250.0
7562,2020-10-20,18350.0,18450.0,17900.0,18000.0,99651.0
7563,2020-10-20,18550.0,18800.0,18250.0,18300.0,88677.0
7564,2020-10-20,17850.0,18000.0,17800.0,17850.0,29525.0
7565,2020-10-21,18450.0,18550.0,18200.0,18250.0,70619.0
7566,2020-10-21,18250.0,18750.0,18250.0,18600.0,39394.0
7567,2020-10-21,18600.0,18650.0,18500.0,18650.0,10401.0
7568,2020-10-21,18650.0,18650.0,18550.0,18600.0,6632.0
7569,2020-10-21,18600.0,18600.0,18500.0,18600.0,7260.0
7570,2020-10-21,18600.0,18600.0,18400.0,18550.0,17744.0
7571,2020-10-21,18500.0,18500.0,18350.0,18400.0,17904.0
7572,2020-10-22,18100.0,18200.0,18000.0,18050.0,15951.0
7573,2020-10-22,18050.0,18100.0,18000.0,18000.0,34395.0
7574,2020-10-22,18000.0,18100.0,18000.0,18100.0,13385.0
7575,2020-10-22,18050.0,18100.0,17950.0,18000.0,22225.0
7576,2020-10-22,18150.0,18200.0,18000.0,18050.0,20499.0
7577,2020-10-22,18100.0,18300.0,18000.0,18150.0,26929.0
7578,2020-10-22,18200.0,18400.0,18100.0,18100.0,35164.0
7579,2020-10-23,17850.0,18000.0,17850.0,18000.0,10145.0
7580,2020-10-23,17900.0,17950.0,17850.0,17850.0,13708.0
7581,2020-10-23,17900.0,17950.0,17800.0,17900.0,21471.0
7582,2020-10-23,18250.0,18350.0,17750.0,17850.0,50326.0
7583,2020-10-23,17850.0,18000.0,17800.0,17950.0,13461.0
7584,2020-10-23,17850.0,17900.0,17750.0,17850.0,30906.0
7585,2020-10-23,17900.0,18000.0,17850.0,17900.0,13702.0
7586,2020-10-26,17750.0,18000.0,17750.0,17800.0,37431.0
7587,2020-10-26,17800.0,17850.0,17550.0,17550.0,62369.0
7588,2020-10-26,17600.0,17700.0,17500.0,17550.0,24722.0
7589,2020-10-26,17550.0,17600.0,17250.0,17250.0,62122.0
7590,2020-10-26,17250.0,17400.0,17150.0,17200.0,64224.0
7591,2020-10-26,17150.0,17300.0,17050.0,17100.0,71883.0
7592,2020-10-26,17100.0,17150.0,17050.0,17150.0,21217.0
7593,2020-10-27,17250.0,17450.0,17250.0,17350.0,7078.0
7594,2020-10-27,17500.0,17500.0,17200.0,17250.0,18784.0
7595,2020-10-27,17700.0,17700.0,17350.0,17450.0,21414.0
7596,2020-10-27,17650.0,17800.0,17600.0,17700.0,4583.0
7597,2020-10-27,17450.0,17750.0,17450.0,17700.0,38994.0
7598,2020-10-27,17700.0,17900.0,17600.0,17650.0,19677.0
7599,2020-10-27,16850.0,17800.0,16650.0,17500.0,92286.0
7600,2020-10-28,17400.0,17550.0,17200.0,17450.0,17886.0
7601,2020-10-28,17450.0,17700.0,17450.0,17550.0,14514.0
7602,2020-10-28,17550.0,17600.0,17500.0,17550.0,5430.0
7603,2020-10-28,17550.0,17600.0,17450.0,17450.0,9824.0
7604,2020-10-28,17450.0,17600.0,17400.0,17550.0,13267.0
7605,2020-10-28,17550.0,17600.0,17450.0,17600.0,9453.0
7606,2020-10-28,17600.0,17750.0,17600.0,17700.0,8710.0
7607,2020-10-29,17500.0,17650.0,17450.0,17600.0,12799.0
7608,2020-10-29,17600.0,17650.0,17550.0,17650.0,9507.0
7609,2020-10-29,17350.0,17500.0,17250.0,17500.0,9185.0
7610,2020-10-29,17450.0,17500.0,17300.0,17350.0,14708.0
7611,2020-10-29,17400.0,17500.0,17350.0,17500.0,7125.0
7612,2020-10-29,17300.0,17500.0,17250.0,17400.0,31966.0
7613,2020-10-29,17350.0,17400.0,17250.0,17350.0,12403.0
7614,2020-10-30,17700.0,17700.0,17250.0,17400.0,49458.0
7615,2020-10-30,17400.0,17450.0,17300.0,17350.0,11558.0
7616,2020-10-30,17350.0,17400.0,17300.0,17300.0,11387.0
7617,2020-10-30,17300.0,17400.0,17250.0,17300.0,19962.0
7618,2020-10-30,17350.0,17350.0,17250.0,17250.0,6551.0
7619,2020-10-30,17300.0,17300.0,17150.0,17150.0,22205.0
7620,2020-10-30,17150.0,17200.0,17050.0,17100.0,23500.0
7621,2020-11-02,17150.0,17150.0,17000.0,17000.0,11675.0
7622,2020-11-02,17150.0,17150.0,17000.0,17150.0,9037.0
7623,2020-11-02,17150.0,17200.0,17100.0,17150.0,7560.0
7624,2020-11-02,17200.0,17200.0,16700.0,17050.0,46799.0
7625,2020-11-02,17200.0,17350.0,17150.0,17150.0,19856.0
7626,2020-11-02,17050.0,17200.0,17000.0,17200.0,12133.0
7627,2020-11-02,17150.0,17200.0,17100.0,17150.0,2449.0
7628,2020-11-03,17100.0,17150.0,16950.0,17000.0,31725.0
7629,2020-11-03,17000.0,17100.0,16950.0,17100.0,29467.0
7630,2020-11-03,17100.0,17150.0,17050.0,17050.0,8147.0
7631,2020-11-03,17200.0,17250.0,17050.0,17100.0,34378.0
7632,2020-11-03,17000.0,17100.0,17000.0,17000.0,19558.0
7633,2020-11-03,17100.0,17150.0,17000.0,17050.0,36151.0
7634,2020-11-03,17000.0,17150.0,17000.0,17150.0,21378.0
7635,2020-11-04,17200.0,17250.0,16900.0,16900.0,56981.0
7636,2020-11-04,16900.0,17000.0,16850.0,16950.0,35819.0
7637,2020-11-04,17000.0,17000.0,16800.0,16850.0,43610.0
7638,2020-11-04,16850.0,17100.0,16850.0,16950.0,33827.0
7639,2020-11-04,16950.0,17100.0,16950.0,16950.0,19607.0
7640,2020-11-04,16950.0,17100.0,16900.0,16950.0,37852.0
7641,2020-11-04,17000.0,17050.0,16950.0,17050.0,20028.0
7642,2020-11-05,17250.0,17450.0,17250.0,17300.0,18358.0
7643,2020-11-05,17300.0,17350.0,17250.0,17350.0,20117.0
7644,2020-11-05,17300.0,17450.0,17250.0,17250.0,32586.0
7645,2020-11-05,17200.0,17350.0,17200.0,17300.0,13184.0
7646,2020-11-05,17250.0,17350.0,17200.0,17200.0,22510.0
7647,2020-11-05,17250.0,17350.0,17250.0,17250.0,21031.0
7648,2020-11-05,17200.0,17450.0,17050.0,17300.0,58647.0
7649,2020-11-06,17500.0,17600.0,17250.0,17250.0,37377.0
7650,2020-11-06,17250.0,17350.0,17150.0,17300.0,18885.0
7651,2020-11-06,17300.0,17300.0,17150.0,17200.0,14274.0
7652,2020-11-06,17200.0,17250.0,17150.0,17150.0,13768.0
7653,2020-11-06,17150.0,17300.0,17100.0,17100.0,26406.0
7654,2020-11-06,17100.0,17150.0,16950.0,17150.0,42827.0
7655,2020-11-06,17150.0,17300.0,17100.0,17300.0,7998.0
7656,2020-11-09,17350.0,17400.0,17350.0,17400.0,16686.0
7657,2020-11-09,17450.0,17450.0,17350.0,17350.0,9892.0
7658,2020-11-09,17500.0,17500.0,17350.0,17450.0,22777.0
7659,2020-11-09,17450.0,17500.0,17200.0,17300.0,55634.0
7660,2020-11-09,17300.0,17400.0,17250.0,17350.0,23520.0
7661,2020-11-09,17300.0,17450.0,17300.0,17300.0,30514.0
7662,2020-11-09,17400.0,17500.0,17350.0,17500.0,23498.0
7663,2020-11-10,17100.0,17200.0,17100.0,17200.0,13935.0
7664,2020-11-10,17200.0,17250.0,17150.0,17250.0,6936.0
7665,2020-11-10,17100.0,17250.0,17050.0,17100.0,15579.0
7666,2020-11-10,17450.0,17450.0,17000.0,17100.0,76801.0
7667,2020-11-10,17150.0,17200.0,17050.0,17100.0,24307.0
7668,2020-11-10,17150.0,17200.0,17050.0,17150.0,19391.0
7669,2020-11-10,17100.0,17150.0,17050.0,17100.0,12703.0
7670,2020-11-11,17150.0,17350.0,17000.0,17100.0,50123.0
7671,2020-11-11,17050.0,17150.0,17000.0,17050.0,38697.0
7672,2020-11-11,17050.0,17150.0,17000.0,17050.0,27999.0
7673,2020-11-11,17050.0,17100.0,17000.0,17050.0,30023.0
7674,2020-11-11,17050.0,17100.0,17000.0,17000.0,19305.0
7675,2020-11-11,17000.0,17100.0,17000.0,17000.0,22904.0
7676,2020-11-11,17050.0,17100.0,17000.0,17100.0,8699.0
7677,2020-11-12,17200.0,17350.0,17050.0,17250.0,67727.0
7678,2020-11-12,17350.0,17500.0,17250.0,17500.0,36664.0
7679,2020-11-12,17200.0,17200.0,17150.0,17200.0,8381.0
7680,2020-11-12,17300.0,17300.0,17150.0,17150.0,14727.0
7681,2020-11-12,17300.0,17350.0,17200.0,17250.0,23983.0
7682,2020-11-12,17300.0,17350.0,17200.0,17250.0,16374.0
7683,2020-11-12,17150.0,17300.0,17100.0,17300.0,32786.0
7684,2020-11-13,18000.0,18000.0,17250.0,17550.0,175638.0
7685,2020-11-13,17450.0,17450.0,17300.0,17350.0,48826.0
7686,2020-11-13,17350.0,17500.0,17350.0,17400.0,11057.0
7687,2020-11-13,17400.0,17500.0,17350.0,17450.0,16350.0
7688,2020-11-13,17400.0,17500.0,17350.0,17500.0,18911.0
7689,2020-11-13,17500.0,17500.0,17350.0,17400.0,26458.0
7690,2020-11-13,17450.0,17500.0,17350.0,17500.0,28212.0
7691,2020-11-16,17150.0,17200.0,17100.0,17150.0,17666.0
7692,2020-11-16,17100.0,17200.0,17100.0,17150.0,27720.0
7693,2020-11-16,17200.0,17250.0,17100.0,17100.0,29964.0
7694,2020-11-16,17500.0,17500.0,17300.0,17450.0,59433.0
7695,2020-11-16,17400.0,17450.0,17250.0,17250.0,43878.0
7696,2020-11-16,17450.0,17500.0,17350.0,17400.0,26760.0
7697,2020-11-16,17300.0,17300.0,17150.0,17200.0,36225.0
7698,2020-11-17,17250.0,17250.0,17100.0,17100.0,28213.0
7699,2020-11-17,17100.0,17150.0,17100.0,17100.0,9894.0
7700,2020-11-17,17200.0,17250.0,17150.0,17250.0,9618.0
7701,2020-11-17,17200.0,17400.0,17150.0,17350.0,37051.0
7702,2020-11-17,17200.0,17300.0,17150.0,17250.0,10382.0
7703,2020-11-17,17350.0,17400.0,17200.0,17200.0,23737.0
7704,2020-11-17,17300.0,17300.0,17150.0,17200.0,12129.0
7705,2020-11-18,17250.0,17400.0,17150.0,17350.0,36647.0
7706,2020-11-18,17350.0,17400.0,17300.0,17350.0,24337.0
7707,2020-11-18,17300.0,17350.0,17250.0,17350.0,16221.0
7708,2020-11-18,17300.0,17350.0,17300.0,17350.0,11245.0
7709,2020-11-18,17300.0,17350.0,17300.0,17350.0,8916.0
7710,2020-11-18,17300.0,17350.0,17250.0,17300.0,24332.0
7711,2020-11-18,17300.0,17300.0,17200.0,17300.0,13133.0
7712,2020-11-19,17950.0,18000.0,17900.0,18000.0,31633.0
7713,2020-11-19,17900.0,18000.0,17900.0,17950.0,50688.0
7714,2020-11-19,17950.0,18000.0,17900.0,17900.0,24072.0
7715,2020-11-19,17350.0,18150.0,17300.0,18100.0,179571.0
7716,2020-11-19,17850.0,17900.0,17700.0,17800.0,47173.0
7717,2020-11-19,18100.0,18100.0,17800.0,17850.0,110882.0
7718,2020-11-19,17800.0,18000.0,17750.0,17950.0,40723.0
7719,2020-11-20,17850.0,17850.0,17600.0,17650.0,73204.0
7720,2020-11-20,17650.0,17700.0,17600.0,17700.0,27248.0
7721,2020-11-20,17700.0,17750.0,17650.0,17700.0,11454.0
7722,2020-11-20,17700.0,17800.0,17600.0,17650.0,36936.0
7723,2020-11-20,17650.0,17750.0,17600.0,17700.0,10112.0
7724,2020-11-20,17700.0,17750.0,17650.0,17700.0,11302.0
7725,2020-11-20,17700.0,17750.0,17650.0,17700.0,12600.0
7726,2020-11-23,18050.0,18100.0,17950.0,18100.0,37706.0
7727,2020-11-23,17600.0,17650.0,17500.0,17600.0,18530.0
7728,2020-11-23,17600.0,18100.0,17500.0,18000.0,96334.0
7729,2020-11-23,17650.0,17700.0,17550.0,17650.0,17457.0
7730,2020-11-23,17650.0,17700.0,17500.0,17650.0,22877.0
7731,2020-11-23,17650.0,17700.0,17450.0,17650.0,61557.0
7732,2020-11-23,17650.0,17700.0,17550.0,17550.0,17679.0
7733,2020-11-24,18100.0,18150.0,18050.0,18100.0,15312.0
7734,2020-11-24,18150.0,18200.0,18050.0,18050.0,36691.0
7735,2020-11-24,18050.0,18150.0,18050.0,18050.0,14993.0
7736,2020-11-24,18150.0,18250.0,18100.0,18150.0,30629.0
7737,2020-11-24,18250.0,18300.0,18150.0,18150.0,36918.0
7738,2020-11-24,18150.0,18250.0,18150.0,18200.0,17952.0
7739,2020-11-24,18450.0,18500.0,18150.0,18250.0,138011.0
7740,2020-11-25,17700.0,17750.0,17650.0,17700.0,16630.0
7741,2020-11-25,18250.0,18300.0,17900.0,17900.0,58727.0
7742,2020-11-25,17900.0,17950.0,17800.0,17800.0,44023.0
7743,2020-11-25,17850.0,17900.0,17700.0,17700.0,41216.0
7744,2020-11-25,17750.0,17800.0,17650.0,17700.0,28890.0
7745,2020-11-25,17700.0,18050.0,17700.0,17750.0,41667.0
7746,2020-11-25,17750.0,17850.0,17600.0,17700.0,56141.0
7747,2020-11-26,17650.0,17750.0,17600.0,17650.0,24280.0
7748,2020-11-26,17650.0,17700.0,17650.0,17700.0,11579.0
7749,2020-11-26,17650.0,17750.0,17650.0,17650.0,11616.0
7750,2020-11-26,17600.0,17850.0,17600.0,17700.0,25452.0
7751,2020-11-26,17700.0,17750.0,17650.0,17750.0,8909.0
7752,2020-11-26,17700.0,17750.0,17600.0,17700.0,26991.0
7753,2020-11-26,17750.0,17750.0,17650.0,17650.0,13917.0
7754,2020-11-27,17650.0,17800.0,17600.0,17750.0,24708.0
7755,2020-11-27,17800.0,17800.0,17700.0,17750.0,22967.0
7756,2020-11-27,17750.0,17750.0,17700.0,17700.0,10230.0
7757,2020-11-27,17750.0,17750.0,17650.0,17700.0,14567.0
7758,2020-11-27,17700.0,17850.0,17700.0,17850.0,17529.0
7759,2020-11-27,17850.0,17900.0,17750.0,17750.0,17444.0
7760,2020-11-27,17800.0,17800.0,17750.0,17800.0,6931.0
7761,2020-11-30,17650.0,17700.0,17550.0,17550.0,15719.0
7762,2020-11-30,17700.0,17750.0,17550.0,17650.0,21719.0
7763,2020-11-30,17750.0,17800.0,17600.0,17700.0,16466.0
7764,2020-11-30,17800.0,17800.0,17550.0,17750.0,43774.0
7765,2020-11-30,17600.0,17650.0,17550.0,17600.0,22455.0
7766,2020-11-30,17750.0,17750.0,17600.0,17650.0,10331.0
7767,2020-11-30,17600.0,17800.0,17600.0,17750.0,14157.0
7768,2020-12-01,17650.0,17700.0,17600.0,17700.0,20420.0
7769,2020-12-01,17700.0,17700.0,17650.0,17650.0,14382.0
7770,2020-12-01,17600.0,17650.0,17600.0,17650.0,10881.0
7771,2020-12-01,17650.0,17750.0,17550.0,17700.0,22765.0
7772,2020-12-01,17650.0,17700.0,17600.0,17700.0,17344.0
7773,2020-12-01,17650.0,17800.0,17650.0,17650.0,15119.0
7774,2020-12-01,17650.0,17700.0,17600.0,17650.0,7616.0
7775,2020-12-02,17700.0,17850.0,17600.0,17700.0,58682.0
7776,2020-12-02,17700.0,17750.0,17600.0,17650.0,27893.0
7777,2020-12-02,17650.0,17700.0,17600.0,17650.0,26590.0
7778,2020-12-02,17650.0,18000.0,17600.0,17900.0,77170.0
7779,2020-12-02,17900.0,18100.0,17900.0,18000.0,69614.0
7780,2020-12-02,17950.0,18000.0,17850.0,17850.0,33733.0
7781,2020-12-02,17850.0,17900.0,17800.0,17900.0,14429.0
7782,2020-12-03,17600.0,17600.0,17550.0,17550.0,16285.0
7783,2020-12-03,17650.0,17700.0,17550.0,17550.0,44490.0
7784,2020-12-03,17700.0,17700.0,17600.0,17600.0,15464.0
7785,2020-12-03,17900.0,17900.0,17550.0,17650.0,50718.0
7786,2020-12-03,17650.0,17750.0,17600.0,17650.0,18400.0
7787,2020-12-03,17650.0,17700.0,17600.0,17650.0,12522.0
7788,2020-12-03,17650.0,17700.0,17600.0,17700.0,12917.0
7789,2020-12-04,17450.0,17600.0,17400.0,17550.0,32415.0
7790,2020-12-04,17550.0,17550.0,17250.0,17350.0,54135.0
7791,2020-12-04,17350.0,17400.0,17250.0,17350.0,25016.0
7792,2020-12-04,17350.0,17450.0,17300.0,17400.0,18362.0
7793,2020-12-04,17400.0,17450.0,17300.0,17350.0,14959.0
7794,2020-12-04,17350.0,17500.0,17300.0,17500.0,36023.0
7795,2020-12-04,17500.0,17600.0,17500.0,17550.0,19826.0
7796,2020-12-07,17200.0,17250.0,17200.0,17250.0,12181.0
7797,2020-12-07,17200.0,17300.0,17150.0,17250.0,23512.0
7798,2020-12-07,17300.0,17300.0,17200.0,17200.0,13524.0
7799,2020-12-07,17250.0,17300.0,17200.0,17200.0,9875.0
7800,2020-12-07,17350.0,17400.0,17150.0,17250.0,63533.0
7801,2020-12-07,17650.0,17650.0,17250.0,17350.0,44771.0
7802,2020-12-07,17250.0,17300.0,17150.0,17150.0,20363.0
7803,2020-12-08,17000.0,17050.0,16950.0,17050.0,21681.0
7804,2020-12-08,17000.0,17100.0,16950.0,17050.0,16484.0
7805,2020-12-08,17050.0,17100.0,17000.0,17000.0,10049.0
7806,2020-12-08,17100.0,17150.0,17050.0,17100.0,25291.0
7807,2020-12-08,17200.0,17250.0,17050.0,17100.0,27217.0
7808,2020-12-08,17100.0,17100.0,16950.0,17000.0,51977.0
7809,2020-12-08,17300.0,17350.0,17150.0,17200.0,28360.0
7810,2020-12-09,16900.0,16950.0,16850.0,16900.0,21884.0
7811,2020-12-09,16900.0,17050.0,16850.0,16900.0,54065.0
7812,2020-12-09,16900.0,17000.0,16850.0,16950.0,21882.0
7813,2020-12-09,16950.0,17000.0,16900.0,16950.0,20010.0
7814,2020-12-09,17000.0,17050.0,16950.0,16950.0,16018.0
7815,2020-12-09,17000.0,17000.0,16900.0,16950.0,17981.0
7816,2020-12-09,17000.0,17000.0,16850.0,16900.0,52636.0
7817,2020-12-10,17000.0,17200.0,16900.0,17050.0,63081.0
7818,2020-12-10,17100.0,17100.0,16950.0,17000.0,11125.0
7819,2020-12-10,16950.0,17000.0,16900.0,16950.0,18891.0
7820,2020-12-10,16850.0,17100.0,16850.0,16900.0,31875.0
7821,2020-12-10,16950.0,17000.0,16900.0,16900.0,14814.0
7822,2020-12-10,16950.0,17000.0,16950.0,16950.0,11827.0
7823,2020-12-10,16900.0,16950.0,16900.0,16950.0,13099.0
7824,2020-12-11,17250.0,17400.0,17150.0,17150.0,40848.0
7825,2020-12-11,17150.0,17250.0,17150.0,17200.0,21565.0
7826,2020-12-11,17200.0,17300.0,17200.0,17250.0,15459.0
7827,2020-12-11,17200.0,17350.0,17200.0,17350.0,19587.0
7828,2020-12-11,17300.0,17450.0,17300.0,17400.0,33200.0
7829,2020-12-11,17400.0,17450.0,17350.0,17450.0,20577.0
7830,2020-12-11,17450.0,17450.0,17350.0,17350.0,13658.0
7831,2020-12-14,17700.0,17700.0,17600.0,17650.0,16962.0
7832,2020-12-14,17550.0,17700.0,17500.0,17700.0,46604.0
7833,2020-12-14,17600.0,17650.0,17500.0,17550.0,19595.0
7834,2020-12-14,17500.0,17600.0,17150.0,17450.0,65192.0
7835,2020-12-14,17400.0,17600.0,17400.0,17600.0,39120.0
7836,2020-12-14,17450.0,17450.0,17300.0,17400.0,22508.0
7837,2020-12-14,17600.0,17650.0,17500.0,17600.0,31318.0
7838,2020-12-15,17800.0,17950.0,17800.0,17900.0,26466.0
7839,2020-12-15,17900.0,17950.0,17850.0,17950.0,26703.0
7840,2020-12-15,17900.0,17900.0,17750.0,17850.0,23436.0
7841,2020-12-15,17850.0,18050.0,17650.0,17750.0,113126.0
7842,2020-12-15,17850.0,17950.0,17800.0,17900.0,17827.0
7843,2020-12-15,17750.0,18100.0,17750.0,17850.0,84255.0
7844,2020-12-15,17900.0,17950.0,17850.0,17850.0,20567.0
7845,2020-12-16,17850.0,18000.0,17750.0,17800.0,38884.0
7846,2020-12-16,17800.0,17900.0,17700.0,17850.0,44460.0
7847,2020-12-16,17850.0,17900.0,17800.0,17900.0,14214.0
7848,2020-12-16,17900.0,18600.0,17850.0,18550.0,292412.0
7849,2020-12-16,18550.0,18600.0,18400.0,18500.0,89390.0
7850,2020-12-16,18500.0,18550.0,18350.0,18400.0,56648.0
7851,2020-12-16,18450.0,18500.0,18350.0,18500.0,30252.0
7852,2020-12-17,18700.0,18700.0,18550.0,18600.0,32381.0
7853,2020-12-17,18600.0,18650.0,18450.0,18500.0,41652.0
7854,2020-12-17,18600.0,18750.0,18550.0,18700.0,105589.0
7855,2020-12-17,18550.0,18600.0,18350.0,18550.0,107973.0
7856,2020-12-17,18500.0,18600.0,18400.0,18600.0,38172.0
7857,2020-12-17,18500.0,18600.0,18450.0,18500.0,54568.0
7858,2020-12-17,18600.0,18600.0,18500.0,18600.0,25518.0
7859,2020-12-18,18550.0,18650.0,18400.0,18550.0,52506.0
7860,2020-12-18,18550.0,18550.0,18400.0,18550.0,40252.0
7861,2020-12-18,18550.0,18600.0,18500.0,18550.0,17359.0
7862,2020-12-18,18500.0,18600.0,18500.0,18550.0,22204.0
7863,2020-12-18,18550.0,18600.0,18500.0,18550.0,18263.0
7864,2020-12-18,18550.0,18550.0,18450.0,18500.0,20189.0
7865,2020-12-18,18500.0,18550.0,18450.0,18550.0,19049.0
7866,2020-12-21,18200.0,18200.0,18050.0,18050.0,53662.0
7867,2020-12-21,18250.0,18250.0,18150.0,18200.0,30861.0
7868,2020-12-21,18300.0,18300.0,18150.0,18250.0,16622.0
7869,2020-12-21,18250.0,18350.0,18200.0,18250.0,18606.0
7870,2020-12-21,18350.0,18400.0,18200.0,18250.0,31087.0
7871,2020-12-21,18700.0,18750.0,18250.0,18350.0,87687.0
7872,2020-12-21,18250.0,18300.0,18100.0,18300.0,22065.0
7873,2020-12-22,18050.0,18400.0,18050.0,18350.0,69121.0
7874,2020-12-22,18350.0,19200.0,18300.0,18450.0,263450.0
7875,2020-12-22,18450.0,18550.0,18400.0,18550.0,31858.0
7876,2020-12-22,18550.0,18600.0,18500.0,18500.0,12715.0
7877,2020-12-22,18500.0,18600.0,18450.0,18500.0,17648.0
7878,2020-12-22,18500.0,18650.0,18100.0,18350.0,94725.0
7879,2020-12-22,18250.0,18400.0,18100.0,18150.0,28963.0
7880,2020-12-23,18400.0,18400.0,18250.0,18400.0,26837.0
7881,2020-12-23,18400.0,18450.0,18300.0,18300.0,18986.0
7882,2020-12-23,18550.0,18550.0,18250.0,18400.0,33493.0
7883,2020-12-23,18350.0,18550.0,18250.0,18550.0,55708.0
7884,2020-12-23,18250.0,18400.0,18250.0,18350.0,24967.0
7885,2020-12-23,18200.0,18300.0,18050.0,18250.0,45120.0
7886,2020-12-23,18350.0,18600.0,18200.0,18250.0,81466.0
7887,2020-12-24,18300.0,18650.0,18300.0,18650.0,72389.0
7888,2020-12-24,18650.0,18700.0,18500.0,18550.0,50797.0
7889,2020-12-24,18550.0,18600.0,18450.0,18550.0,15579.0
7890,2020-12-24,18550.0,18600.0,18450.0,18450.0,24695.0
7891,2020-12-24,18450.0,18500.0,18300.0,18350.0,43859.0
7892,2020-12-24,18350.0,18650.0,18250.0,18450.0,76552.0
7893,2020-12-24,18500.0,18550.0,18400.0,18550.0,23309.0
7894,2020-12-28,18500.0,18600.0,18500.0,18600.0,16647.0
7895,2020-12-28,18650.0,18650.0,18450.0,18500.0,52406.0
7896,2020-12-28,18700.0,18700.0,18600.0,18650.0,22150.0
7897,2020-12-28,18600.0,18750.0,18500.0,18600.0,111325.0
7898,2020-12-28,18550.0,18650.0,18550.0,18650.0,18632.0
7899,2020-12-28,18600.0,18650.0,18500.0,18600.0,29413.0
7900,2020-12-28,18650.0,18700.0,18600.0,18700.0,22820.0
7901,2020-12-29,18550.0,18800.0,18500.0,18800.0,65001.0
7902,2020-12-29,18800.0,18800.0,18650.0,18700.0,15457.0
7903,2020-12-29,18500.0,18550.0,18400.0,18500.0,12719.0
7904,2020-12-29,18600.0,18650.0,18450.0,18550.0,45194.0
7905,2020-12-29,18500.0,18550.0,18450.0,18500.0,16344.0
7906,2020-12-29,18550.0,18600.0,18450.0,18500.0,30781.0
7907,2020-12-29,18500.0,18550.0,18400.0,18500.0,11630.0
7908,2020-12-30,18600.0,18800.0,18600.0,18750.0,50319.0
7909,2020-12-30,18700.0,18800.0,18650.0,18700.0,32714.0
7910,2020-12-30,18700.0,18800.0,18650.0,18700.0,24763.0
7911,2020-12-30,18700.0,18750.0,18650.0,18650.0,15012.0
7912,2020-12-30,18650.0,18750.0,18650.0,18750.0,15888.0
7913,2020-12-30,18750.0,18750.0,18650.0,18750.0,45366.0
7914,2020-12-30,18750.0,18850.0,18700.0,18850.0,29446.0
7915,2021-01-04,18600.0,18600.0,18500.0,18550.0,17093.0
7916,2021-01-04,18500.0,18600.0,18500.0,18600.0,28642.0
7917,2021-01-04,18550.0,18600.0,18500.0,18550.0,47366.0
7918,2021-01-04,18500.0,18650.0,18450.0,18550.0,40084.0
7919,2021-01-04,18600.0,18650.0,18500.0,18500.0,91697.0
7920,2021-01-04,18950.0,19000.0,18550.0,18600.0,83473.0
7921,2021-01-05,18550.0,18650.0,18400.0,18500.0,60722.0
7922,2021-01-05,18500.0,18500.0,18300.0,18400.0,55822.0
7923,2021-01-05,18400.0,18450.0,18300.0,18350.0,32624.0
7924,2021-01-05,18350.0,18450.0,18300.0,18400.0,20396.0
7925,2021-01-05,18400.0,18500.0,18350.0,18400.0,19934.0
7926,2021-01-05,18400.0,18500.0,18300.0,18400.0,28193.0
7927,2021-01-05,18400.0,18500.0,18400.0,18500.0,24341.0
7928,2021-01-06,18500.0,18500.0,18350.0,18450.0,30248.0
7929,2021-01-06,18450.0,18550.0,18450.0,18500.0,26549.0
7930,2021-01-06,18500.0,18550.0,18400.0,18500.0,34401.0
7931,2021-01-06,18500.0,18950.0,18450.0,18500.0,127730.0
7932,2021-01-06,18450.0,18500.0,18400.0,18450.0,22416.0
7933,2021-01-06,18500.0,18550.0,18400.0,18450.0,35486.0
7934,2021-01-06,18450.0,18600.0,18450.0,18500.0,42260.0
7935,2021-01-07,18550.0,18750.0,18450.0,18700.0,76233.0
7936,2021-01-07,18700.0,18700.0,18650.0,18700.0,23133.0
7937,2021-01-07,18750.0,18750.0,18550.0,18550.0,66294.0
7938,2021-01-07,18500.0,19100.0,18500.0,18950.0,206620.0
7939,2021-01-07,18850.0,18900.0,18650.0,18700.0,58216.0
7940,2021-01-07,18950.0,18950.0,18800.0,18800.0,56177.0
7941,2021-01-07,18700.0,18800.0,18600.0,18750.0,39168.0
7942,2021-01-08,18750.0,18850.0,18550.0,18600.0,85629.0
7943,2021-01-08,18600.0,18700.0,18550.0,18650.0,44930.0
7944,2021-01-08,18650.0,18700.0,18550.0,18600.0,48923.0
7945,2021-01-08,18600.0,18700.0,18600.0,18700.0,30768.0
7946,2021-01-08,18700.0,18700.0,18550.0,18550.0,42434.0
7947,2021-01-08,18550.0,18800.0,18550.0,18750.0,102332.0
7948,2021-01-08,18700.0,18800.0,18700.0,18700.0,36421.0
7949,2021-01-11,18750.0,18850.0,18750.0,18850.0,20907.0
7950,2021-01-11,18550.0,18800.0,18550.0,18750.0,39283.0
7951,2021-01-11,18900.0,19000.0,18400.0,18600.0,175274.0
7952,2021-01-11,18950.0,19000.0,18650.0,18850.0,162599.0
7953,2021-01-11,18850.0,19250.0,18800.0,19050.0,258883.0
7954,2021-01-11,18950.0,19050.0,18750.0,18900.0,45272.0
7955,2021-01-11,19050.0,19100.0,18700.0,18950.0,143238.0
7956,2021-01-12,18950.0,19150.0,18850.0,19000.0,139535.0
7957,2021-01-12,19000.0,19500.0,18950.0,19300.0,171191.0
7958,2021-01-12,19300.0,19400.0,19250.0,19350.0,59354.0
7959,2021-01-12,19350.0,19350.0,19000.0,19000.0,73469.0
7960,2021-01-12,19000.0,19150.0,18850.0,18850.0,87753.0
7961,2021-01-12,18850.0,19250.0,18850.0,19250.0,42940.0
7962,2021-01-12,19200.0,19300.0,19200.0,19300.0,41140.0
7963,2021-01-13,19050.0,19050.0,18950.0,19000.0,18259.0
7964,2021-01-13,19050.0,19150.0,18950.0,19050.0,48857.0
7965,2021-01-13,19000.0,19100.0,18950.0,19100.0,38881.0
7966,2021-01-13,19250.0,19300.0,19000.0,19150.0,54680.0
7967,2021-01-13,19100.0,19200.0,19000.0,19050.0,33240.0
7968,2021-01-13,19550.0,19750.0,19150.0,19250.0,159210.0
7969,2021-01-13,19100.0,19200.0,19000.0,19000.0,31014.0
7970,2021-01-14,18800.0,18900.0,18750.0,18850.0,26895.0
7971,2021-01-14,18900.0,19000.0,18800.0,19000.0,27385.0
7972,2021-01-14,18850.0,18900.0,18750.0,18800.0,22377.0
7973,2021-01-14,18900.0,18900.0,18800.0,18800.0,30894.0
7974,2021-01-14,18800.0,18900.0,18800.0,18800.0,16943.0
7975,2021-01-14,18800.0,19100.0,18700.0,18850.0,61544.0
7976,2021-01-14,19150.0,19150.0,18800.0,18850.0,54434.0
7977,2021-01-15,19100.0,19100.0,18800.0,18800.0,76860.0
7978,2021-01-15,18800.0,18850.0,18600.0,18600.0,83673.0
7979,2021-01-15,18600.0,18700.0,18500.0,18600.0,55382.0
7980,2021-01-15,18650.0,18800.0,18550.0,18750.0,38136.0
7981,2021-01-15,18700.0,18800.0,18650.0,18700.0,15972.0
7982,2021-01-15,18700.0,18750.0,18600.0,18650.0,34845.0
7983,2021-01-15,18700.0,18700.0,18600.0,18650.0,20670.0
7984,2021-01-18,18250.0,18250.0,18150.0,18200.0,33755.0
7985,2021-01-18,18150.0,18400.0,18150.0,18250.0,27196.0
7986,2021-01-18,18150.0,18250.0,18050.0,18150.0,54193.0
7987,2021-01-18,18400.0,18450.0,18200.0,18200.0,43679.0
7988,2021-01-18,18450.0,18650.0,18350.0,18350.0,40260.0
7989,2021-01-18,18400.0,18450.0,18350.0,18400.0,13883.0
7990,2021-01-18,18300.0,18450.0,18050.0,18450.0,113227.0
7991,2021-01-19,18000.0,18400.0,17900.0,18200.0,95123.0
7992,2021-01-19,18150.0,18350.0,18100.0,18350.0,40464.0
7993,2021-01-19,18300.0,18400.0,18250.0,18400.0,24281.0
7994,2021-01-19,18400.0,18400.0,18200.0,18250.0,21929.0
7995,2021-01-19,18250.0,18250.0,18150.0,18200.0,21418.0
7996,2021-01-19,18200.0,18300.0,18150.0,18150.0,30747.0
7997,2021-01-19,18200.0,18200.0,18100.0,18100.0,26122.0
7998,2021-01-20,18200.0,18350.0,18150.0,18150.0,30759.0
7999,2021-01-20,18300.0,18350.0,18250.0,18250.0,23285.0
8000,2021-01-20,18150.0,18300.0,18150.0,18250.0,6714.0
8001,2021-01-20,18200.0,18200.0,18100.0,18150.0,18728.0
8002,2021-01-20,18250.0,18250.0,18100.0,18150.0,21412.0
8003,2021-01-20,18200.0,18300.0,18100.0,18200.0,39822.0
8004,2021-01-20,18150.0,18400.0,18150.0,18300.0,32818.0
8005,2021-01-21,18450.0,18550.0,18450.0,18550.0,5743.0
8006,2021-01-21,18450.0,18500.0,18400.0,18450.0,12011.0
8007,2021-01-21,18450.0,18650.0,18400.0,18550.0,70717.0
8008,2021-01-21,18500.0,18500.0,18400.0,18500.0,15183.0
8009,2021-01-21,18450.0,18550.0,18400.0,18500.0,19369.0
8010,2021-01-21,18500.0,18500.0,18400.0,18450.0,15049.0
8011,2021-01-21,18350.0,18600.0,18200.0,18450.0,47030.0
8012,2021-01-22,18250.0,18250.0,18150.0,18150.0,23044.0
8013,2021-01-22,18550.0,18600.0,18200.0,18250.0,53830.0
8014,2021-01-22,18250.0,18400.0,18200.0,18400.0,25711.0
8015,2021-01-22,18350.0,18450.0,18350.0,18350.0,18661.0
8016,2021-01-22,18350.0,18500.0,18350.0,18450.0,15568.0
8017,2021-01-22,18450.0,18450.0,18350.0,18400.0,12564.0
8018,2021-01-22,18400.0,18400.0,18100.0,18250.0,111213.0
8019,2021-01-25,18200.0,18200.0,18100.0,18200.0,10529.0
8020,2021-01-25,18150.0,18250.0,18150.0,18250.0,18171.0
8021,2021-01-25,18100.0,18200.0,18050.0,18150.0,14767.0
8022,2021-01-25,18100.0,18200.0,18050.0,18150.0,25878.0
8023,2021-01-25,18150.0,18200.0,18050.0,18100.0,14541.0
8024,2021-01-25,18050.0,18200.0,18000.0,18100.0,56401.0
8025,2021-01-25,18100.0,18150.0,18050.0,18100.0,12845.0
8026,2021-01-26,18200.0,18250.0,18000.0,18050.0,43378.0
8027,2021-01-26,18050.0,18100.0,18000.0,18050.0,34219.0
8028,2021-01-26,18050.0,18100.0,18000.0,18000.0,31131.0
8029,2021-01-26,18050.0,18050.0,17950.0,18000.0,25113.0
8030,2021-01-26,18000.0,18100.0,17950.0,18000.0,24580.0
8031,2021-01-26,17950.0,18050.0,17950.0,17950.0,20233.0
8032,2021-01-26,18000.0,18050.0,17950.0,18000.0,14815.0
8033,2021-01-27,18100.0,18150.0,18000.0,18150.0,18448.0
8034,2021-01-27,18050.0,18100.0,18000.0,18100.0,10711.0
8035,2021-01-27,18050.0,18150.0,18000.0,18050.0,30104.0
8036,2021-01-27,18000.0,18050.0,17700.0,17900.0,60083.0
8037,2021-01-27,18350.0,18750.0,18000.0,18100.0,257509.0
8038,2021-01-27,17900.0,18700.0,17800.0,18350.0,145352.0
8039,2021-01-27,18100.0,18150.0,18050.0,18050.0,33012.0
8040,2021-01-28,17600.0,17850.0,17600.0,17800.0,22883.0
8041,2021-01-28,17750.0,17800.0,17700.0,17800.0,10772.0
8042,2021-01-28,17600.0,17700.0,17500.0,17650.0,42282.0
8043,2021-01-28,17700.0,18150.0,17700.0,17900.0,83111.0
8044,2021-01-28,17950.0,17950.0,17750.0,17800.0,17431.0
8045,2021-01-28,17900.0,18050.0,17850.0,17900.0,18393.0
8046,2021-01-28,17750.0,17800.0,17600.0,17600.0,45255.0
8047,2021-01-29,17750.0,17950.0,17500.0,17550.0,50097.0
8048,2021-01-29,17550.0,17700.0,17500.0,17550.0,23410.0
8049,2021-01-29,17550.0,17600.0,17500.0,17550.0,25204.0
8050,2021-01-29,17500.0,17550.0,17400.0,17400.0,23622.0
8051,2021-01-29,17450.0,17500.0,17250.0,17300.0,46340.0
8052,2021-01-29,17300.0,17300.0,17050.0,17250.0,52052.0
8053,2021-01-29,17300.0,17350.0,17100.0,17200.0,17559.0
8054,2021-02-01,17400.0,17500.0,17350.0,17450.0,4916.0
8055,2021-02-01,17350.0,17450.0,17300.0,17400.0,12911.0
8056,2021-02-01,17450.0,17450.0,17350.0,17350.0,9431.0
8057,2021-02-01,17200.0,17650.0,17050.0,17500.0,49696.0
8058,2021-02-01,17350.0,17400.0,17300.0,17400.0,10663.0
8059,2021-02-01,17500.0,17500.0,17250.0,17400.0,17865.0
8060,2021-02-01,17400.0,17500.0,17350.0,17450.0,8719.0
8061,2021-02-02,17500.0,17600.0,17450.0,17600.0,22676.0
8062,2021-02-02,17600.0,17700.0,17450.0,17550.0,22068.0
8063,2021-02-02,17600.0,17600.0,17500.0,17500.0,11280.0
8064,2021-02-02,17500.0,17550.0,17450.0,17450.0,20532.0
8065,2021-02-02,17450.0,17550.0,17400.0,17450.0,16534.0
8066,2021-02-02,17400.0,17550.0,17400.0,17500.0,7253.0
8067,2021-02-02,17500.0,17550.0,17450.0,17500.0,8592.0
8068,2021-02-03,17550.0,17600.0,17500.0,17550.0,6478.0
8069,2021-02-03,17500.0,17600.0,17450.0,17500.0,9768.0
8070,2021-02-03,17500.0,17600.0,17500.0,17550.0,15564.0
8071,2021-02-03,17500.0,17600.0,17450.0,17450.0,12796.0
8072,2021-02-03,17500.0,17550.0,17400.0,17500.0,11925.0
8073,2021-02-03,17550.0,17750.0,17450.0,17500.0,24218.0
8074,2021-02-03,17450.0,17550.0,17450.0,17500.0,8347.0
8075,2021-02-04,17650.0,17750.0,17650.0,17650.0,7407.0
8076,2021-02-04,17650.0,17750.0,17600.0,17650.0,17185.0
8077,2021-02-04,17650.0,17700.0,17600.0,17650.0,12857.0
8078,2021-02-04,17500.0,17650.0,17500.0,17600.0,11028.0
8079,2021-02-04,17450.0,17500.0,17450.0,17500.0,15380.0
8080,2021-02-04,17600.0,17650.0,17500.0,17650.0,11711.0
8081,2021-02-04,17500.0,17600.0,17400.0,17450.0,23754.0
8082,2021-02-05,17600.0,17700.0,17600.0,17650.0,6034.0
8083,2021-02-05,17750.0,17750.0,17550.0,17550.0,11893.0
8084,2021-02-05,17550.0,17600.0,17500.0,17550.0,6353.0
8085,2021-02-05,17550.0,17650.0,17550.0,17600.0,5181.0
8086,2021-02-05,17600.0,17650.0,17550.0,17600.0,3563.0
8087,2021-02-05,17600.0,17700.0,17600.0,17700.0,6212.0
8088,2021-02-05,17650.0,17700.0,17600.0,17650.0,13431.0
8089,2021-02-08,17500.0,17650.0,17450.0,17550.0,9703.0
8090,2021-02-08,17500.0,17600.0,17500.0,17600.0,5203.0
8091,2021-02-08,17600.0,17600.0,17450.0,17500.0,7475.0
8092,2021-02-08,17700.0,17700.0,17300.0,17400.0,36711.0
8093,2021-02-08,17500.0,17500.0,17400.0,17450.0,6336.0
8094,2021-02-08,17400.0,17600.0,17350.0,17500.0,11874.0
8095,2021-02-08,17450.0,17600.0,17400.0,17600.0,8329.0
8096,2021-02-09,17600.0,18000.0,17600.0,17900.0,45531.0
8097,2021-02-09,17900.0,17950.0,17850.0,17900.0,26377.0
8098,2021-02-09,17900.0,17900.0,17800.0,17850.0,9030.0
8099,2021-02-09,17850.0,17850.0,17700.0,17700.0,9525.0
8100,2021-02-09,17750.0,17750.0,17600.0,17650.0,12651.0
8101,2021-02-09,17650.0,17750.0,17650.0,17700.0,5429.0
8102,2021-02-09,17700.0,17750.0,17650.0,17650.0,8105.0
8103,2021-02-10,17600.0,17750.0,17550.0,17750.0,10309.0
8104,2021-02-10,17600.0,17650.0,17500.0,17600.0,7679.0
8105,2021-02-10,17550.0,17650.0,17500.0,17550.0,5203.0
8106,2021-02-10,17500.0,17750.0,17500.0,17700.0,11762.0
8107,2021-02-10,17550.0,17650.0,17400.0,17650.0,15660.0
8108,2021-02-10,17700.0,17700.0,17450.0,17500.0,31140.0
8109,2021-02-10,17650.0,17700.0,17450.0,17650.0,14207.0
8110,2021-02-15,17800.0,17850.0,17800.0,17850.0,13758.0
8111,2021-02-15,17800.0,17850.0,17800.0,17850.0,9127.0
8112,2021-02-15,17800.0,17900.0,17800.0,17800.0,10710.0
8113,2021-02-15,17800.0,17900.0,17650.0,17700.0,20224.0
8114,2021-02-15,17800.0,17800.0,17700.0,17750.0,5497.0
8115,2021-02-15,17750.0,17800.0,17700.0,17800.0,26020.0
8116,2021-02-15,17750.0,17850.0,17750.0,17800.0,15494.0
8117,2021-02-16,17850.0,18000.0,17650.0,17900.0,44443.0
8118,2021-02-16,17900.0,17900.0,17750.0,17850.0,12028.0
8119,2021-02-16,17850.0,17850.0,17800.0,17800.0,15381.0
8120,2021-02-16,17800.0,18000.0,17750.0,17950.0,25406.0
8121,2021-02-16,17950.0,18050.0,17850.0,18050.0,32873.0
8122,2021-02-16,18050.0,18250.0,18000.0,18250.0,150473.0
8123,2021-02-16,18250.0,18500.0,18200.0,18500.0,125666.0
8124,2021-02-17,18900.0,19000.0,18850.0,18950.0,50343.0
8125,2021-02-17,18900.0,19000.0,18750.0,18750.0,54208.0
8126,2021-02-17,18900.0,18950.0,18800.0,18900.0,38078.0
8127,2021-02-17,19400.0,19450.0,18650.0,18800.0,587106.0
8128,2021-02-17,18750.0,18950.0,18700.0,18850.0,64601.0
8129,2021-02-17,18750.0,18900.0,18650.0,18750.0,84687.0
8130,2021-02-17,18850.0,18900.0,18750.0,18900.0,43482.0
8131,2021-02-18,19100.0,19250.0,18850.0,19050.0,178373.0
8132,2021-02-18,19050.0,19050.0,18800.0,18900.0,52140.0
8133,2021-02-18,18900.0,18950.0,18800.0,18850.0,31168.0
8134,2021-02-18,18850.0,18900.0,18650.0,18700.0,37295.0
8135,2021-02-18,18750.0,18750.0,18550.0,18700.0,43461.0
8136,2021-02-18,18700.0,18800.0,18600.0,18700.0,35562.0
8137,2021-02-18,18750.0,18950.0,18700.0,18900.0,51769.0
8138,2021-02-19,18350.0,18400.0,18300.0,18400.0,35377.0
8139,2021-02-19,18350.0,18400.0,18250.0,18350.0,22052.0
8140,2021-02-19,18350.0,18450.0,18300.0,18350.0,23150.0
8141,2021-02-19,18200.0,18300.0,18100.0,18250.0,35958.0
8142,2021-02-19,18400.0,18450.0,18200.0,18250.0,55695.0
8143,2021-02-19,18850.0,18900.0,18300.0,18400.0,116276.0
8144,2021-02-19,18300.0,18350.0,18200.0,18350.0,16744.0
8145,2021-02-22,18500.0,18600.0,18200.0,18400.0,48282.0
8146,2021-02-22,18400.0,18600.0,18400.0,18400.0,39870.0
8147,2021-02-22,18400.0,18500.0,18350.0,18450.0,14975.0
8148,2021-02-22,18400.0,18400.0,18300.0,18350.0,11995.0
8149,2021-02-22,18350.0,18350.0,18250.0,18300.0,9406.0
8150,2021-02-22,18250.0,18300.0,18200.0,18250.0,22889.0
8151,2021-02-22,18250.0,18300.0,18200.0,18300.0,10805.0
8152,2021-02-23,18200.0,18200.0,18100.0,18100.0,14223.0
8153,2021-02-23,18250.0,18400.0,18150.0,18200.0,26678.0
8154,2021-02-23,18150.0,18250.0,18100.0,18250.0,15596.0
8155,2021-02-23,18050.0,18200.0,18000.0,18150.0,19681.0
8156,2021-02-23,18150.0,18150.0,18000.0,18100.0,18499.0
8157,2021-02-23,18350.0,18350.0,17950.0,18050.0,51278.0
8158,2021-02-23,18100.0,18150.0,18000.0,18150.0,11801.0
8159,2021-02-24,18200.0,18200.0,17750.0,17900.0,44362.0
8160,2021-02-24,17900.0,18000.0,17850.0,17950.0,17710.0
8161,2021-02-24,18000.0,18050.0,17800.0,17850.0,26154.0
8162,2021-02-24,17900.0,17900.0,17700.0,17750.0,28828.0
8163,2021-02-24,17800.0,17800.0,17450.0,17500.0,42640.0
8164,2021-02-24,17500.0,17600.0,17200.0,17400.0,68165.0
8165,2021-02-24,17400.0,17500.0,17200.0,17500.0,35527.0
8166,2021-02-25,17800.0,17850.0,17750.0,17850.0,11316.0
8167,2021-02-25,17700.0,17800.0,17650.0,17750.0,16177.0
8168,2021-02-25,17650.0,17800.0,17650.0,17650.0,25672.0
8169,2021-02-25,17800.0,17900.0,17750.0,17750.0,36337.0
8170,2021-02-25,17750.0,17800.0,17700.0,17700.0,10181.0
8171,2021-02-25,17750.0,17850.0,17700.0,17700.0,20726.0
8172,2021-02-25,17700.0,17750.0,17600.0,17650.0,19000.0
8173,2021-02-26,17450.0,17450.0,17300.0,17350.0,19470.0
8174,2021-02-26,17350.0,17450.0,17300.0,17450.0,16560.0
8175,2021-02-26,17450.0,17550.0,17400.0,17450.0,19996.0
8176,2021-02-26,17250.0,17700.0,17150.0,17500.0,53808.0
8177,2021-02-26,17450.0,17550.0,17400.0,17500.0,7545.0
8178,2021-02-26,17500.0,17650.0,17400.0,17450.0,20596.0
8179,2021-02-26,17450.0,17550.0,17400.0,17500.0,13023.0
8180,2021-03-02,17950.0,17950.0,17550.0,17700.0,44062.0
8181,2021-03-02,17650.0,17700.0,17500.0,17550.0,26789.0
8182,2021-03-02,17550.0,17650.0,17500.0,17500.0,8686.0
8183,2021-03-02,17500.0,17650.0,17500.0,17600.0,9810.0
8184,2021-03-02,17600.0,17650.0,17450.0,17500.0,13575.0
8185,2021-03-02,17450.0,17500.0,17300.0,17350.0,23191.0
8186,2021-03-02,17400.0,17500.0,17350.0,17400.0,8579.0
8187,2021-03-03,17450.0,17750.0,17450.0,17600.0,32281.0
8188,2021-03-03,17600.0,17700.0,17550.0,17650.0,23148.0
8189,2021-03-03,17400.0,17600.0,17400.0,17450.0,28583.0
8190,2021-03-03,17450.0,17450.0,17350.0,17400.0,12294.0
8191,2021-03-03,17450.0,17450.0,17300.0,17450.0,18945.0
8192,2021-03-03,17450.0,17550.0,17400.0,17450.0,14917.0
8193,2021-03-03,17400.0,17700.0,17400.0,17450.0,30608.0
8194,2021-03-04,17700.0,17750.0,17500.0,17550.0,29657.0
8195,2021-03-04,17550.0,18100.0,17500.0,17900.0,58074.0
8196,2021-03-04,17850.0,17950.0,17650.0,17700.0,30352.0
8197,2021-03-04,17700.0,17850.0,17650.0,17650.0,21801.0
8198,2021-03-04,17700.0,17750.0,17500.0,17700.0,31374.0
8199,2021-03-04,17700.0,17800.0,17650.0,17700.0,19542.0
8200,2021-03-04,17650.0,17750.0,17650.0,17650.0,11640.0
8201,2021-03-05,17400.0,17400.0,17300.0,17350.0,9154.0
8202,2021-03-05,17350.0,17400.0,17250.0,17400.0,12268.0
8203,2021-03-05,17350.0,17450.0,17350.0,17350.0,8037.0
8204,2021-03-05,17600.0,17600.0,17250.0,17400.0,34015.0
8205,2021-03-05,17300.0,17300.0,17200.0,17300.0,12794.0
8206,2021-03-05,17400.0,17450.0,17200.0,17300.0,23340.0
8207,2021-03-05,17300.0,17400.0,17250.0,17350.0,7211.0
8208,2021-03-08,17300.0,17400.0,17300.0,17400.0,16028.0
8209,2021-03-08,17400.0,17400.0,17300.0,17350.0,6696.0
8210,2021-03-08,17400.0,17450.0,17300.0,17350.0,11411.0
8211,2021-03-08,17500.0,17550.0,17300.0,17500.0,27393.0
8212,2021-03-08,17600.0,17750.0,17500.0,17550.0,24784.0
8213,2021-03-08,17500.0,17650.0,17450.0,17600.0,16176.0
8214,2021-03-08,17550.0,17550.0,17350.0,17400.0,13821.0
8215,2021-03-09,17350.0,17350.0,16700.0,16900.0,63849.0
8216,2021-03-09,16900.0,17050.0,16550.0,16650.0,54289.0
8217,2021-03-09,16600.0,16850.0,16600.0,16750.0,22887.0
8218,2021-03-09,16750.0,16900.0,16700.0,16900.0,11800.0
8219,2021-03-09,16900.0,16900.0,16800.0,16800.0,16151.0
8220,2021-03-09,16850.0,17000.0,16800.0,16950.0,15818.0
8221,2021-03-09,16950.0,16950.0,16850.0,16850.0,12176.0
8222,2021-03-10,16350.0,16450.0,16200.0,16200.0,23382.0
8223,2021-03-10,16600.0,16600.0,16300.0,16400.0,30536.0
8224,2021-03-10,16750.0,16750.0,16550.0,16600.0,18656.0
8225,2021-03-10,16950.0,17150.0,16850.0,16850.0,31261.0
8226,2021-03-10,16850.0,16900.0,16750.0,16750.0,14755.0
8227,2021-03-10,16750.0,16850.0,16700.0,16750.0,7566.0
8228,2021-03-10,16800.0,16800.0,16700.0,16750.0,21172.0
8229,2021-03-11,16200.0,16550.0,16200.0,16400.0,19548.0
8230,2021-03-11,16350.0,16500.0,16250.0,16350.0,14193.0
8231,2021-03-11,16400.0,16500.0,16350.0,16450.0,8287.0
8232,2021-03-11,16450.0,16550.0,16450.0,16550.0,5022.0
8233,2021-03-11,16550.0,16600.0,16500.0,16500.0,13216.0
8234,2021-03-11,16500.0,16650.0,16350.0,16550.0,25611.0
8235,2021-03-11,16550.0,16650.0,16400.0,16400.0,25820.0
8236,2021-03-12,16700.0,16850.0,16700.0,16850.0,7889.0
8237,2021-03-12,16800.0,16850.0,16650.0,16700.0,17647.0
8238,2021-03-12,16750.0,16800.0,16750.0,16750.0,9760.0
8239,2021-03-12,16800.0,16850.0,16750.0,16850.0,10211.0
8240,2021-03-12,16850.0,16900.0,16750.0,16800.0,7972.0
8241,2021-03-12,16500.0,16850.0,16500.0,16850.0,31005.0
8242,2021-03-12,16800.0,16800.0,16750.0,16800.0,5042.0
8243,2021-03-15,16900.0,16950.0,16850.0,16900.0,7869.0
8244,2021-03-15,16950.0,17000.0,16900.0,17000.0,5502.0
8245,2021-03-15,16900.0,16950.0,16800.0,16900.0,12831.0
8246,2021-03-15,16850.0,16900.0,16800.0,16850.0,8129.0
8247,2021-03-15,16850.0,16900.0,16800.0,16900.0,11426.0
8248,2021-03-15,16850.0,16900.0,16800.0,16850.0,9816.0
8249,2021-03-15,16950.0,17000.0,16750.0,16850.0,13627.0
8250,2021-03-16,17100.0,17200.0,17000.0,17100.0,22146.0
8251,2021-03-16,17100.0,17100.0,17000.0,17000.0,10343.0
8252,2021-03-16,17050.0,17100.0,17000.0,17050.0,14579.0
8253,2021-03-16,17050.0,17050.0,16900.0,16950.0,13743.0
8254,2021-03-16,17000.0,17000.0,16900.0,16950.0,14355.0
8255,2021-03-16,16950.0,17000.0,16900.0,17000.0,17342.0
8256,2021-03-16,17000.0,17000.0,16950.0,17000.0,7416.0
8257,2021-03-17,16950.0,16950.0,16700.0,16750.0,25247.0
8258,2021-03-17,16900.0,16950.0,16800.0,16900.0,6315.0
8259,2021-03-17,16700.0,16950.0,16700.0,16900.0,13644.0
8260,2021-03-17,16850.0,16950.0,16850.0,16950.0,6669.0
8261,2021-03-17,16950.0,16950.0,16800.0,16900.0,16428.0
8262,2021-03-17,16900.0,16950.0,16850.0,16850.0,10854.0
8263,2021-03-17,17000.0,17100.0,16900.0,16950.0,20274.0
8264,2021-03-18,16900.0,17200.0,16900.0,17150.0,45006.0
8265,2021-03-18,17150.0,17200.0,17000.0,17100.0,17385.0
8266,2021-03-18,17100.0,17100.0,17000.0,17050.0,9310.0
8267,2021-03-18,17050.0,17050.0,17000.0,17050.0,3320.0
8268,2021-03-18,17050.0,17050.0,16950.0,17000.0,10288.0
8269,2021-03-18,16950.0,17000.0,16900.0,16900.0,14612.0
8270,2021-03-18,16900.0,16950.0,16900.0,16900.0,14436.0
8271,2021-03-19,16850.0,16900.0,16800.0,16900.0,9349.0
8272,2021-03-19,16800.0,16850.0,16800.0,16800.0,6676.0
8273,2021-03-19,16900.0,16900.0,16800.0,16800.0,11204.0
8274,2021-03-19,16800.0,16850.0,16800.0,16800.0,11029.0
8275,2021-03-19,16750.0,16850.0,16750.0,16800.0,11946.0
8276,2021-03-19,16800.0,16850.0,16700.0,16750.0,26695.0
8277,2021-03-19,16800.0,16850.0,16800.0,16800.0,5675.0
8278,2021-03-22,17100.0,17150.0,17050.0,17150.0,7364.0
8279,2021-03-22,17150.0,17200.0,17050.0,17100.0,16618.0
8280,2021-03-22,17150.0,17150.0,17050.0,17100.0,5569.0
8281,2021-03-22,16900.0,16950.0,16850.0,16950.0,9855.0
8282,2021-03-22,16900.0,16950.0,16800.0,16900.0,13063.0
8283,2021-03-22,17000.0,17200.0,16950.0,17150.0,31335.0
8284,2021-03-22,16900.0,16950.0,16800.0,16850.0,23738.0
8285,2021-03-23,17250.0,17300.0,17200.0,17300.0,9681.0
8286,2021-03-23,17200.0,17300.0,17150.0,17150.0,25214.0
8287,2021-03-23,17200.0,17200.0,17100.0,17200.0,20212.0
8288,2021-03-23,17150.0,17300.0,17100.0,17250.0,19033.0
8289,2021-03-23,17250.0,17300.0,17150.0,17200.0,3996.0
8290,2021-03-23,17200.0,17250.0,17150.0,17150.0,11485.0
8291,2021-03-23,17150.0,17250.0,17100.0,17250.0,24464.0
8292,2021-03-24,17100.0,17150.0,17050.0,17150.0,17000.0
8293,2021-03-24,17100.0,17150.0,17050.0,17100.0,5697.0
8294,2021-03-24,17200.0,17250.0,17100.0,17150.0,9211.0
8295,2021-03-24,17300.0,17350.0,16950.0,17200.0,28277.0
8296,2021-03-24,17150.0,17200.0,17050.0,17050.0,12032.0
8297,2021-03-24,17250.0,17250.0,17100.0,17150.0,21090.0
8298,2021-03-24,17050.0,17200.0,17050.0,17200.0,5454.0
8299,2021-03-25,17050.0,17300.0,17050.0,17150.0,16630.0
8300,2021-03-25,17150.0,17150.0,17000.0,17050.0,10457.0
8301,2021-03-25,17050.0,17100.0,17050.0,17050.0,4895.0
8302,2021-03-25,17050.0,17100.0,17000.0,17050.0,6816.0
8303,2021-03-25,17000.0,17050.0,17000.0,17050.0,8059.0
8304,2021-03-25,17000.0,17350.0,17000.0,17300.0,27963.0
8305,2021-03-25,17300.0,17350.0,17250.0,17350.0,12039.0
8306,2021-03-26,17150.0,17150.0,17100.0,17100.0,10899.0
8307,2021-03-26,17050.0,17150.0,17050.0,17150.0,9631.0
8308,2021-03-26,17100.0,17150.0,17050.0,17100.0,5542.0
8309,2021-03-26,17300.0,17300.0,17100.0,17100.0,20946.0
8310,2021-03-26,17100.0,17150.0,17050.0,17100.0,7116.0
8311,2021-03-26,17100.0,17150.0,17050.0,17100.0,13395.0
8312,2021-03-26,17050.0,17150.0,17050.0,17050.0,10595.0
8313,2021-03-29,17050.0,17100.0,16950.0,16950.0,8736.0
8314,2021-03-29,17000.0,17000.0,16900.0,16950.0,6881.0
8315,2021-03-29,16950.0,17100.0,16950.0,17050.0,8814.0
8316,2021-03-29,17050.0,17150.0,16950.0,17000.0,24184.0
8317,2021-03-29,16950.0,17000.0,16900.0,16950.0,16141.0
8318,2021-03-29,17000.0,17050.0,16900.0,16950.0,16107.0
8319,2021-03-29,16950.0,17000.0,16900.0,16950.0,10202.0
8320,2021-03-30,17150.0,17200.0,17000.0,17100.0,19816.0
8321,2021-03-30,17200.0,17200.0,17050.0,17100.0,13104.0
8322,2021-03-30,17100.0,17100.0,17050.0,17100.0,2216.0
8323,2021-03-30,17100.0,17100.0,17000.0,17050.0,11351.0
8324,2021-03-30,17100.0,17150.0,17050.0,17100.0,10477.0
8325,2021-03-30,17050.0,17150.0,17000.0,17100.0,14927.0
8326,2021-03-30,17150.0,17150.0,17050.0,17100.0,2813.0
8327,2021-03-31,17800.0,17850.0,17700.0,17700.0,36126.0
8328,2021-03-31,17850.0,17950.0,17800.0,17800.0,46755.0
8329,2021-03-31,17950.0,18000.0,17800.0,17850.0,46676.0
8330,2021-03-31,17550.0,19600.0,17400.0,18000.0,1963516.0
8331,2021-03-31,17700.0,17800.0,17600.0,17700.0,65705.0
8332,2021-03-31,18000.0,18100.0,17700.0,17700.0,164301.0
8333,2021-03-31,17650.0,18000.0,17650.0,17950.0,55758.0
8334,2021-04-01,17800.0,18200.0,17800.0,18150.0,129154.0
8335,2021-04-01,18100.0,18150.0,18000.0,18100.0,44614.0
8336,2021-04-01,18100.0,18150.0,17900.0,17950.0,28454.0
8337,2021-04-01,17950.0,18000.0,17900.0,17900.0,13534.0
8338,2021-04-01,17900.0,17950.0,17750.0,17800.0,35571.0
8339,2021-04-01,17800.0,18100.0,17800.0,17950.0,48207.0
8340,2021-04-01,17950.0,18100.0,17950.0,18050.0,28432.0
8341,2021-04-02,17950.0,17950.0,17850.0,17900.0,12654.0
8342,2021-04-02,17800.0,17950.0,17750.0,17950.0,20517.0
8343,2021-04-02,17900.0,17950.0,17850.0,17950.0,15896.0
8344,2021-04-02,17850.0,17900.0,17700.0,17700.0,30351.0
8345,2021-04-02,17850.0,17950.0,17850.0,17850.0,31096.0
8346,2021-04-02,18050.0,18200.0,17850.0,17850.0,43704.0
8347,2021-04-02,17700.0,17850.0,17700.0,17750.0,11550.0
8348,2021-04-05,17850.0,17950.0,17850.0,17850.0,17855.0
8349,2021-04-05,17800.0,17850.0,17800.0,17850.0,10167.0
8350,2021-04-05,17850.0,17900.0,17800.0,17850.0,24225.0
8351,2021-04-05,17800.0,17850.0,17700.0,17800.0,24148.0
8352,2021-04-05,17850.0,17900.0,17750.0,17750.0,20318.0
8353,2021-04-05,17800.0,17850.0,17750.0,17800.0,12776.0
8354,2021-04-05,17900.0,18000.0,17800.0,17850.0,32826.0
8355,2021-04-06,18150.0,18250.0,18100.0,18150.0,23981.0
8356,2021-04-06,17950.0,18100.0,17900.0,17900.0,46411.0
8357,2021-04-06,17900.0,18000.0,17900.0,17950.0,15652.0
8358,2021-04-06,17950.0,17950.0,17850.0,17900.0,11809.0
8359,2021-04-06,17900.0,18000.0,17900.0,18000.0,17683.0
8360,2021-04-06,18000.0,18300.0,17950.0,18200.0,80284.0
8361,2021-04-06,18150.0,18350.0,18100.0,18150.0,45415.0
8362,2021-04-07,17950.0,17950.0,17900.0,17900.0,16014.0
8363,2021-04-07,17900.0,17950.0,17850.0,17850.0,20253.0
8364,2021-04-07,18000.0,18000.0,17900.0,17950.0,10399.0
8365,2021-04-07,18100.0,18150.0,17900.0,18000.0,50969.0
8366,2021-04-07,17950.0,17950.0,17850.0,17950.0,27111.0
8367,2021-04-07,18000.0,18100.0,17900.0,17950.0,28276.0
8368,2021-04-07,17950.0,18000.0,17900.0,17950.0,12407.0
8369,2021-04-08,17850.0,17950.0,17650.0,17800.0,41717.0
8370,2021-04-08,17750.0,17800.0,17700.0,17750.0,18940.0
8371,2021-04-08,17750.0,17800.0,17700.0,17800.0,14660.0
8372,2021-04-08,17750.0,17800.0,17700.0,17750.0,16333.0
8373,2021-04-08,17750.0,17750.0,17650.0,17650.0,45028.0
8374,2021-04-08,17650.0,17800.0,17650.0,17700.0,14604.0
8375,2021-04-08,17700.0,17800.0,17700.0,17800.0,5073.0
8376,2021-04-09,17750.0,17850.0,17750.0,17800.0,10710.0
8377,2021-04-09,17850.0,17850.0,17750.0,17750.0,14589.0
8378,2021-04-09,17850.0,17900.0,17800.0,17850.0,10529.0
8379,2021-04-09,17850.0,17900.0,17750.0,17850.0,17504.0
8380,2021-04-09,17800.0,17900.0,17750.0,17800.0,10820.0
8381,2021-04-09,17850.0,17900.0,17800.0,17800.0,13644.0
8382,2021-04-09,17850.0,17900.0,17800.0,17850.0,7345.0
8383,2021-04-12,17800.0,17850.0,17750.0,17800.0,17322.0
8384,2021-04-12,17800.0,17800.0,17750.0,17750.0,9556.0
8385,2021-04-12,17750.0,17850.0,17750.0,17800.0,12862.0
8386,2021-04-12,17800.0,17950.0,17700.0,17900.0,48186.0
8387,2021-04-12,17800.0,17850.0,17700.0,17750.0,14307.0
8388,2021-04-12,17900.0,17900.0,17800.0,17850.0,19329.0
8389,2021-04-12,17750.0,17800.0,17750.0,17750.0,9516.0
8390,2021-04-13,17900.0,18300.0,17800.0,18250.0,105210.0
8391,2021-04-13,18250.0,18600.0,18200.0,18400.0,140911.0
8392,2021-04-13,18400.0,18500.0,18250.0,18300.0,60611.0
8393,2021-04-13,18300.0,18350.0,18150.0,18200.0,27666.0
8394,2021-04-13,18200.0,18300.0,18100.0,18200.0,31475.0
8395,2021-04-13,18150.0,18250.0,18100.0,18200.0,22979.0
8396,2021-04-13,18200.0,18300.0,18200.0,18300.0,16000.0
8397,2021-04-14,18300.0,18350.0,18250.0,18300.0,26455.0
8398,2021-04-14,18300.0,18350.0,18300.0,18300.0,9820.0
8399,2021-04-14,18200.0,18250.0,18150.0,18250.0,26415.0
8400,2021-04-14,18300.0,18350.0,18000.0,18050.0,48682.0
8401,2021-04-14,18050.0,18150.0,18050.0,18100.0,15920.0
8402,2021-04-14,18050.0,18100.0,17950.0,18050.0,31906.0
8403,2021-04-14,18100.0,18250.0,18100.0,18250.0,21647.0
8404,2021-04-15,18400.0,18400.0,18100.0,18150.0,37122.0
8405,2021-04-15,18150.0,18200.0,18050.0,18050.0,24886.0
8406,2021-04-15,18050.0,18150.0,18050.0,18050.0,19485.0
8407,2021-04-15,18050.0,18100.0,18000.0,18050.0,10680.0
8408,2021-04-15,18050.0,18100.0,18050.0,18100.0,10152.0
8409,2021-04-15,18050.0,18150.0,18050.0,18100.0,20434.0
8410,2021-04-15,18100.0,18150.0,18050.0,18050.0,5841.0
8411,2021-04-16,18550.0,18650.0,18500.0,18600.0,41634.0
8412,2021-04-16,18550.0,18600.0,18500.0,18600.0,36599.0
8413,2021-04-16,18450.0,18800.0,18400.0,18550.0,156970.0
8414,2021-04-16,18250.0,18500.0,18200.0,18400.0,44789.0
8415,2021-04-16,18250.0,18300.0,18150.0,18200.0,22847.0
8416,2021-04-16,18250.0,18550.0,18150.0,18250.0,80783.0
8417,2021-04-16,18400.0,18500.0,18350.0,18500.0,45751.0
8418,2021-04-19,19250.0,19600.0,18900.0,19000.0,416537.0
8419,2021-04-19,19000.0,19200.0,18950.0,19150.0,48942.0
8420,2021-04-19,19150.0,19250.0,19100.0,19200.0,45817.0
8421,2021-04-19,19200.0,19200.0,19000.0,19100.0,49143.0
8422,2021-04-19,19050.0,19200.0,19050.0,19100.0,31514.0
8423,2021-04-19,19100.0,19150.0,19000.0,19050.0,27934.0
8424,2021-04-19,19000.0,19050.0,19000.0,19000.0,24870.0
8425,2021-04-20,19250.0,19650.0,19200.0,19650.0,142067.0
8426,2021-04-20,19100.0,19300.0,19100.0,19300.0,37904.0
8427,2021-04-20,19150.0,19450.0,19100.0,19100.0,69225.0
8428,2021-04-20,19250.0,19600.0,19050.0,19200.0,218312.0
8429,2021-04-20,19200.0,19250.0,19100.0,19150.0,49164.0
8430,2021-04-20,19200.0,19200.0,19150.0,19150.0,19576.0
8431,2021-04-20,19350.0,19550.0,19000.0,19250.0,198427.0
8432,2021-04-21,20750.0,21400.0,19750.0,19850.0,1306902.0
8433,2021-04-21,19850.0,19900.0,19650.0,19750.0,166451.0
8434,2021-04-21,19750.0,19800.0,19450.0,19550.0,149203.0
8435,2021-04-21,19550.0,20000.0,19550.0,19900.0,105376.0
8436,2021-04-21,19900.0,20100.0,19850.0,19900.0,90860.0
8437,2021-04-21,19950.0,20050.0,19750.0,19800.0,73286.0
8438,2021-04-21,19800.0,19850.0,19600.0,19600.0,53037.0
8439,2021-04-22,19150.0,19150.0,19050.0,19100.0,23619.0
8440,2021-04-22,19050.0,19200.0,18900.0,19150.0,107014.0
8441,2021-04-22,19300.0,19350.0,19000.0,19050.0,78916.0
8442,2021-04-22,19650.0,19700.0,19450.0,19450.0,61161.0
8443,2021-04-22,19450.0,19550.0,19300.0,19350.0,74381.0
8444,2021-04-22,19950.0,19950.0,19500.0,19650.0,106140.0
8445,2021-04-22,19350.0,19350.0,19250.0,19350.0,35023.0
8446,2021-04-23,19000.0,19050.0,18900.0,18950.0,29958.0
8447,2021-04-23,18950.0,18950.0,18800.0,18850.0,30015.0
8448,2021-04-23,18900.0,19000.0,18800.0,18950.0,40896.0
8449,2021-04-23,19100.0,19150.0,18800.0,18900.0,71458.0
8450,2021-04-23,18900.0,19050.0,18850.0,19050.0,37055.0
8451,2021-04-23,18700.0,19050.0,18250.0,19050.0,236364.0
8452,2021-04-23,19050.0,19100.0,18900.0,18900.0,26438.0
8453,2021-04-26,18700.0,19000.0,18700.0,18850.0,78796.0
8454,2021-04-26,18850.0,19100.0,18750.0,18950.0,49238.0
8455,2021-04-26,18950.0,19050.0,18900.0,19000.0,19652.0
8456,2021-04-26,19000.0,19000.0,18900.0,19000.0,10470.0
8457,2021-04-26,19000.0,19000.0,18900.0,18950.0,16354.0
8458,2021-04-26,18950.0,18950.0,18800.0,18850.0,32117.0
8459,2021-04-26,18850.0,18850.0,18800.0,18850.0,15054.0
8460,2021-04-27,18750.0,18800.0,18700.0,18750.0,21850.0
8461,2021-04-27,18700.0,18800.0,18700.0,18750.0,14297.0
8462,2021-04-27,18750.0,18750.0,18700.0,18750.0,19745.0
8463,2021-04-27,18850.0,18850.0,18700.0,18750.0,20205.0
8464,2021-04-27,18850.0,18900.0,18750.0,18850.0,48560.0
8465,2021-04-27,18800.0,18850.0,18750.0,18850.0,36149.0
8466,2021-04-27,18700.0,18800.0,18700.0,18700.0,24372.0
8467,2021-04-28,18750.0,18750.0,18200.0,18400.0,93517.0
8468,2021-04-28,18400.0,18500.0,18250.0,18400.0,42067.0
8469,2021-04-28,18450.0,18500.0,18400.0,18450.0,18277.0
8470,2021-04-28,18450.0,18500.0,18350.0,18400.0,22407.0
8471,2021-04-28,18400.0,18450.0,18250.0,18250.0,33164.0
8472,2021-04-28,18300.0,18350.0,18200.0,18250.0,35675.0
8473,2021-04-28,18250.0,18300.0,18150.0,18150.0,26307.0
8474,2021-04-29,18300.0,18350.0,18200.0,18200.0,14420.0
8475,2021-04-29,18400.0,18450.0,18200.0,18300.0,20961.0
8476,2021-04-29,18300.0,18400.0,18250.0,18350.0,14433.0
8477,2021-04-29,18200.0,18400.0,17900.0,18050.0,63141.0
8478,2021-04-29,18500.0,18500.0,18350.0,18400.0,12664.0
8479,2021-04-29,18050.0,18550.0,18050.0,18500.0,37673.0
8480,2021-04-29,18400.0,18400.0,18300.0,18300.0,12824.0
8481,2021-04-30,18250.0,18650.0,18250.0,18550.0,35069.0
8482,2021-04-30,18550.0,18550.0,18350.0,18350.0,18912.0
8483,2021-04-30,18700.0,18750.0,18250.0,18250.0,49712.0
8484,2021-04-30,18300.0,18600.0,18250.0,18450.0,27445.0
8485,2021-04-30,18550.0,18600.0,18500.0,18550.0,27344.0
8486,2021-04-30,18450.0,18800.0,18350.0,18550.0,98509.0
8487,2021-04-30,18550.0,18800.0,18550.0,18750.0,31699.0
8488,2021-05-03,18350.0,18700.0,18150.0,18500.0,39372.0
8489,2021-05-03,18500.0,18600.0,18500.0,18550.0,20232.0
8490,2021-05-03,18550.0,18550.0,18400.0,18450.0,11852.0
8491,2021-05-03,18400.0,18500.0,18400.0,18450.0,5568.0
8492,2021-05-03,18450.0,18650.0,18400.0,18600.0,21247.0
8493,2021-05-03,18550.0,18600.0,18400.0,18400.0,20161.0
8494,2021-05-03,18450.0,18500.0,18400.0,18450.0,13316.0
8495,2021-05-04,18800.0,18850.0,18750.0,18850.0,11655.0
8496,2021-05-04,18750.0,18850.0,18700.0,18800.0,25060.0
8497,2021-05-04,18750.0,18800.0,18500.0,18750.0,39936.0
8498,2021-05-04,18500.0,18500.0,18350.0,18400.0,15980.0
8499,2021-05-04,18350.0,18500.0,18300.0,18450.0,32158.0
8500,2021-05-04,18450.0,18750.0,18400.0,18700.0,43654.0
8501,2021-05-04,18350.0,18600.0,18350.0,18500.0,22412.0
8502,2021-05-06,18900.0,18950.0,18800.0,18900.0,19461.0
8503,2021-05-06,18900.0,18900.0,18700.0,18750.0,19294.0
8504,2021-05-06,18750.0,18800.0,18700.0,18750.0,9504.0
8505,2021-05-06,18750.0,18850.0,18750.0,18800.0,13376.0
8506,2021-05-06,18800.0,18850.0,18750.0,18750.0,13297.0
8507,2021-05-06,18750.0,18800.0,18750.0,18800.0,7986.0
8508,2021-05-06,18800.0,19100.0,18750.0,18900.0,37879.0
8509,2021-05-07,19100.0,19150.0,19050.0,19050.0,16930.0
8510,2021-05-07,19150.0,19150.0,19050.0,19050.0,11821.0
8511,2021-05-07,19150.0,19150.0,19050.0,19150.0,19813.0
8512,2021-05-07,19000.0,19100.0,18900.0,19050.0,32288.0
8513,2021-05-07,19050.0,19050.0,18900.0,19000.0,21290.0
8514,2021-05-07,18800.0,19100.0,18700.0,19050.0,43320.0
8515,2021-05-07,19100.0,19150.0,19000.0,19150.0,28520.0
8516,2021-05-10,18950.0,19000.0,18950.0,18950.0,12398.0
8517,2021-05-10,18950.0,19000.0,18950.0,18950.0,11141.0
8518,2021-05-10,19000.0,19050.0,18950.0,18950.0,13592.0
8519,2021-05-10,19000.0,19100.0,18950.0,19050.0,24726.0
8520,2021-05-10,19000.0,19100.0,19000.0,19050.0,15853.0
8521,2021-05-10,19250.0,19250.0,18900.0,19000.0,32513.0
8522,2021-05-10,19000.0,19100.0,19000.0,19000.0,14215.0
8523,2021-05-11,18750.0,18950.0,18650.0,18800.0,54725.0
8524,2021-05-11,18800.0,18900.0,18700.0,18800.0,36432.0
8525,2021-05-11,18850.0,19050.0,18800.0,19050.0,20118.0
8526,2021-05-11,19000.0,19050.0,18900.0,18900.0,13406.0
8527,2021-05-11,18950.0,18950.0,18800.0,18850.0,26264.0
8528,2021-05-11,18850.0,18950.0,18800.0,18850.0,17332.0
8529,2021-05-11,18850.0,18900.0,18750.0,18850.0,14250.0
8530,2021-05-12,18450.0,18900.0,18450.0,18700.0,39943.0
8531,2021-05-12,18700.0,18700.0,18600.0,18600.0,11482.0
8532,2021-05-12,18500.0,18550.0,18350.0,18450.0,37043.0
8533,2021-05-12,18600.0,18850.0,18550.0,18650.0,19884.0
8534,2021-05-12,18750.0,18750.0,18600.0,18700.0,10870.0
8535,2021-05-12,18700.0,18700.0,18500.0,18500.0,25411.0
8536,2021-05-12,18950.0,18950.0,18550.0,18600.0,48246.0
8537,2021-05-13,18450.0,18550.0,18350.0,18450.0,26146.0
8538,2021-05-13,18450.0,18450.0,18400.0,18450.0,13983.0
8539,2021-05-13,18450.0,18600.0,18450.0,18550.0,11169.0
8540,2021-05-13,18550.0,18550.0,18400.0,18450.0,11738.0
8541,2021-05-13,18450.0,18500.0,18200.0,18250.0,41111.0
8542,2021-05-13,18250.0,18350.0,18200.0,18300.0,14351.0
8543,2021-05-13,18200.0,18600.0,18200.0,18450.0,50736.0
8544,2021-05-14,18350.0,18400.0,18300.0,18300.0,9744.0
8545,2021-05-14,18300.0,18400.0,18300.0,18300.0,18396.0
8546,2021-05-14,18300.0,18400.0,18300.0,18350.0,9574.0
8547,2021-05-14,18500.0,18500.0,18350.0,18400.0,9699.0
8548,2021-05-14,18550.0,18550.0,18400.0,18500.0,10623.0
8549,2021-05-14,18550.0,18650.0,18400.0,18550.0,37681.0
8550,2021-05-14,18400.0,18400.0,18300.0,18350.0,10977.0
8551,2021-05-17,18750.0,18900.0,18600.0,18650.0,58068.0
8552,2021-05-17,18650.0,18700.0,18600.0,18650.0,11821.0
8553,2021-05-17,18650.0,18700.0,18550.0,18700.0,12433.0
8554,2021-05-17,18700.0,18700.0,18450.0,18550.0,33418.0
8555,2021-05-17,18550.0,18550.0,18400.0,18550.0,9221.0
8556,2021-05-17,18500.0,18750.0,18500.0,18650.0,25632.0
8557,2021-05-17,18650.0,18700.0,18600.0,18700.0,9357.0
8558,2021-05-18,18900.0,18950.0,18850.0,18900.0,16686.0
8559,2021-05-18,18850.0,18900.0,18800.0,18900.0,12357.0
8560,2021-05-18,18850.0,18900.0,18800.0,18850.0,7239.0
8561,2021-05-18,18950.0,19000.0,18900.0,18950.0,17145.0
8562,2021-05-18,18750.0,19100.0,18750.0,19000.0,53722.0
8563,2021-05-18,18700.0,18800.0,18500.0,18800.0,21576.0
8564,2021-05-18,18950.0,18950.0,18800.0,18850.0,9961.0
8565,2021-05-20,18900.0,18950.0,18600.0,18700.0,38114.0
8566,2021-05-20,18700.0,18800.0,18600.0,18700.0,21235.0
8567,2021-05-20,18650.0,18700.0,18600.0,18700.0,9253.0
8568,2021-05-20,18700.0,18750.0,18650.0,18750.0,10148.0
8569,2021-05-20,18750.0,18750.0,18700.0,18750.0,3932.0
8570,2021-05-20,18750.0,18800.0,18700.0,18750.0,12799.0
8571,2021-05-20,18750.0,18750.0,18700.0,18750.0,7045.0
8572,2021-05-21,18700.0,18750.0,18700.0,18750.0,11719.0
8573,2021-05-21,18800.0,18850.0,18700.0,18700.0,18702.0
8574,2021-05-21,18850.0,18850.0,18700.0,18800.0,12386.0
8575,2021-05-21,18750.0,19050.0,18700.0,18850.0,53103.0
8576,2021-05-21,18900.0,18900.0,18750.0,18900.0,24000.0
8577,2021-05-21,18900.0,19000.0,18800.0,18900.0,27307.0
8578,2021-05-21,18900.0,18900.0,18800.0,18850.0,14544.0
8579,2021-05-24,18950.0,19100.0,18950.0,19050.0,35417.0
8580,2021-05-24,19050.0,19100.0,19000.0,19100.0,29236.0
8581,2021-05-24,18900.0,19150.0,18900.0,18950.0,77670.0
8582,2021-05-24,18800.0,18850.0,18550.0,18650.0,50501.0
8583,2021-05-24,18500.0,18650.0,18500.0,18500.0,12277.0
8584,2021-05-24,18650.0,18650.0,18500.0,18500.0,14158.0
8585,2021-05-24,18500.0,19050.0,18500.0,18900.0,34836.0
8586,2021-05-25,19250.0,19550.0,19100.0,19400.0,221170.0
8587,2021-05-25,19400.0,19550.0,19350.0,19450.0,66142.0
8588,2021-05-25,19450.0,19500.0,19400.0,19450.0,35393.0
8589,2021-05-25,19450.0,19500.0,19400.0,19450.0,15532.0
8590,2021-05-25,19450.0,19450.0,19350.0,19400.0,22063.0
8591,2021-05-25,19400.0,19450.0,19350.0,19400.0,17907.0
8592,2021-05-25,19400.0,19450.0,19300.0,19300.0,19997.0
8593,2021-05-26,19350.0,19400.0,19300.0,19350.0,25727.0
8594,2021-05-26,19400.0,19500.0,19250.0,19400.0,23357.0
8595,2021-05-26,19450.0,19450.0,19300.0,19350.0,16985.0
8596,2021-05-26,19500.0,19500.0,19400.0,19450.0,10315.0
8597,2021-05-26,19450.0,19500.0,19350.0,19450.0,15072.0
8598,2021-05-26,19700.0,19750.0,19450.0,19450.0,31941.0
8599,2021-05-26,19550.0,19900.0,19500.0,19750.0,153771.0
8600,2021-05-27,19250.0,19350.0,18950.0,19050.0,67901.0
8601,2021-05-27,19050.0,19100.0,18950.0,19000.0,21319.0
8602,2021-05-27,18950.0,19100.0,18900.0,19100.0,20018.0
8603,2021-05-27,19100.0,19200.0,19000.0,19100.0,12452.0
8604,2021-05-27,19150.0,19200.0,19050.0,19150.0,9785.0
8605,2021-05-27,19100.0,19150.0,19000.0,19050.0,15998.0
8606,2021-05-27,19150.0,19150.0,19050.0,19100.0,9376.0
8607,2021-05-28,19000.0,19200.0,19000.0,19150.0,25421.0
8608,2021-05-28,18900.0,19050.0,18850.0,19000.0,38581.0
8609,2021-05-28,18900.0,18950.0,18850.0,18900.0,17952.0
8610,2021-05-28,19100.0,19150.0,18950.0,19050.0,20967.0
8611,2021-05-28,19050.0,19050.0,18850.0,18850.0,27808.0
8612,2021-05-28,19000.0,19050.0,19000.0,19050.0,8599.0
8613,2021-05-28,18850.0,18900.0,18850.0,18900.0,14264.0
8614,2021-05-31,18950.0,19000.0,18900.0,18950.0,12030.0
8615,2021-05-31,18950.0,19000.0,18900.0,18900.0,13270.0
8616,2021-05-31,18900.0,19000.0,18900.0,19000.0,10818.0
8617,2021-05-31,19100.0,19150.0,18900.0,19000.0,27716.0
8618,2021-05-31,18950.0,18950.0,18850.0,18950.0,23512.0
8619,2021-05-31,19000.0,19000.0,18800.0,18900.0,25484.0
8620,2021-05-31,18950.0,18950.0,18900.0,18900.0,11276.0
8621,2021-06-01,18850.0,19050.0,18800.0,19000.0,24004.0
8622,2021-06-01,19000.0,19300.0,18900.0,19250.0,40201.0
8623,2021-06-01,19250.0,19350.0,19200.0,19350.0,43332.0
8624,2021-06-01,19300.0,19350.0,19250.0,19350.0,27336.0
8625,2021-06-01,19350.0,19600.0,19300.0,19550.0,68827.0
8626,2021-06-01,19550.0,19650.0,19500.0,19550.0,73009.0
8627,2021-06-01,19550.0,19650.0,19550.0,19600.0,23782.0
8628,2021-06-02,19750.0,19800.0,19650.0,19750.0,19371.0
8629,2021-06-02,19800.0,19850.0,19750.0,19800.0,36431.0
8630,2021-06-02,19600.0,19850.0,19600.0,19750.0,52265.0
8631,2021-06-02,19650.0,19800.0,19550.0,19700.0,44814.0
8632,2021-06-02,19500.0,19600.0,19400.0,19400.0,27240.0
8633,2021-06-02,19700.0,19750.0,19500.0,19500.0,39517.0
8634,2021-06-02,19400.0,19700.0,19400.0,19600.0,35115.0
8635,2021-06-03,19900.0,20400.0,19800.0,20000.0,173410.0
8636,2021-06-03,20000.0,20350.0,20000.0,20250.0,57080.0
8637,2021-06-03,20250.0,20300.0,20100.0,20200.0,21257.0
8638,2021-06-03,20150.0,20300.0,20100.0,20150.0,23657.0
8639,2021-06-03,20150.0,20200.0,20100.0,20100.0,20530.0
8640,2021-06-03,20100.0,20150.0,19950.0,19950.0,23361.0
8641,2021-06-03,19950.0,20000.0,19900.0,19900.0,15918.0
8642,2021-06-04,21100.0,21150.0,21050.0,21150.0,44635.0
8643,2021-06-04,21000.0,21150.0,20900.0,21150.0,90459.0
8644,2021-06-04,21200.0,21300.0,20800.0,21000.0,150745.0
8645,2021-06-04,20400.0,21100.0,20300.0,20650.0,520507.0
8646,2021-06-04,20800.0,21400.0,20750.0,21250.0,387616.0
8647,2021-06-04,20650.0,20750.0,20550.0,20750.0,84572.0
8648,2021-06-04,21250.0,21300.0,21000.0,21200.0,115256.0
8649,2021-06-07,24800.0,25650.0,24750.0,25050.0,734493.0
8650,2021-06-07,25100.0,25450.0,24500.0,25450.0,523058.0
8651,2021-06-07,26250.0,26650.0,24750.0,24800.0,1514832.0
8652,2021-06-07,22200.0,24400.0,21800.0,23450.0,2341182.0
8653,2021-06-07,24150.0,25750.0,23450.0,25400.0,2303609.0
8654,2021-06-07,23500.0,24400.0,22650.0,24150.0,1025082.0
8655,2021-06-07,25400.0,26450.0,24650.0,26250.0,1874037.0
8656,2021-06-08,25750.0,27400.0,24100.0,24200.0,2623369.0
8657,2021-06-08,24200.0,24350.0,23800.0,24250.0,416041.0
8658,2021-06-08,24250.0,24600.0,24200.0,24550.0,196245.0
8659,2021-06-08,24550.0,24600.0,24150.0,24200.0,160987.0
8660,2021-06-08,24200.0,24600.0,24200.0,24350.0,147902.0
8661,2021-06-08,24350.0,24450.0,24150.0,24400.0,136039.0
8662,2021-06-08,24400.0,24800.0,24400.0,24700.0,175165.0
8663,2021-06-09,23950.0,23950.0,23750.0,23800.0,122306.0
8664,2021-06-09,23850.0,24050.0,23800.0,24000.0,91731.0
8665,2021-06-09,23750.0,24150.0,23750.0,23850.0,109672.0
8666,2021-06-09,24100.0,24350.0,23600.0,23900.0,280845.0
8667,2021-06-09,23850.0,24050.0,23650.0,23800.0,117941.0
8668,2021-06-09,24350.0,24950.0,23800.0,24100.0,698711.0
8669,2021-06-09,23800.0,23850.0,23700.0,23800.0,95193.0
8670,2021-06-10,23600.0,24800.0,23350.0,24600.0,774183.0
8671,2021-06-10,24600.0,25050.0,24300.0,24300.0,383356.0
8672,2021-06-10,24300.0,24500.0,24250.0,24400.0,71666.0
8673,2021-06-10,24450.0,24500.0,24250.0,24250.0,56941.0
8674,2021-06-10,24250.0,24350.0,24100.0,24100.0,80735.0
8675,2021-06-10,24150.0,24200.0,24000.0,24150.0,76549.0
8676,2021-06-10,24200.0,24350.0,23900.0,24200.0,82243.0
8677,2021-06-11,23000.0,23050.0,22900.0,22900.0,89093.0
8678,2021-06-11,23100.0,23200.0,22950.0,23000.0,84312.0
8679,2021-06-11,23200.0,23300.0,23050.0,23200.0,58974.0
8680,2021-06-11,23400.0,23450.0,22750.0,23100.0,318680.0
8681,2021-06-11,23900.0,24050.0,23350.0,23350.0,212030.0
8682,2021-06-11,23950.0,24150.0,23500.0,23900.0,386775.0
8683,2021-06-11,23100.0,23250.0,23000.0,23200.0,71136.0
8684,2021-06-14,23150.0,23350.0,22700.0,23200.0,202590.0
8685,2021-06-14,23200.0,23250.0,22950.0,23050.0,58509.0
8686,2021-06-14,23050.0,23300.0,23050.0,23300.0,34849.0
8687,2021-06-14,23250.0,23300.0,23150.0,23200.0,27812.0
8688,2021-06-14,23200.0,23500.0,23200.0,23300.0,70169.0
8689,2021-06-14,23300.0,23450.0,23300.0,23350.0,34516.0
8690,2021-06-14,23350.0,23400.0,23300.0,23300.0,31540.0
8691,2021-06-15,23150.0,23650.0,23100.0,23300.0,149386.0
8692,2021-06-15,23250.0,23300.0,22600.0,22650.0,208414.0
8693,2021-06-15,22700.0,22900.0,22650.0,22850.0,27209.0
8694,2021-06-15,22900.0,22900.0,22800.0,22900.0,27744.0
