,Datetime,Open,High,Low,Close,Volume
0,2016-04-14,8380.0,8710.0,8300.0,8400.0,236475.0
1,2016-04-14,8400.0,9340.0,8310.0,8750.0,671262.0
2,2016-04-14,8770.0,8860.0,8400.0,8790.0,291230.0
3,2016-04-15,9410.0,9470.0,9040.0,9200.0,325424.0
4,2016-04-15,8750.0,9410.0,8650.0,9070.0,559406.0
5,2016-04-15,9070.0,9890.0,8990.0,9440.0,884595.0
6,2016-04-18,9760.0,9790.0,9000.0,9230.0,298794.0
7,2016-04-18,9350.0,10400.0,9270.0,9840.0,1209200.0
8,2016-04-18,9840.0,9930.0,9650.0,9770.0,139744.0
9,2016-04-19,9000.0,9160.0,8880.0,8900.0,91562.0
10,2016-04-19,9500.0,9720.0,9120.0,9260.0,232894.0
11,2016-04-19,9260.0,9260.0,8560.0,9000.0,197160.0
12,2016-04-20,8400.0,8480.0,8210.0,8210.0,132994.0
13,2016-04-20,8840.0,9080.0,8420.0,8520.0,210337.0
14,2016-04-20,8520.0,8560.0,8380.0,8430.0,72405.0
15,2016-04-21,8280.0,8400.0,7840.0,8050.0,227432.0
16,2016-04-21,8050.0,8050.0,7850.0,7970.0,82237.0
17,2016-04-21,7970.0,7970.0,7660.0,7660.0,110149.0
18,2016-04-22,7760.0,7890.0,7630.0,7790.0,103248.0
19,2016-04-22,7780.0,7810.0,7700.0,7740.0,23673.0
20,2016-04-22,7740.0,7770.0,7390.0,7440.0,106131.0
21,2016-04-25,7520.0,7590.0,7270.0,7310.0,89332.0
22,2016-04-25,7320.0,7360.0,7250.0,7300.0,31876.0
23,2016-04-25,7300.0,7360.0,7210.0,7310.0,55023.0
24,2016-04-26,7420.0,7420.0,7100.0,7250.0,82468.0
25,2016-04-26,7250.0,7430.0,7240.0,7350.0,42732.0
26,2016-04-26,7330.0,7360.0,7260.0,7360.0,37189.0
27,2016-04-27,7210.0,7210.0,7090.0,7090.0,58986.0
28,2016-04-27,7200.0,7230.0,7130.0,7210.0,37263.0
29,2016-04-27,7360.0,7360.0,7180.0,7190.0,41929.0
30,2016-04-28,7160.0,7220.0,7110.0,7170.0,16196.0
31,2016-04-28,7150.0,7240.0,7120.0,7190.0,36876.0
32,2016-04-28,7120.0,7280.0,6990.0,7180.0,70089.0
33,2016-04-29,7180.0,7240.0,6810.0,6920.0,101008.0
34,2016-04-29,6960.0,7050.0,6900.0,6980.0,25310.0
35,2016-04-29,6950.0,6980.0,6830.0,6830.0,49684.0
36,2016-05-02,6940.0,7590.0,6900.0,7070.0,408423.0
37,2016-05-02,7070.0,7180.0,7000.0,7020.0,52531.0
38,2016-05-02,7030.0,7100.0,6920.0,6990.0,60777.0
39,2016-05-03,7050.0,7140.0,6990.0,7020.0,62127.0
40,2016-05-03,7020.0,7180.0,6990.0,7140.0,25739.0
41,2016-05-03,7150.0,7170.0,7020.0,7110.0,25263.0
42,2016-05-04,7180.0,7290.0,6990.0,7070.0,76791.0
43,2016-05-04,7070.0,7080.0,6970.0,7040.0,23082.0
44,2016-05-04,7010.0,7010.0,6790.0,6900.0,37218.0
45,2016-05-09,6680.0,6700.0,6500.0,6500.0,36740.0
46,2016-05-09,6810.0,6890.0,6630.0,6720.0,46308.0
47,2016-05-09,6720.0,6790.0,6660.0,6700.0,10909.0
48,2016-05-10,6950.0,6960.0,6750.0,6870.0,19297.0
49,2016-05-10,6890.0,7200.0,6840.0,6920.0,86640.0
50,2016-05-10,6550.0,7190.0,6530.0,6950.0,108970.0
51,2016-05-11,7020.0,7110.0,6830.0,7080.0,39831.0
52,2016-05-11,7060.0,7290.0,7020.0,7150.0,32896.0
53,2016-05-11,7150.0,7210.0,7060.0,7070.0,28117.0
54,2016-05-12,7150.0,7340.0,7050.0,7100.0,56298.0
55,2016-05-12,7150.0,7210.0,7060.0,7140.0,24320.0
56,2016-05-12,7100.0,7170.0,7060.0,7150.0,10816.0
57,2016-05-13,7210.0,7210.0,6980.0,7040.0,27749.0
58,2016-05-13,7050.0,7140.0,7020.0,7140.0,13013.0
59,2016-05-13,7100.0,7170.0,7030.0,7130.0,14756.0
60,2016-05-16,7200.0,7200.0,7050.0,7060.0,22569.0
61,2016-05-16,7070.0,7160.0,7030.0,7070.0,16783.0
62,2016-05-16,7050.0,7070.0,6850.0,6920.0,24266.0
63,2016-05-17,6770.0,7150.0,6750.0,7100.0,30942.0
64,2016-05-17,6730.0,6800.0,6690.0,6770.0,21011.0
65,2016-05-17,6860.0,6920.0,6700.0,6730.0,29392.0
66,2016-05-18,7170.0,7200.0,6940.0,7080.0,28422.0
67,2016-05-18,7070.0,7100.0,7000.0,7070.0,11292.0
68,2016-05-18,7080.0,7080.0,6850.0,6850.0,18299.0
69,2016-05-19,6770.0,7090.0,6770.0,7050.0,17175.0
70,2016-05-19,7050.0,7100.0,6950.0,7080.0,17491.0
71,2016-05-19,7060.0,7080.0,6990.0,7020.0,7051.0
72,2016-05-20,7020.0,7020.0,6940.0,6950.0,9160.0
73,2016-05-20,6940.0,7180.0,6940.0,6960.0,11309.0
74,2016-05-20,6970.0,7030.0,6930.0,7030.0,7388.0
75,2016-05-23,6950.0,7070.0,6850.0,6970.0,12111.0
76,2016-05-23,6920.0,7000.0,6840.0,6890.0,7701.0
77,2016-05-23,6890.0,7120.0,6870.0,7090.0,33771.0
78,2016-05-24,7120.0,7340.0,7000.0,7020.0,49800.0
79,2016-05-24,7020.0,7080.0,6920.0,7050.0,7320.0
80,2016-05-24,7010.0,7190.0,6950.0,6960.0,29504.0
81,2016-05-25,7060.0,7100.0,6970.0,7090.0,19269.0
82,2016-05-25,7060.0,7080.0,7030.0,7060.0,6570.0
83,2016-05-25,7010.0,7180.0,6960.0,7060.0,13248.0
84,2016-05-26,7080.0,7350.0,7080.0,7350.0,65345.0
85,2016-05-26,7110.0,7250.0,7060.0,7200.0,44264.0
86,2016-05-26,7200.0,7200.0,7080.0,7100.0,17668.0
87,2016-05-27,7210.0,7320.0,7200.0,7200.0,22351.0
88,2016-05-27,7400.0,7500.0,7160.0,7220.0,65028.0
89,2016-05-27,7220.0,7250.0,7170.0,7230.0,12570.0
90,2016-05-30,7240.0,7280.0,7110.0,7150.0,23847.0
91,2016-05-30,7160.0,7160.0,7050.0,7110.0,16000.0
92,2016-05-30,7110.0,7110.0,6810.0,6810.0,35745.0
93,2016-05-31,6760.0,6990.0,6760.0,6910.0,17011.0
94,2016-05-31,6940.0,6950.0,6900.0,6940.0,7225.0
95,2016-05-31,6940.0,6950.0,6870.0,6940.0,7315.0
96,2016-06-01,6940.0,6990.0,6800.0,6900.0,7128.0
97,2016-06-01,6900.0,6910.0,6800.0,6890.0,5404.0
98,2016-06-01,6890.0,6900.0,6780.0,6880.0,9239.0
99,2016-06-02,6810.0,6970.0,6690.0,6770.0,17584.0
100,2016-06-02,6770.0,6770.0,6690.0,6730.0,12841.0
101,2016-06-02,6730.0,6800.0,6690.0,6710.0,14930.0
102,2016-06-03,6600.0,6610.0,6550.0,6560.0,9941.0
103,2016-06-03,6750.0,6750.0,6500.0,6640.0,33710.0
104,2016-06-03,6640.0,6640.0,6530.0,6600.0,4336.0
105,2016-06-07,6560.0,6610.0,6460.0,6500.0,26154.0
106,2016-06-07,6500.0,6530.0,6480.0,6500.0,5851.0
107,2016-06-07,6500.0,6620.0,6430.0,6580.0,47918.0
108,2016-06-08,6640.0,6640.0,6440.0,6510.0,11091.0
109,2016-06-08,6510.0,6540.0,6480.0,6510.0,7446.0
110,2016-06-08,6510.0,6530.0,6320.0,6320.0,29156.0
111,2016-06-09,6400.0,6400.0,6330.0,6370.0,4118.0
112,2016-06-09,6390.0,6430.0,6340.0,6400.0,3924.0
113,2016-06-09,6390.0,6490.0,6320.0,6390.0,11561.0
114,2016-06-10,6490.0,6490.0,6300.0,6310.0,5715.0
115,2016-06-10,6350.0,6420.0,6300.0,6360.0,6269.0
116,2016-06-10,6360.0,6380.0,6300.0,6360.0,9579.0
117,2016-06-13,6300.0,6360.0,6230.0,6300.0,7204.0
118,2016-06-13,6240.0,6300.0,6070.0,6100.0,14487.0
119,2016-06-13,6100.0,6220.0,6070.0,6110.0,12143.0
120,2016-06-14,6090.0,6410.0,6090.0,6410.0,34817.0
121,2016-06-14,5920.0,6130.0,5880.0,6110.0,11253.0
122,2016-06-14,6020.0,6200.0,5800.0,5930.0,42654.0
123,2016-06-15,6470.0,6540.0,6400.0,6480.0,9738.0
124,2016-06-15,6470.0,6610.0,6390.0,6580.0,37762.0
125,2016-06-15,6580.0,6600.0,6430.0,6500.0,8613.0
126,2016-06-16,6480.0,6530.0,6250.0,6320.0,15391.0
127,2016-06-16,6320.0,6370.0,6200.0,6290.0,15451.0
128,2016-06-16,6290.0,6290.0,6120.0,6150.0,21971.0
129,2016-06-17,6120.0,6230.0,6060.0,6150.0,18213.0
130,2016-06-17,6130.0,6150.0,6040.0,6080.0,7317.0
131,2016-06-17,6080.0,6100.0,5900.0,5900.0,15311.0
132,2016-06-20,6000.0,6060.0,5890.0,6000.0,6828.0
133,2016-06-20,6000.0,6040.0,5930.0,6020.0,4840.0
134,2016-06-20,6020.0,6020.0,5940.0,6000.0,6967.0
135,2016-06-21,5950.0,6050.0,5890.0,6040.0,19597.0
136,2016-06-21,6030.0,6030.0,5830.0,5890.0,8357.0
137,2016-06-21,5890.0,5980.0,5860.0,5960.0,5468.0
138,2016-06-22,6080.0,6150.0,6040.0,6140.0,8079.0
139,2016-06-22,5980.0,6080.0,5960.0,6080.0,6988.0
140,2016-06-22,5990.0,6060.0,5930.0,5980.0,26716.0
141,2016-06-23,6070.0,6070.0,5850.0,5960.0,8997.0
142,2016-06-23,5960.0,6100.0,5890.0,6100.0,4486.0
143,2016-06-23,6160.0,6230.0,6000.0,6080.0,19207.0
144,2016-06-24,6010.0,6120.0,5730.0,5970.0,27011.0
145,2016-06-24,5960.0,6000.0,5270.0,5510.0,26439.0
146,2016-06-24,5510.0,5540.0,5270.0,5350.0,29262.0
147,2016-06-27,5050.0,5550.0,5040.0,5500.0,47263.0
148,2016-06-27,5500.0,5500.0,5230.0,5430.0,8610.0
149,2016-06-27,5440.0,5620.0,5350.0,5590.0,21853.0
150,2016-06-28,5370.0,5610.0,5310.0,5590.0,25381.0
151,2016-06-28,5590.0,5650.0,5500.0,5620.0,5062.0
152,2016-06-28,5610.0,5690.0,5600.0,5650.0,8620.0
153,2016-06-29,5630.0,5760.0,5580.0,5750.0,15986.0
154,2016-06-29,5740.0,5870.0,5700.0,5840.0,15268.0
155,2016-06-29,5840.0,5840.0,5750.0,5830.0,5298.0
156,2016-06-30,5800.0,5840.0,5750.0,5810.0,4062.0
157,2016-06-30,5890.0,5900.0,5750.0,5840.0,14168.0
158,2016-06-30,5840.0,5860.0,5780.0,5820.0,4296.0
159,2016-07-01,5880.0,5980.0,5840.0,5940.0,5393.0
160,2016-07-01,5810.0,5950.0,5790.0,5880.0,8196.0
161,2016-07-01,5910.0,5950.0,5900.0,5910.0,4814.0
162,2016-07-04,5870.0,6000.0,5870.0,5900.0,11209.0
163,2016-07-04,5900.0,5950.0,5850.0,5910.0,8693.0
164,2016-07-04,5910.0,5980.0,5890.0,5980.0,2823.0
165,2016-07-05,5980.0,6080.0,5920.0,6000.0,16785.0
166,2016-07-05,6000.0,6070.0,5930.0,5990.0,11912.0
167,2016-07-05,5980.0,6020.0,5910.0,5960.0,4847.0
168,2016-07-06,6030.0,6550.0,6030.0,6340.0,142363.0
169,2016-07-06,6010.0,6090.0,5920.0,6010.0,11962.0
170,2016-07-06,6010.0,6100.0,5920.0,6080.0,15465.0
171,2016-07-07,6230.0,6430.0,6220.0,6330.0,18739.0
172,2016-07-07,6290.0,6350.0,6250.0,6270.0,10182.0
173,2016-07-07,6270.0,6330.0,6220.0,6290.0,16669.0
174,2016-07-08,6250.0,6540.0,6160.0,6360.0,42116.0
175,2016-07-08,6310.0,6370.0,6260.0,6330.0,6913.0
176,2016-07-08,6310.0,6450.0,6310.0,6400.0,6132.0
177,2016-07-11,6390.0,6400.0,6280.0,6310.0,10967.0
178,2016-07-11,6370.0,6460.0,6330.0,6400.0,13382.0
179,2016-07-11,6430.0,6440.0,6310.0,6370.0,8787.0
180,2016-07-12,6390.0,6410.0,6360.0,6380.0,5851.0
181,2016-07-12,6260.0,6380.0,6020.0,6240.0,9188.0
182,2016-07-12,6310.0,6410.0,6170.0,6390.0,16430.0
183,2016-07-13,6460.0,6480.0,6310.0,6450.0,6891.0
184,2016-07-13,6410.0,6460.0,6360.0,6390.0,4820.0
185,2016-07-13,6390.0,6440.0,6300.0,6400.0,11324.0
186,2016-07-14,6400.0,6470.0,6360.0,6370.0,6126.0
187,2016-07-14,6370.0,6390.0,6300.0,6350.0,3017.0
188,2016-07-14,6360.0,6390.0,6260.0,6370.0,8948.0
189,2016-07-15,6410.0,6420.0,6310.0,6320.0,6653.0
190,2016-07-15,6320.0,6350.0,6180.0,6210.0,10876.0
191,2016-07-15,6240.0,6350.0,6200.0,6210.0,7520.0
192,2016-07-18,6300.0,6300.0,6110.0,6190.0,3789.0
193,2016-07-18,6190.0,6250.0,6140.0,6200.0,2910.0
194,2016-07-18,6150.0,6200.0,6140.0,6200.0,3512.0
195,2016-07-19,6160.0,6200.0,6140.0,6200.0,6464.0
196,2016-07-19,6140.0,6180.0,6110.0,6140.0,2882.0
197,2016-07-19,6140.0,6260.0,6100.0,6140.0,7428.0
198,2016-07-20,6270.0,6270.0,6160.0,6180.0,5456.0
199,2016-07-20,6180.0,6220.0,6130.0,6140.0,4047.0
200,2016-07-20,6180.0,6230.0,6080.0,6220.0,9109.0
201,2016-07-21,6260.0,6260.0,6130.0,6130.0,2521.0
202,2016-07-21,6140.0,6210.0,6100.0,6210.0,5311.0
203,2016-07-21,6190.0,6200.0,6100.0,6100.0,4997.0
204,2016-07-22,6150.0,6170.0,6110.0,6160.0,4607.0
205,2016-07-22,6120.0,6160.0,6080.0,6120.0,4824.0
206,2016-07-22,6080.0,6120.0,6010.0,6110.0,4831.0
207,2016-07-25,6180.0,6250.0,6160.0,6220.0,6565.0
208,2016-07-25,6140.0,6410.0,6050.0,6290.0,37189.0
209,2016-07-25,6280.0,6420.0,6160.0,6240.0,26861.0
210,2016-07-26,6310.0,6320.0,6220.0,6290.0,12801.0
211,2016-07-26,6290.0,6300.0,6190.0,6220.0,16196.0
212,2016-07-26,6200.0,6290.0,6180.0,6220.0,9508.0
213,2016-07-27,6260.0,6260.0,6130.0,6180.0,18035.0
214,2016-07-27,6170.0,6250.0,6170.0,6190.0,3226.0
215,2016-07-27,6190.0,6420.0,6150.0,6420.0,55674.0
216,2016-07-28,6610.0,6780.0,6610.0,6770.0,48619.0
217,2016-07-28,6300.0,6900.0,6290.0,6650.0,196419.0
218,2016-07-28,6650.0,6760.0,6570.0,6650.0,38810.0
219,2016-07-29,6900.0,6970.0,6720.0,6780.0,65027.0
220,2016-07-29,6770.0,6810.0,6740.0,6800.0,5631.0
221,2016-07-29,6790.0,6790.0,6670.0,6710.0,11835.0
222,2016-08-01,6700.0,6860.0,6600.0,6600.0,22445.0
223,2016-08-01,6610.0,6710.0,6590.0,6680.0,5032.0
224,2016-08-01,6640.0,6700.0,6510.0,6700.0,11217.0
225,2016-08-01,6700.0,6730.0,6560.0,6630.0,4016.0
226,2016-08-02,6800.0,6800.0,6740.0,6790.0,8806.0
227,2016-08-02,6630.0,6700.0,6610.0,6660.0,3060.0
228,2016-08-02,6580.0,6760.0,6480.0,6690.0,18306.0
229,2016-08-02,6640.0,6860.0,6620.0,6810.0,31886.0
230,2016-08-03,6860.0,6860.0,6610.0,6690.0,26514.0
231,2016-08-03,6690.0,6740.0,6650.0,6660.0,14287.0
232,2016-08-03,6690.0,6690.0,6610.0,6610.0,5869.0
233,2016-08-03,6620.0,6660.0,6580.0,6580.0,4835.0
234,2016-08-04,6720.0,6740.0,6690.0,6740.0,7451.0
235,2016-08-04,6610.0,6710.0,6500.0,6640.0,8530.0
236,2016-08-04,6640.0,6730.0,6630.0,6700.0,16249.0
237,2016-08-04,6640.0,6760.0,6630.0,6720.0,10235.0
238,2016-08-05,6710.0,6800.0,6680.0,6800.0,8614.0
239,2016-08-05,6780.0,7080.0,6700.0,6800.0,63294.0
240,2016-08-05,6800.0,6850.0,6780.0,6830.0,4053.0
241,2016-08-05,6650.0,6840.0,6630.0,6710.0,17112.0
242,2016-08-08,6850.0,6930.0,6640.0,6700.0,26970.0
243,2016-08-08,6700.0,6780.0,6630.0,6740.0,14599.0
244,2016-08-08,6740.0,6890.0,6740.0,6760.0,27155.0
245,2016-08-08,6800.0,6850.0,6760.0,6850.0,11675.0
246,2016-08-09,6680.0,6740.0,6660.0,6660.0,5512.0
247,2016-08-09,6750.0,6780.0,6670.0,6730.0,4673.0
248,2016-08-09,6730.0,6730.0,6630.0,6690.0,14539.0
249,2016-08-09,6900.0,6900.0,6670.0,6780.0,17233.0
250,2016-08-10,6730.0,6850.0,6630.0,6740.0,7085.0
251,2016-08-10,6740.0,6750.0,6670.0,6730.0,4125.0
252,2016-08-10,6670.0,6740.0,6640.0,6700.0,7589.0
253,2016-08-10,6660.0,6730.0,6660.0,6710.0,474.0
254,2016-08-11,6560.0,6590.0,6500.0,6510.0,2424.0
255,2016-08-11,6610.0,6690.0,6550.0,6560.0,9061.0
256,2016-08-11,6720.0,6790.0,6620.0,6700.0,2740.0
257,2016-08-11,6630.0,6740.0,6600.0,6640.0,5570.0
258,2016-08-12,6580.0,6700.0,6480.0,6570.0,12168.0
259,2016-08-12,6570.0,6630.0,6450.0,6470.0,4949.0
260,2016-08-12,6460.0,6580.0,6450.0,6500.0,6806.0
261,2016-08-12,6470.0,6520.0,6390.0,6480.0,13974.0
262,2016-08-16,6490.0,6490.0,6260.0,6370.0,17003.0
263,2016-08-16,6350.0,6400.0,6330.0,6330.0,8992.0
264,2016-08-16,6390.0,6400.0,6270.0,6340.0,11276.0
265,2016-08-16,6330.0,6340.0,6270.0,6330.0,1750.0
266,2016-08-17,6120.0,6200.0,6100.0,6100.0,6684.0
267,2016-08-17,6350.0,6350.0,6080.0,6090.0,26042.0
268,2016-08-17,6090.0,6200.0,6020.0,6160.0,19862.0
269,2016-08-17,6160.0,6170.0,6070.0,6140.0,3953.0
270,2016-08-18,6100.0,6300.0,6050.0,6270.0,9059.0
271,2016-08-18,6230.0,6270.0,6170.0,6230.0,1047.0
272,2016-08-18,6170.0,6220.0,6100.0,6190.0,4913.0
273,2016-08-18,6140.0,6190.0,6100.0,6100.0,1615.0
274,2016-08-19,6100.0,6200.0,6070.0,6160.0,3369.0
275,2016-08-19,6200.0,6290.0,6050.0,6230.0,7324.0
276,2016-08-19,6170.0,6200.0,6080.0,6140.0,5154.0
277,2016-08-19,6150.0,6220.0,6060.0,6150.0,9400.0
278,2016-08-22,6170.0,6170.0,6050.0,6140.0,6223.0
279,2016-08-22,6090.0,6130.0,6040.0,6050.0,4807.0
280,2016-08-22,6100.0,6140.0,6040.0,6090.0,3842.0
281,2016-08-22,6050.0,6090.0,6000.0,6070.0,2586.0
282,2016-08-23,6080.0,6130.0,5960.0,6050.0,7178.0
283,2016-08-23,6050.0,6070.0,6000.0,6000.0,6606.0
284,2016-08-23,6060.0,6100.0,5910.0,5960.0,14242.0
285,2016-08-23,5980.0,6020.0,5980.0,6020.0,1366.0
286,2016-08-24,5990.0,5990.0,5930.0,5990.0,518.0
287,2016-08-24,6010.0,6040.0,5950.0,5990.0,8713.0
288,2016-08-24,5960.0,5990.0,5920.0,5940.0,3139.0
289,2016-08-24,5960.0,6000.0,5880.0,5990.0,8398.0
290,2016-08-25,6030.0,6030.0,5860.0,5890.0,4064.0
291,2016-08-25,5890.0,5990.0,5870.0,5900.0,3835.0
292,2016-08-25,5900.0,6020.0,5890.0,5980.0,8242.0
293,2016-08-25,5960.0,6150.0,5960.0,6070.0,5258.0
294,2016-08-26,6030.0,6030.0,5900.0,5900.0,7715.0
295,2016-08-26,6170.0,6170.0,5960.0,6090.0,6897.0
296,2016-08-26,6030.0,6060.0,5950.0,5950.0,4932.0
297,2016-08-26,5950.0,6050.0,5940.0,6000.0,2036.0
298,2016-08-29,5850.0,6640.0,5850.0,6190.0,145253.0
299,2016-08-29,6200.0,6520.0,6120.0,6170.0,84667.0
300,2016-08-29,6170.0,6170.0,5990.0,6060.0,35004.0
301,2016-08-29,6060.0,6140.0,6050.0,6130.0,4884.0
302,2016-08-30,6110.0,6260.0,6090.0,6160.0,17050.0
303,2016-08-30,6150.0,6170.0,6100.0,6160.0,4216.0
304,2016-08-30,6110.0,6210.0,6100.0,6210.0,4183.0
305,2016-08-30,6200.0,6210.0,6150.0,6190.0,3417.0
306,2016-08-31,6260.0,6260.0,6110.0,6180.0,5426.0
307,2016-08-31,6150.0,6190.0,6110.0,6160.0,9557.0
308,2016-08-31,6120.0,6150.0,6010.0,6090.0,10887.0
309,2016-08-31,6030.0,6050.0,5920.0,6040.0,4421.0
310,2016-09-01,6170.0,6180.0,6150.0,6150.0,1974.0
311,2016-09-01,5940.0,6240.0,5940.0,6180.0,12712.0
312,2016-09-01,6180.0,6200.0,6090.0,6130.0,6535.0
313,2016-09-01,6140.0,6180.0,6130.0,6170.0,2437.0
314,2016-09-02,6180.0,6200.0,6120.0,6180.0,3040.0
315,2016-09-02,6160.0,6190.0,6160.0,6190.0,1180.0
316,2016-09-02,6250.0,6270.0,6120.0,6180.0,6409.0
317,2016-09-02,6150.0,6180.0,6140.0,6180.0,3494.0
318,2016-09-05,6150.0,6190.0,6150.0,6190.0,1314.0
319,2016-09-05,6200.0,6250.0,6120.0,6170.0,15180.0
320,2016-09-05,6130.0,6150.0,6080.0,6120.0,4674.0
321,2016-09-05,6090.0,6170.0,6090.0,6170.0,2581.0
322,2016-09-06,6240.0,6240.0,6120.0,6150.0,3440.0
323,2016-09-06,6150.0,6180.0,6120.0,6170.0,3946.0
324,2016-09-06,6130.0,6170.0,6110.0,6150.0,5694.0
325,2016-09-06,6120.0,6150.0,6120.0,6120.0,1131.0
326,2016-09-07,6210.0,6210.0,6080.0,6150.0,10561.0
327,2016-09-07,6110.0,6230.0,6110.0,6180.0,8784.0
328,2016-09-07,6170.0,6190.0,6140.0,6190.0,4395.0
329,2016-09-07,6150.0,6190.0,6150.0,6190.0,411.0
330,2016-09-08,6250.0,6640.0,6220.0,6510.0,108404.0
331,2016-09-08,6450.0,6480.0,6300.0,6410.0,24986.0
332,2016-09-08,6400.0,6450.0,6100.0,6240.0,36684.0
333,2016-09-08,6240.0,6250.0,6180.0,6180.0,10287.0
334,2016-09-09,5960.0,5990.0,5930.0,5970.0,3405.0
335,2016-09-09,5870.0,5960.0,5850.0,5960.0,12833.0
336,2016-09-09,5950.0,6040.0,5790.0,5870.0,24603.0
337,2016-09-09,6300.0,6300.0,5820.0,5950.0,30263.0
338,2016-09-12,5850.0,5910.0,5710.0,5850.0,13066.0
339,2016-09-12,5840.0,5860.0,5760.0,5800.0,6426.0
340,2016-09-12,5850.0,5850.0,5790.0,5800.0,3251.0
341,2016-09-12,5840.0,5840.0,5780.0,5830.0,3090.0
342,2016-09-13,5830.0,5900.0,5800.0,5900.0,1238.0
343,2016-09-13,5900.0,6080.0,5900.0,6040.0,14126.0
344,2016-09-13,6030.0,6060.0,5980.0,6050.0,5505.0
345,2016-09-13,6050.0,6070.0,5990.0,6020.0,3716.0
346,2016-09-19,6020.0,6160.0,5930.0,6040.0,7165.0
347,2016-09-19,6030.0,6040.0,5980.0,6040.0,1462.0
348,2016-09-19,6000.0,6040.0,5990.0,6030.0,2071.0
349,2016-09-19,6020.0,6080.0,6000.0,6080.0,1744.0
350,2016-09-20,6290.0,6290.0,6210.0,6280.0,4276.0
351,2016-09-20,6280.0,6330.0,6250.0,6270.0,5906.0
352,2016-09-20,6120.0,6560.0,6120.0,6290.0,62101.0
353,2016-09-20,6260.0,6290.0,6220.0,6290.0,8911.0
354,2016-09-21,6280.0,6290.0,6140.0,6230.0,18487.0
355,2016-09-21,6190.0,6250.0,6160.0,6250.0,4877.0
356,2016-09-21,6250.0,6390.0,6210.0,6360.0,8792.0
357,2016-09-21,6310.0,6350.0,6210.0,6310.0,6344.0
358,2016-09-22,6390.0,6610.0,6350.0,6370.0,67663.0
359,2016-09-22,6420.0,6420.0,6290.0,6330.0,19345.0
360,2016-09-22,6340.0,6390.0,6330.0,6390.0,2927.0
361,2016-09-22,6390.0,6400.0,6260.0,6260.0,7174.0
362,2016-09-23,6430.0,6430.0,6240.0,6330.0,7169.0
363,2016-09-23,6330.0,6400.0,6300.0,6320.0,3016.0
364,2016-09-23,6320.0,6370.0,6320.0,6360.0,4948.0
365,2016-09-23,6370.0,6400.0,6360.0,6360.0,2878.0
366,2016-09-26,6400.0,6510.0,6390.0,6450.0,9353.0
367,2016-09-26,6460.0,6500.0,6460.0,6480.0,3706.0
368,2016-09-26,6360.0,6470.0,6360.0,6460.0,7656.0
369,2016-09-26,6430.0,6500.0,6400.0,6460.0,15333.0
370,2016-09-27,6490.0,6590.0,6180.0,6360.0,9650.0
371,2016-09-27,6360.0,6390.0,6330.0,6380.0,4373.0
372,2016-09-27,6370.0,6420.0,6350.0,6410.0,4050.0
373,2016-09-27,6410.0,6420.0,6360.0,6360.0,3706.0
374,2016-09-28,6370.0,6430.0,6350.0,6370.0,4193.0
375,2016-09-28,6370.0,6400.0,6360.0,6400.0,537.0
376,2016-09-28,6440.0,6480.0,6360.0,6430.0,9688.0
377,2016-09-28,6430.0,6450.0,6360.0,6360.0,6888.0
378,2016-09-29,6400.0,6690.0,6390.0,6660.0,50583.0
379,2016-09-29,6660.0,6800.0,6520.0,6580.0,46807.0
380,2016-09-29,6580.0,6720.0,6570.0,6630.0,18345.0
381,2016-09-29,6590.0,6630.0,6580.0,6610.0,2512.0
382,2016-09-30,6680.0,7340.0,6530.0,6950.0,240849.0
383,2016-09-30,6950.0,7090.0,6850.0,7000.0,92793.0
384,2016-09-30,6990.0,6990.0,6850.0,6850.0,38928.0
385,2016-09-30,6880.0,7010.0,6820.0,7010.0,31808.0
386,2016-10-04,7010.0,7020.0,6910.0,6910.0,7436.0
387,2016-10-04,7160.0,7170.0,6890.0,7020.0,46516.0
388,2016-10-04,7100.0,7560.0,7050.0,7200.0,216763.0
389,2016-10-04,7200.0,7250.0,7110.0,7120.0,21699.0
390,2016-10-05,6920.0,7200.0,6810.0,6830.0,75887.0
391,2016-10-05,6850.0,7030.0,6840.0,7020.0,10834.0
392,2016-10-05,7010.0,7200.0,7000.0,7110.0,42048.0
393,2016-10-05,7110.0,7190.0,7110.0,7190.0,17166.0
394,2016-10-06,7230.0,7400.0,7060.0,7210.0,38048.0
395,2016-10-06,7210.0,7210.0,7100.0,7180.0,6690.0
396,2016-10-06,7130.0,7300.0,7100.0,7160.0,38175.0
397,2016-10-06,7160.0,7180.0,7100.0,7100.0,4847.0
398,2016-10-07,7060.0,7140.0,6910.0,6930.0,24565.0
399,2016-10-07,6930.0,6940.0,6750.0,6860.0,18966.0
400,2016-10-07,6860.0,6870.0,6650.0,6650.0,30569.0
401,2016-10-07,6660.0,6690.0,6560.0,6590.0,22113.0
402,2016-10-10,6570.0,6590.0,6500.0,6580.0,5446.0
403,2016-10-10,6580.0,6620.0,6570.0,6610.0,1349.0
404,2016-10-10,6600.0,6750.0,6470.0,6570.0,46337.0
405,2016-10-10,6570.0,6630.0,6530.0,6570.0,7404.0
406,2016-10-11,6660.0,6900.0,6580.0,6660.0,38157.0
407,2016-10-11,6730.0,7170.0,6680.0,6810.0,103533.0
408,2016-10-11,6810.0,6940.0,6760.0,6860.0,16627.0
409,2016-10-11,6810.0,6900.0,6810.0,6890.0,6953.0
410,2016-10-12,6910.0,6930.0,6780.0,6840.0,18376.0
411,2016-10-12,6830.0,6830.0,6660.0,6770.0,15355.0
412,2016-10-12,6750.0,6770.0,6660.0,6740.0,8716.0
413,2016-10-12,6670.0,6740.0,6660.0,6680.0,3687.0
414,2016-10-13,6570.0,6620.0,6500.0,6620.0,6313.0
415,2016-10-13,6520.0,6750.0,6480.0,6630.0,56516.0
416,2016-10-13,6590.0,6680.0,6560.0,6680.0,9290.0
417,2016-10-13,6690.0,6690.0,6510.0,6560.0,10125.0
418,2016-10-14,6620.0,6640.0,6480.0,6620.0,14840.0
419,2016-10-14,6610.0,6610.0,6520.0,6560.0,1419.0
420,2016-10-14,6560.0,6610.0,6540.0,6600.0,6974.0
421,2016-10-14,6600.0,6610.0,6530.0,6600.0,2770.0
422,2016-10-17,6590.0,6620.0,6550.0,6600.0,5231.0
423,2016-10-17,6580.0,6600.0,6510.0,6570.0,7550.0
424,2016-10-17,6640.0,6640.0,6490.0,6530.0,12375.0
425,2016-10-17,6530.0,6680.0,6500.0,6620.0,10077.0
426,2016-10-18,6490.0,6560.0,6470.0,6540.0,2900.0
427,2016-10-18,6530.0,6540.0,6400.0,6440.0,19440.0
428,2016-10-18,6430.0,6500.0,6400.0,6500.0,6826.0
429,2016-10-18,6570.0,6600.0,6440.0,6500.0,8958.0
430,2016-10-19,6500.0,6560.0,6410.0,6460.0,7267.0
431,2016-10-19,6460.0,6470.0,6420.0,6440.0,3524.0
432,2016-10-19,6450.0,6540.0,6440.0,6490.0,7563.0
433,2016-10-19,6450.0,6520.0,6430.0,6520.0,2527.0
434,2016-10-20,6530.0,6590.0,6530.0,6590.0,3652.0
435,2016-10-20,6570.0,6570.0,6510.0,6550.0,4378.0
436,2016-10-20,6520.0,6550.0,6490.0,6530.0,7038.0
437,2016-10-20,6520.0,6590.0,6450.0,6570.0,7298.0
438,2016-10-21,6630.0,8120.0,6630.0,7750.0,2006866.0
439,2016-10-21,7760.0,7830.0,7360.0,7590.0,490029.0
440,2016-10-21,7590.0,7840.0,7260.0,7730.0,568165.0
441,2016-10-21,7730.0,8280.0,7650.0,7850.0,862423.0
442,2016-10-24,7490.0,7710.0,7470.0,7710.0,116171.0
443,2016-10-24,7490.0,7520.0,7390.0,7490.0,137196.0
444,2016-10-24,7610.0,7830.0,7500.0,7530.0,382112.0
445,2016-10-24,7530.0,7600.0,7470.0,7490.0,91482.0
446,2016-10-25,7520.0,7590.0,7260.0,7340.0,204782.0
447,2016-10-25,7310.0,7660.0,7300.0,7660.0,78689.0
448,2016-10-25,7660.0,7670.0,7500.0,7600.0,84405.0
449,2016-10-25,7590.0,7740.0,7560.0,7690.0,102481.0
450,2016-10-26,8100.0,8780.0,7510.0,7540.0,924377.0
451,2016-10-26,7570.0,7570.0,7310.0,7400.0,120563.0
452,2016-10-26,7380.0,7410.0,7120.0,7300.0,117779.0
453,2016-10-26,7290.0,7310.0,7200.0,7200.0,36373.0
454,2016-10-27,7300.0,7460.0,7290.0,7460.0,44399.0
455,2016-10-27,7160.0,7310.0,7040.0,7260.0,105807.0
456,2016-10-27,7260.0,7340.0,7150.0,7200.0,46052.0
457,2016-10-27,7200.0,7360.0,7200.0,7300.0,55333.0
458,2016-10-28,7650.0,7870.0,7400.0,7560.0,428287.0
459,2016-10-28,7550.0,7550.0,7390.0,7460.0,46504.0
460,2016-10-28,7460.0,7490.0,7170.0,7240.0,79141.0
461,2016-10-28,7240.0,7270.0,7100.0,7100.0,48233.0
462,2016-10-31,6810.0,6840.0,6700.0,6700.0,11923.0
463,2016-10-31,6770.0,6870.0,6660.0,6810.0,21206.0
464,2016-10-31,7180.0,7200.0,6700.0,6890.0,108171.0
465,2016-10-31,6880.0,6880.0,6630.0,6770.0,34690.0
466,2016-11-01,6880.0,7110.0,6880.0,6890.0,66208.0
467,2016-11-01,6770.0,6830.0,6710.0,6730.0,19481.0
468,2016-11-01,6660.0,7030.0,6660.0,6880.0,64787.0
469,2016-11-01,6890.0,6920.0,6710.0,6790.0,33445.0
470,2016-11-02,6620.0,6970.0,6510.0,6690.0,88487.0
471,2016-11-02,6650.0,6710.0,6530.0,6560.0,25768.0
472,2016-11-02,6580.0,6610.0,6290.0,6370.0,54049.0
473,2016-11-02,6380.0,6450.0,6110.0,6110.0,37297.0
474,2016-11-03,6150.0,6390.0,6060.0,6180.0,60778.0
475,2016-11-03,6150.0,6270.0,6150.0,6190.0,25246.0
476,2016-11-03,6200.0,6200.0,6090.0,6170.0,44088.0
477,2016-11-03,6170.0,6400.0,6160.0,6370.0,13632.0
478,2016-11-04,6200.0,6350.0,6060.0,6190.0,44356.0
479,2016-11-04,6180.0,6270.0,6130.0,6190.0,13841.0
480,2016-11-04,6170.0,6200.0,6140.0,6190.0,18761.0
481,2016-11-04,6170.0,6190.0,6090.0,6100.0,20006.0
482,2016-11-07,6210.0,6230.0,6120.0,6190.0,16539.0
483,2016-11-07,6190.0,6360.0,6190.0,6340.0,13434.0
484,2016-11-07,6160.0,6250.0,6140.0,6180.0,16141.0
485,2016-11-07,6210.0,6230.0,6160.0,6210.0,15140.0
486,2016-11-08,6380.0,6410.0,6200.0,6220.0,49228.0
487,2016-11-08,6210.0,6230.0,6150.0,6220.0,16283.0
488,2016-11-08,6210.0,6270.0,6190.0,6210.0,8091.0
489,2016-11-08,6190.0,6240.0,6190.0,6230.0,5916.0
490,2016-11-09,6280.0,6280.0,6100.0,6100.0,31692.0
491,2016-11-09,6100.0,6110.0,5410.0,5680.0,103333.0
492,2016-11-09,5670.0,5790.0,5300.0,5750.0,45460.0
493,2016-11-09,5750.0,5780.0,5730.0,5740.0,6591.0
494,2016-11-10,6070.0,6080.0,5970.0,5970.0,11493.0
495,2016-11-10,5860.0,6150.0,5830.0,6040.0,46271.0
496,2016-11-10,6030.0,6130.0,5990.0,6050.0,29562.0
497,2016-11-10,6040.0,6070.0,5990.0,6070.0,7069.0
498,2016-11-11,6030.0,7260.0,6000.0,6930.0,1002831.0
499,2016-11-11,6930.0,7650.0,6870.0,7350.0,875939.0
500,2016-11-11,7390.0,7590.0,6730.0,6830.0,681080.0
501,2016-11-11,6820.0,7020.0,6740.0,7000.0,149918.0
502,2016-11-14,7230.0,7440.0,7230.0,7440.0,60511.0
503,2016-11-14,7620.0,7670.0,7260.0,7410.0,195277.0
504,2016-11-14,7280.0,7920.0,7160.0,7620.0,1063542.0
505,2016-11-14,7410.0,7470.0,7100.0,7270.0,144963.0
506,2016-11-15,7650.0,7930.0,7400.0,7650.0,539940.0
507,2016-11-15,7650.0,7700.0,7450.0,7460.0,97647.0
508,2016-11-15,7460.0,7690.0,7440.0,7650.0,106836.0
509,2016-11-15,7620.0,7660.0,7540.0,7600.0,43674.0
510,2016-11-16,7690.0,7760.0,7250.0,7520.0,142235.0
511,2016-11-16,7520.0,7600.0,7430.0,7530.0,43733.0
512,2016-11-16,7500.0,9580.0,7500.0,9420.0,818221.0
513,2016-11-16,9400.0,9880.0,9330.0,9880.0,743738.0
514,2016-11-17,10050.0,10050.0,9820.0,9880.0,221624.0
515,2016-11-17,10600.0,11500.0,10150.0,10500.0,2309268.0
516,2016-11-17,10500.0,10750.0,9990.0,10150.0,345060.0
517,2016-11-17,10150.0,10350.0,9910.0,10050.0,221060.0
518,2016-11-18,9980.0,10500.0,9550.0,10150.0,850363.0
519,2016-11-18,10100.0,10200.0,9950.0,10150.0,108988.0
520,2016-11-18,10150.0,11100.0,10100.0,10750.0,1198317.0
521,2016-11-18,10750.0,10800.0,10150.0,10400.0,279887.0
522,2016-11-21,9720.0,9720.0,9200.0,9200.0,175235.0
523,2016-11-21,10550.0,10750.0,9960.0,10350.0,654665.0
524,2016-11-21,10350.0,10450.0,10200.0,10300.0,157705.0
525,2016-11-21,10250.0,10350.0,9660.0,9720.0,296583.0
526,2016-11-22,9400.0,9720.0,8880.0,9200.0,567859.0
527,2016-11-22,9220.0,9330.0,9100.0,9140.0,71141.0
528,2016-11-22,9200.0,9380.0,9130.0,9280.0,84091.0
529,2016-11-22,9280.0,9310.0,9160.0,9310.0,47191.0
530,2016-11-23,9200.0,9580.0,8880.0,9400.0,300746.0
531,2016-11-23,9390.0,9400.0,9100.0,9330.0,46065.0
532,2016-11-23,9320.0,9320.0,8850.0,9050.0,94283.0
533,2016-11-23,9050.0,9170.0,9000.0,9020.0,61008.0
534,2016-11-24,9110.0,11150.0,9090.0,11050.0,3145080.0
535,2016-11-24,11000.0,11200.0,10700.0,11200.0,774880.0
536,2016-11-24,11200.0,11550.0,10700.0,11000.0,1534888.0
537,2016-11-24,11000.0,11250.0,10600.0,10650.0,606274.0
538,2016-11-25,13100.0,13800.0,12900.0,13800.0,1423612.0
539,2016-11-25,10450.0,13400.0,10400.0,13050.0,3128401.0
540,2016-11-25,10500.0,11000.0,10250.0,10450.0,870493.0
541,2016-11-25,10450.0,10500.0,10300.0,10500.0,99094.0
542,2016-11-28,13200.0,13650.0,13100.0,13300.0,186393.0
543,2016-11-28,13300.0,13700.0,12900.0,13400.0,396630.0
544,2016-11-28,13400.0,13550.0,13350.0,13500.0,120673.0
545,2016-11-28,13600.0,13950.0,13100.0,13250.0,879359.0
546,2016-11-29,13600.0,15050.0,13000.0,13100.0,2733593.0
547,2016-11-29,13100.0,13200.0,12900.0,13150.0,213909.0
548,2016-11-29,13100.0,13150.0,12150.0,12850.0,935836.0
549,2016-11-29,12850.0,12950.0,12450.0,12600.0,198650.0
550,2016-11-30,12750.0,12800.0,12550.0,12700.0,80806.0
551,2016-11-30,13000.0,13050.0,12700.0,12700.0,101749.0
552,2016-11-30,12700.0,13000.0,12550.0,12800.0,208469.0
553,2016-11-30,12600.0,13300.0,12450.0,13000.0,700389.0
554,2016-12-01,13650.0,13850.0,12800.0,12950.0,856254.0
555,2016-12-01,12950.0,13150.0,12600.0,12800.0,209563.0
556,2016-12-01,12800.0,12850.0,12450.0,12500.0,126482.0
557,2016-12-01,12450.0,12450.0,11800.0,11900.0,200998.0
558,2016-12-02,12050.0,12200.0,11900.0,12200.0,97315.0
559,2016-12-02,12450.0,12500.0,11800.0,12000.0,264500.0
560,2016-12-02,11800.0,12100.0,11600.0,11950.0,255760.0
561,2016-12-02,11900.0,12900.0,11700.0,12400.0,671671.0
562,2016-12-05,12150.0,12650.0,12050.0,12450.0,287546.0
563,2016-12-05,12500.0,14850.0,12350.0,14350.0,1988860.0
564,2016-12-05,14350.0,14600.0,13250.0,13400.0,939949.0
565,2016-12-05,13400.0,13550.0,13100.0,13550.0,145901.0
566,2016-12-06,13350.0,15550.0,13150.0,15150.0,1783906.0
567,2016-12-06,15150.0,16000.0,14300.0,14400.0,1600481.0
568,2016-12-06,14450.0,14650.0,13950.0,14300.0,603410.0
569,2016-12-06,14300.0,14600.0,14150.0,14600.0,150979.0
570,2016-12-07,13900.0,14050.0,13750.0,13850.0,79518.0
571,2016-12-07,14400.0,15250.0,14400.0,14550.0,685660.0
572,2016-12-07,14550.0,14800.0,14400.0,14400.0,139833.0
573,2016-12-07,14400.0,14550.0,13450.0,13850.0,394949.0
574,2016-12-08,14050.0,14450.0,13400.0,13400.0,424814.0
575,2016-12-08,13450.0,14200.0,13250.0,14050.0,206622.0
576,2016-12-08,14050.0,14850.0,13750.0,14150.0,549691.0
577,2016-12-08,14200.0,14650.0,14150.0,14650.0,197823.0
578,2016-12-09,14700.0,14750.0,14200.0,14300.0,114825.0
579,2016-12-09,14750.0,15050.0,14350.0,14550.0,489861.0
580,2016-12-09,14550.0,14850.0,14400.0,14700.0,171522.0
581,2016-12-09,14650.0,15150.0,14550.0,14700.0,416474.0
582,2016-12-12,14700.0,14700.0,14050.0,14100.0,335240.0
583,2016-12-12,14100.0,14500.0,14100.0,14450.0,114568.0
584,2016-12-12,14450.0,14650.0,14050.0,14150.0,207184.0
585,2016-12-12,14150.0,14350.0,14100.0,14200.0,90108.0
586,2016-12-13,13450.0,13550.0,12850.0,13100.0,648412.0
587,2016-12-13,13100.0,13400.0,12950.0,13200.0,233821.0
588,2016-12-13,13150.0,13200.0,12700.0,12750.0,251911.0
589,2016-12-13,12700.0,12950.0,12650.0,12900.0,110835.0
590,2016-12-14,12500.0,12500.0,12150.0,12200.0,156802.0
591,2016-12-14,13100.0,13150.0,12400.0,12600.0,407487.0
592,2016-12-14,12550.0,12850.0,12500.0,12600.0,169887.0
593,2016-12-14,12650.0,12700.0,12450.0,12500.0,117352.0
594,2016-12-15,12150.0,12450.0,11900.0,12200.0,364235.0
595,2016-12-15,12200.0,12250.0,12100.0,12150.0,63552.0
596,2016-12-15,12150.0,12350.0,12100.0,12150.0,90352.0
597,2016-12-15,12150.0,12350.0,12150.0,12350.0,69187.0
598,2016-12-16,11450.0,11450.0,11300.0,11450.0,46941.0
599,2016-12-16,12250.0,12250.0,11600.0,11750.0,386029.0
600,2016-12-16,11700.0,11800.0,11500.0,11600.0,115728.0
601,2016-12-16,11550.0,11600.0,11250.0,11450.0,221414.0
602,2016-12-19,11450.0,11500.0,11050.0,11250.0,241379.0
603,2016-12-19,11250.0,11500.0,11200.0,11350.0,130822.0
604,2016-12-19,11350.0,11550.0,11250.0,11550.0,83891.0
605,2016-12-19,11550.0,11550.0,11400.0,11450.0,43712.0
606,2016-12-20,11450.0,11700.0,11300.0,11450.0,212393.0
607,2016-12-20,11450.0,11550.0,11350.0,11400.0,73630.0
608,2016-12-20,11400.0,11500.0,11100.0,11250.0,88153.0
609,2016-12-20,11200.0,11250.0,11100.0,11100.0,43918.0
610,2016-12-21,11350.0,12000.0,11200.0,11800.0,920637.0
611,2016-12-21,11800.0,12400.0,11750.0,11950.0,803081.0
612,2016-12-21,11950.0,12150.0,11650.0,11750.0,349503.0
613,2016-12-21,11700.0,11750.0,11500.0,11550.0,111818.0
614,2016-12-22,10800.0,10850.0,10700.0,10700.0,82252.0
615,2016-12-22,10950.0,11100.0,10750.0,10850.0,137008.0
616,2016-12-22,11000.0,11000.0,10850.0,10900.0,58125.0
617,2016-12-22,11350.0,11350.0,10750.0,10950.0,404684.0
618,2016-12-23,10850.0,10950.0,10800.0,10950.0,45059.0
619,2016-12-23,10750.0,11300.0,10600.0,10950.0,442599.0
620,2016-12-23,11000.0,11000.0,10750.0,10850.0,58025.0
621,2016-12-23,10800.0,11000.0,10750.0,10900.0,90907.0
622,2016-12-26,11100.0,11150.0,10950.0,10950.0,34926.0
623,2016-12-26,11150.0,11150.0,11050.0,11050.0,29123.0
624,2016-12-26,10950.0,11250.0,10800.0,11100.0,251225.0
625,2016-12-26,11000.0,11300.0,10950.0,11150.0,205061.0
626,2016-12-27,10900.0,10950.0,10800.0,10900.0,48835.0
627,2016-12-27,11050.0,11500.0,11050.0,11200.0,326412.0
628,2016-12-27,11150.0,11300.0,10900.0,11100.0,79419.0
629,2016-12-27,11100.0,11200.0,10750.0,10900.0,92339.0
630,2016-12-28,10900.0,11200.0,10800.0,11100.0,93679.0
631,2016-12-28,11050.0,11450.0,11050.0,11250.0,124903.0
632,2016-12-28,11250.0,11450.0,11200.0,11300.0,120003.0
633,2016-12-28,11250.0,11400.0,11200.0,11350.0,44421.0
634,2016-12-29,11300.0,11350.0,11100.0,11200.0,111919.0
635,2016-12-29,11150.0,11200.0,10850.0,11000.0,69965.0
636,2016-12-29,11000.0,11150.0,10900.0,11050.0,92039.0
637,2016-12-29,11000.0,11200.0,11000.0,11150.0,38470.0
638,2017-01-02,11100.0,11100.0,10150.0,10250.0,344587.0
639,2017-01-02,10250.0,10350.0,10250.0,10350.0,50018.0
640,2017-01-02,10350.0,10500.0,10250.0,10400.0,89728.0
641,2017-01-03,10450.0,10500.0,10400.0,10400.0,30753.0
642,2017-01-03,10250.0,10500.0,10250.0,10450.0,53005.0
643,2017-01-03,10450.0,10550.0,10150.0,10300.0,133973.0
644,2017-01-03,10300.0,10400.0,10250.0,10250.0,46690.0
645,2017-01-04,10500.0,10750.0,10350.0,10600.0,168675.0
646,2017-01-04,10600.0,10700.0,10500.0,10600.0,39198.0
647,2017-01-04,10600.0,10600.0,10500.0,10550.0,24923.0
648,2017-01-04,10500.0,10550.0,10450.0,10450.0,22722.0
649,2017-01-05,10450.0,10550.0,10250.0,10250.0,45504.0
650,2017-01-05,10300.0,10500.0,10250.0,10400.0,25827.0
651,2017-01-05,10400.0,10700.0,10400.0,10650.0,73089.0
652,2017-01-05,10650.0,10650.0,10600.0,10600.0,10183.0
653,2017-01-06,10600.0,10750.0,10500.0,10650.0,69388.0
654,2017-01-06,10650.0,10700.0,10550.0,10600.0,17096.0
655,2017-01-06,10550.0,10600.0,10450.0,10500.0,28973.0
656,2017-01-06,10500.0,10600.0,10500.0,10600.0,15208.0
657,2017-01-09,10900.0,10950.0,10750.0,10800.0,52237.0
658,2017-01-09,10800.0,10900.0,10700.0,10900.0,55199.0
659,2017-01-09,10650.0,11050.0,10600.0,10850.0,278714.0
660,2017-01-09,10850.0,10900.0,10750.0,10800.0,25900.0
661,2017-01-10,10700.0,10750.0,10650.0,10650.0,18307.0
662,2017-01-10,10650.0,10700.0,10600.0,10650.0,10827.0
663,2017-01-10,10600.0,10700.0,10550.0,10600.0,23246.0
664,2017-01-10,10800.0,10950.0,10550.0,10700.0,103731.0
665,2017-01-11,10600.0,10900.0,10600.0,10750.0,69810.0
666,2017-01-11,10750.0,10750.0,10650.0,10700.0,13140.0
667,2017-01-11,10700.0,10800.0,10650.0,10800.0,24622.0
668,2017-01-11,10800.0,10900.0,10800.0,10900.0,45373.0
669,2017-01-12,10900.0,10950.0,10550.0,10700.0,59637.0
670,2017-01-12,10700.0,10850.0,10650.0,10650.0,16338.0
671,2017-01-12,10700.0,10700.0,10550.0,10650.0,18465.0
672,2017-01-12,10650.0,10650.0,10500.0,10500.0,17893.0
673,2017-01-13,10200.0,10300.0,10050.0,10250.0,36973.0
674,2017-01-13,10250.0,10300.0,10200.0,10250.0,18586.0
675,2017-01-13,10400.0,10650.0,10300.0,10500.0,64766.0
676,2017-01-13,10450.0,10450.0,9980.0,10200.0,119804.0
677,2017-01-16,10050.0,10300.0,9660.0,9770.0,152884.0
678,2017-01-16,9780.0,9860.0,9680.0,9720.0,39760.0
679,2017-01-16,9720.0,9790.0,9590.0,9640.0,70802.0
680,2017-01-16,9640.0,9640.0,9550.0,9550.0,29211.0
681,2017-01-17,9650.0,9650.0,9450.0,9480.0,34065.0
682,2017-01-17,9480.0,9590.0,9470.0,9560.0,8139.0
683,2017-01-17,9550.0,9770.0,9530.0,9660.0,52719.0
684,2017-01-17,9650.0,9670.0,9510.0,9660.0,38759.0
685,2017-01-18,9420.0,9860.0,9330.0,9780.0,68090.0
686,2017-01-18,9780.0,9840.0,9750.0,9820.0,23667.0
687,2017-01-18,9830.0,9960.0,9530.0,9600.0,50384.0
688,2017-01-18,9610.0,9700.0,9550.0,9550.0,7262.0
689,2017-01-19,9560.0,11300.0,9560.0,11250.0,3108406.0
690,2017-01-19,11250.0,11400.0,10500.0,10700.0,1471077.0
691,2017-01-19,10700.0,10750.0,10100.0,10200.0,619144.0
692,2017-01-19,10200.0,10250.0,10000.0,10250.0,244452.0
693,2017-01-20,9370.0,9380.0,9110.0,9110.0,108059.0
694,2017-01-20,9630.0,9700.0,9290.0,9370.0,191561.0
695,2017-01-20,10250.0,10250.0,9810.0,9820.0,524218.0
696,2017-01-20,9820.0,9830.0,9580.0,9630.0,171231.0
697,2017-01-23,9050.0,9470.0,9000.0,9090.0,283334.0
698,2017-01-23,9090.0,9090.0,8710.0,8820.0,135850.0
699,2017-01-23,8830.0,8840.0,8470.0,8510.0,162987.0
700,2017-01-23,8540.0,8550.0,8450.0,8460.0,74567.0
701,2017-01-24,8380.0,8550.0,8300.0,8460.0,92545.0
702,2017-01-24,8470.0,8470.0,8310.0,8370.0,42007.0
703,2017-01-24,8340.0,8380.0,8210.0,8380.0,68864.0
704,2017-01-24,8380.0,8390.0,8300.0,8390.0,42689.0
705,2017-01-25,8530.0,8680.0,8350.0,8430.0,111677.0
706,2017-01-25,8430.0,8520.0,8350.0,8370.0,36854.0
707,2017-01-25,8380.0,8420.0,8230.0,8250.0,37596.0
708,2017-01-25,8250.0,8300.0,8180.0,8180.0,35009.0
709,2017-01-26,8430.0,8770.0,8400.0,8620.0,184903.0
710,2017-01-26,8590.0,8660.0,8560.0,8630.0,30972.0
711,2017-01-26,8160.0,8600.0,8080.0,8380.0,200524.0
712,2017-01-26,8380.0,8490.0,8350.0,8410.0,34198.0
713,2017-01-31,8450.0,8460.0,8000.0,8050.0,130353.0
714,2017-01-31,8040.0,8080.0,7950.0,8000.0,61997.0
715,2017-01-31,8000.0,8060.0,7940.0,7950.0,39552.0
716,2017-01-31,7950.0,7960.0,7860.0,7880.0,46614.0
717,2017-02-01,7850.0,8080.0,7850.0,7950.0,57043.0
718,2017-02-01,7950.0,8050.0,7880.0,8040.0,25486.0
719,2017-02-01,8040.0,8070.0,7880.0,7980.0,32766.0
720,2017-02-01,7990.0,8050.0,7950.0,8000.0,21174.0
721,2017-02-02,7210.0,7300.0,7100.0,7300.0,60583.0
722,2017-02-02,8160.0,8210.0,7480.0,7530.0,205223.0
723,2017-02-02,7520.0,7550.0,7350.0,7480.0,64443.0
724,2017-02-02,7480.0,7490.0,7180.0,7210.0,104085.0
725,2017-02-03,7170.0,7400.0,7170.0,7350.0,62300.0
726,2017-02-03,7340.0,7550.0,7290.0,7350.0,52576.0
727,2017-02-03,7370.0,7480.0,7160.0,7280.0,47659.0
728,2017-02-03,7280.0,7330.0,7200.0,7200.0,15317.0
729,2017-02-06,7510.0,7860.0,7480.0,7670.0,159077.0
730,2017-02-06,7650.0,7690.0,7620.0,7680.0,16701.0
731,2017-02-06,7200.0,7400.0,7200.0,7380.0,31382.0
732,2017-02-06,7380.0,7550.0,7380.0,7520.0,55644.0
733,2017-02-07,7560.0,7580.0,7490.0,7490.0,18618.0
734,2017-02-07,7490.0,7530.0,7420.0,7470.0,31330.0
735,2017-02-07,7480.0,7550.0,7460.0,7480.0,14616.0
736,2017-02-07,7700.0,7700.0,7460.0,7520.0,40510.0
737,2017-02-08,7460.0,7590.0,7420.0,7420.0,20716.0
738,2017-02-08,7420.0,7500.0,7410.0,7470.0,13365.0
739,2017-02-08,7470.0,7470.0,7240.0,7360.0,33792.0
740,2017-02-08,7360.0,7540.0,7320.0,7540.0,19146.0
741,2017-02-09,7680.0,7780.0,7660.0,7760.0,36733.0
742,2017-02-09,7800.0,7970.0,7780.0,7920.0,109365.0
743,2017-02-09,7920.0,8020.0,7670.0,7720.0,94590.0
744,2017-02-09,7730.0,8350.0,7610.0,7800.0,898200.0
745,2017-02-10,7760.0,7830.0,7470.0,7470.0,84006.0
746,2017-02-10,7480.0,7480.0,7270.0,7340.0,52859.0
747,2017-02-10,7360.0,7430.0,7320.0,7430.0,13843.0
748,2017-02-10,7420.0,7430.0,7320.0,7320.0,16866.0
749,2017-02-13,7560.0,7800.0,7560.0,7590.0,59662.0
750,2017-02-13,7420.0,7570.0,7400.0,7570.0,41314.0
751,2017-02-13,7320.0,7560.0,7310.0,7480.0,50881.0
752,2017-02-13,7480.0,7480.0,7380.0,7400.0,22348.0
753,2017-02-14,7560.0,7730.0,7520.0,7580.0,25642.0
754,2017-02-14,7580.0,7610.0,7540.0,7580.0,8818.0
755,2017-02-14,7550.0,7740.0,7550.0,7730.0,21611.0
756,2017-02-14,7730.0,7800.0,7710.0,7800.0,37825.0
757,2017-02-15,7800.0,7990.0,7720.0,7870.0,109887.0
758,2017-02-15,7870.0,7870.0,7690.0,7740.0,38698.0
759,2017-02-15,7740.0,7780.0,7680.0,7760.0,26281.0
760,2017-02-15,7760.0,7780.0,7740.0,7750.0,17738.0
761,2017-02-16,7920.0,7980.0,7920.0,7970.0,14820.0
762,2017-02-16,7750.0,7940.0,7680.0,7840.0,56681.0
763,2017-02-16,7840.0,8070.0,7820.0,7940.0,110205.0
764,2017-02-16,7930.0,7980.0,7910.0,7920.0,30662.0
765,2017-02-17,8040.0,8400.0,7890.0,8090.0,392461.0
766,2017-02-17,8070.0,8120.0,7910.0,7950.0,58827.0
767,2017-02-17,7960.0,8040.0,7850.0,7900.0,46619.0
768,2017-02-17,7860.0,7950.0,7800.0,7950.0,46489.0
769,2017-02-20,7970.0,7980.0,7910.0,7930.0,15824.0
770,2017-02-20,8000.0,8000.0,7890.0,7970.0,24304.0
771,2017-02-20,8390.0,8390.0,7930.0,7950.0,215838.0
772,2017-02-20,7950.0,8010.0,7930.0,7980.0,21763.0
773,2017-02-21,8080.0,8120.0,7990.0,8050.0,25368.0
774,2017-02-21,8010.0,8060.0,8000.0,8060.0,20403.0
775,2017-02-21,7930.0,8240.0,7650.0,8110.0,154942.0
776,2017-02-21,8050.0,8080.0,8010.0,8010.0,21157.0
777,2017-02-22,8010.0,8090.0,7900.0,7940.0,42645.0
778,2017-02-22,7940.0,7950.0,7810.0,7840.0,28350.0
779,2017-02-22,7830.0,7900.0,7800.0,7890.0,20848.0
780,2017-02-22,7890.0,7890.0,7800.0,7800.0,20630.0
781,2017-02-23,7750.0,7850.0,7720.0,7720.0,35871.0
782,2017-02-23,7720.0,7740.0,7610.0,7710.0,35565.0
783,2017-02-23,7710.0,7850.0,7680.0,7820.0,27206.0
784,2017-02-23,7820.0,7840.0,7750.0,7750.0,10924.0
785,2017-02-24,7700.0,7850.0,7630.0,7640.0,26091.0
786,2017-02-24,7640.0,7710.0,7560.0,7600.0,18688.0
787,2017-02-24,7600.0,7660.0,7560.0,7640.0,8810.0
788,2017-02-24,7640.0,7640.0,7520.0,7520.0,8882.0
789,2017-02-27,7380.0,7580.0,7380.0,7510.0,19485.0
790,2017-02-27,7460.0,7550.0,7410.0,7410.0,11232.0
791,2017-02-27,7470.0,7590.0,7300.0,7340.0,40108.0
792,2017-02-27,7390.0,7410.0,7340.0,7380.0,12819.0
793,2017-02-28,7370.0,7680.0,7370.0,7530.0,50426.0
794,2017-02-28,7530.0,7600.0,7500.0,7600.0,4908.0
795,2017-02-28,7590.0,7760.0,7580.0,7670.0,47031.0
796,2017-02-28,7670.0,7750.0,7640.0,7700.0,17446.0
797,2017-03-02,7650.0,7820.0,7650.0,7720.0,25340.0
798,2017-03-02,7710.0,7800.0,7690.0,7770.0,12850.0
799,2017-03-02,7770.0,7910.0,7740.0,7790.0,32574.0
800,2017-03-02,7780.0,7820.0,7750.0,7750.0,7376.0
801,2017-03-03,7520.0,7560.0,7510.0,7520.0,3923.0
802,2017-03-03,7790.0,7820.0,7410.0,7440.0,27615.0
803,2017-03-03,7440.0,7600.0,7390.0,7560.0,11922.0
804,2017-03-03,7540.0,7590.0,7430.0,7560.0,10345.0
805,2017-03-06,7360.0,7520.0,7320.0,7450.0,16362.0
806,2017-03-06,7440.0,7550.0,7360.0,7510.0,14452.0
807,2017-03-06,7510.0,7510.0,7410.0,7480.0,4065.0
808,2017-03-06,7460.0,7480.0,7420.0,7420.0,4640.0
809,2017-03-07,7460.0,7490.0,7430.0,7450.0,4410.0
810,2017-03-07,7510.0,7520.0,7370.0,7400.0,6420.0
811,2017-03-07,7330.0,7560.0,7330.0,7520.0,8011.0
812,2017-03-07,7400.0,7460.0,7390.0,7460.0,9860.0
813,2017-03-08,7470.0,7580.0,7410.0,7480.0,14876.0
814,2017-03-08,7490.0,7770.0,7490.0,7710.0,26483.0
815,2017-03-08,7710.0,7710.0,7590.0,7640.0,9016.0
816,2017-03-08,7630.0,7640.0,7550.0,7590.0,7278.0
817,2017-03-09,7550.0,7860.0,7550.0,7810.0,57967.0
818,2017-03-09,7830.0,7880.0,7740.0,7820.0,22891.0
819,2017-03-09,7790.0,7830.0,7710.0,7720.0,15036.0
820,2017-03-09,7720.0,7900.0,7710.0,7900.0,29877.0
821,2017-03-10,8030.0,8060.0,8000.0,8010.0,19175.0
822,2017-03-10,7930.0,7950.0,7520.0,7700.0,117355.0
823,2017-03-10,7700.0,8000.0,7110.0,8000.0,195416.0
824,2017-03-10,8020.0,8200.0,7900.0,8030.0,192832.0
825,2017-03-13,8010.0,8290.0,7910.0,8130.0,86303.0
826,2017-03-13,8140.0,8140.0,8060.0,8110.0,24321.0
827,2017-03-13,8110.0,8110.0,8040.0,8090.0,20561.0
828,2017-03-13,8070.0,8090.0,8040.0,8090.0,16036.0
829,2017-03-14,8060.0,8080.0,8040.0,8050.0,6856.0
830,2017-03-14,8130.0,8130.0,7900.0,8020.0,47817.0
831,2017-03-14,8020.0,8250.0,8000.0,8100.0,45184.0
832,2017-03-14,8100.0,8130.0,8030.0,8070.0,24847.0
833,2017-03-15,8110.0,8130.0,7820.0,7820.0,67834.0
834,2017-03-15,7820.0,7880.0,7810.0,7830.0,21031.0
835,2017-03-15,7830.0,7890.0,7770.0,7790.0,26847.0
836,2017-03-15,7790.0,7800.0,7750.0,7750.0,11360.0
837,2017-03-16,7750.0,7880.0,7670.0,7810.0,36779.0
838,2017-03-16,7820.0,8050.0,7770.0,7850.0,84907.0
839,2017-03-16,7840.0,7890.0,7790.0,7800.0,18149.0
840,2017-03-16,7800.0,7850.0,7770.0,7790.0,5862.0
841,2017-03-17,7790.0,7860.0,7730.0,7770.0,27826.0
842,2017-03-17,7770.0,7860.0,7680.0,7830.0,18387.0
843,2017-03-17,7840.0,7930.0,7810.0,7820.0,23127.0
844,2017-03-17,7870.0,7870.0,7810.0,7820.0,14522.0
845,2017-03-20,7510.0,7550.0,7470.0,7540.0,11173.0
846,2017-03-20,7660.0,7660.0,7470.0,7530.0,33221.0
847,2017-03-20,7760.0,7850.0,7700.0,7720.0,22560.0
848,2017-03-20,7770.0,7770.0,7600.0,7630.0,14558.0
849,2017-03-21,7690.0,7720.0,7640.0,7690.0,9658.0
850,2017-03-21,7650.0,7680.0,7590.0,7640.0,10445.0
851,2017-03-21,7610.0,7630.0,7600.0,7600.0,3645.0
852,2017-03-21,7490.0,7760.0,7490.0,7700.0,32811.0
853,2017-03-22,7530.0,7670.0,7510.0,7610.0,16963.0
854,2017-03-22,7620.0,7650.0,7530.0,7540.0,7254.0
855,2017-03-22,7570.0,7580.0,7460.0,7540.0,12196.0
856,2017-03-22,7540.0,7570.0,7500.0,7500.0,2094.0
857,2017-03-23,7950.0,8030.0,7720.0,7780.0,65893.0
858,2017-03-23,7900.0,8080.0,7790.0,7830.0,164621.0
859,2017-03-23,7810.0,8010.0,7660.0,7980.0,104806.0
860,2017-03-23,7520.0,8100.0,7520.0,7900.0,421631.0
861,2017-03-24,7770.0,7890.0,7200.0,7440.0,89901.0
862,2017-03-24,7440.0,7520.0,7400.0,7440.0,23951.0
863,2017-03-24,7440.0,7500.0,7400.0,7450.0,28404.0
864,2017-03-24,7450.0,7450.0,7360.0,7360.0,21284.0
865,2017-03-27,7830.0,8060.0,7820.0,7920.0,82136.0
866,2017-03-27,7860.0,7900.0,7760.0,7850.0,97354.0
867,2017-03-27,7350.0,7580.0,7340.0,7440.0,53270.0
868,2017-03-27,7480.0,8120.0,7380.0,7800.0,402076.0
869,2017-03-28,7270.0,7500.0,7210.0,7360.0,203670.0
870,2017-03-28,7370.0,7380.0,7250.0,7330.0,65652.0
871,2017-03-28,7370.0,7400.0,7180.0,7180.0,75318.0
872,2017-03-28,7180.0,7290.0,7150.0,7210.0,29137.0
873,2017-03-29,7210.0,7340.0,7140.0,7220.0,36022.0
874,2017-03-29,7220.0,7250.0,6870.0,6930.0,71655.0
875,2017-03-29,6920.0,6950.0,6790.0,6830.0,56497.0
876,2017-03-29,6840.0,6890.0,6810.0,6870.0,20070.0
877,2017-03-30,6970.0,6980.0,6950.0,6980.0,4809.0
878,2017-03-30,6780.0,6950.0,6780.0,6900.0,57604.0
879,2017-03-30,6850.0,7130.0,6820.0,7070.0,84336.0
880,2017-03-30,7090.0,7100.0,6960.0,6960.0,28124.0
881,2017-03-31,6980.0,7540.0,6970.0,7140.0,292385.0
882,2017-03-31,7120.0,7180.0,7030.0,7150.0,40792.0
883,2017-03-31,7140.0,7140.0,6970.0,7030.0,55247.0
884,2017-03-31,7030.0,7070.0,6990.0,7070.0,15813.0
885,2017-04-03,6870.0,6890.0,6830.0,6840.0,13402.0
886,2017-04-03,7070.0,7110.0,6950.0,6980.0,53840.0
887,2017-04-03,6970.0,6970.0,6850.0,6870.0,42237.0
888,2017-04-03,6870.0,6940.0,6800.0,6840.0,50977.0
889,2017-04-04,6890.0,7180.0,6840.0,6980.0,187021.0
890,2017-04-04,6980.0,6990.0,6840.0,6850.0,37728.0
891,2017-04-04,6840.0,6900.0,6650.0,6660.0,36791.0
892,2017-04-04,6660.0,6680.0,6580.0,6590.0,19929.0
893,2017-04-05,6600.0,6770.0,6510.0,6700.0,62812.0
894,2017-04-05,6750.0,6840.0,6650.0,6800.0,25753.0
895,2017-04-05,6750.0,6930.0,6700.0,6850.0,27152.0
896,2017-04-05,6850.0,7080.0,6830.0,7030.0,32696.0
897,2017-04-06,9100.0,9130.0,8520.0,8720.0,671926.0
898,2017-04-06,7500.0,8830.0,7440.0,8720.0,3281292.0
899,2017-04-06,8730.0,8790.0,8490.0,8540.0,593835.0
900,2017-04-06,8540.0,9130.0,8480.0,9070.0,2618487.0
901,2017-04-07,8920.0,8940.0,8290.0,8350.0,904071.0
902,2017-04-07,8350.0,8470.0,8310.0,8390.0,128813.0
903,2017-04-07,8390.0,8600.0,7800.0,7830.0,1160404.0
904,2017-04-07,7850.0,7960.0,7810.0,7960.0,132606.0
905,2017-04-10,7470.0,7570.0,7440.0,7570.0,52525.0
906,2017-04-10,8200.0,8210.0,7620.0,7690.0,597338.0
907,2017-04-10,7660.0,7780.0,7620.0,7690.0,58643.0
908,2017-04-10,7690.0,7720.0,7390.0,7470.0,180100.0
909,2017-04-11,7700.0,7780.0,7420.0,7590.0,345450.0
910,2017-04-11,7590.0,7590.0,7150.0,7340.0,116444.0
911,2017-04-11,7350.0,7410.0,7210.0,7340.0,59882.0
912,2017-04-11,7350.0,7360.0,7250.0,7280.0,44674.0
913,2017-04-12,7240.0,7340.0,7100.0,7150.0,115989.0
914,2017-04-12,7150.0,7200.0,7090.0,7090.0,37502.0
915,2017-04-12,7100.0,7150.0,6960.0,6960.0,80483.0
916,2017-04-12,6980.0,6980.0,6840.0,6850.0,60204.0
917,2017-04-13,6900.0,7040.0,6790.0,6800.0,123609.0
918,2017-04-13,6810.0,6920.0,6800.0,6870.0,34184.0
919,2017-04-13,6860.0,6920.0,6840.0,6870.0,30183.0
920,2017-04-13,6880.0,6900.0,6840.0,6840.0,21889.0
921,2017-04-14,6740.0,6750.0,6670.0,6730.0,9423.0
922,2017-04-14,6800.0,6820.0,6670.0,6760.0,37550.0
923,2017-04-14,6840.0,6860.0,6770.0,6800.0,11131.0
924,2017-04-14,6750.0,6880.0,6730.0,6840.0,55905.0
925,2017-04-17,6900.0,6930.0,6860.0,6930.0,14197.0
926,2017-04-17,6730.0,6950.0,6700.0,6870.0,64995.0
927,2017-04-17,6870.0,6910.0,6840.0,6890.0,15116.0
928,2017-04-17,6900.0,6940.0,6860.0,6900.0,19978.0
929,2017-04-18,6880.0,6900.0,6850.0,6890.0,9405.0
930,2017-04-18,6880.0,6890.0,6860.0,6860.0,7931.0
931,2017-04-18,6930.0,7020.0,6850.0,6900.0,39017.0
932,2017-04-18,6890.0,6900.0,6860.0,6890.0,13433.0
933,2017-04-19,6920.0,6930.0,6910.0,6930.0,8697.0
934,2017-04-19,6890.0,6990.0,6730.0,6840.0,54053.0
935,2017-04-19,6840.0,6840.0,6760.0,6800.0,4817.0
936,2017-04-19,6790.0,6950.0,6770.0,6910.0,28822.0
937,2017-04-20,6870.0,6980.0,6870.0,6930.0,18150.0
938,2017-04-20,6930.0,6940.0,6890.0,6930.0,8883.0
939,2017-04-20,6940.0,6970.0,6860.0,6940.0,19800.0
940,2017-04-20,6910.0,6930.0,6840.0,6840.0,8161.0
941,2017-04-21,6850.0,6900.0,6770.0,6780.0,13981.0
942,2017-04-21,6780.0,6830.0,6760.0,6830.0,14098.0
943,2017-04-21,6830.0,6890.0,6770.0,6810.0,10416.0
944,2017-04-21,6800.0,6800.0,6750.0,6760.0,15512.0
945,2017-04-24,6730.0,6740.0,6300.0,6310.0,123497.0
946,2017-04-24,6300.0,6360.0,6220.0,6330.0,50381.0
947,2017-04-24,6330.0,6350.0,6220.0,6270.0,32903.0
948,2017-04-24,6250.0,6270.0,6200.0,6200.0,24692.0
949,2017-04-25,6350.0,6390.0,6330.0,6330.0,8828.0
950,2017-04-25,6360.0,6380.0,6320.0,6360.0,8889.0
951,2017-04-25,6300.0,6380.0,6290.0,6360.0,10267.0
952,2017-04-25,6230.0,6390.0,6230.0,6320.0,31811.0
953,2017-04-26,6360.0,6520.0,6340.0,6410.0,18709.0
954,2017-04-26,6400.0,6470.0,6400.0,6450.0,5470.0
955,2017-04-26,6450.0,6480.0,6400.0,6430.0,9543.0
956,2017-04-26,6430.0,6450.0,6400.0,6400.0,5992.0
957,2017-04-27,6500.0,6500.0,6150.0,6460.0,43800.0
958,2017-04-27,6460.0,6470.0,6350.0,6420.0,7974.0
959,2017-04-27,6410.0,6440.0,6350.0,6390.0,7618.0
960,2017-04-27,6360.0,6410.0,6330.0,6380.0,1676.0
961,2017-04-28,6390.0,6430.0,6320.0,6370.0,8710.0
962,2017-04-28,6370.0,6430.0,6330.0,6340.0,8867.0
963,2017-04-28,6390.0,6520.0,6390.0,6480.0,22600.0
964,2017-04-28,6480.0,6500.0,6460.0,6490.0,4332.0
965,2017-05-02,6270.0,6380.0,6230.0,6230.0,15712.0
966,2017-05-02,6260.0,6290.0,6150.0,6290.0,35568.0
967,2017-05-02,6630.0,6630.0,6320.0,6320.0,22681.0
968,2017-05-02,6360.0,6370.0,6210.0,6260.0,21417.0
969,2017-05-04,6180.0,6350.0,6180.0,6300.0,9689.0
970,2017-05-04,6300.0,6370.0,6280.0,6330.0,11305.0
971,2017-05-04,6330.0,6340.0,6290.0,6320.0,1472.0
972,2017-05-04,6290.0,6320.0,6280.0,6290.0,1458.0
973,2017-05-08,6300.0,6350.0,6260.0,6350.0,6106.0
974,2017-05-08,6310.0,6350.0,6250.0,6350.0,14892.0
975,2017-05-08,6350.0,6470.0,6350.0,6360.0,20037.0
976,2017-05-08,6420.0,6420.0,6370.0,6390.0,759.0
977,2017-05-10,6370.0,6420.0,6300.0,6330.0,9915.0
978,2017-05-10,6330.0,6360.0,6290.0,6350.0,4974.0
979,2017-05-10,6340.0,6350.0,6250.0,6320.0,8177.0
980,2017-05-10,6310.0,6310.0,6230.0,6240.0,8323.0
981,2017-05-11,6250.0,6320.0,6250.0,6280.0,10445.0
982,2017-05-11,6270.0,6310.0,6250.0,6250.0,5497.0
983,2017-05-11,6220.0,6340.0,6210.0,6300.0,13921.0
984,2017-05-11,6260.0,6300.0,6240.0,6250.0,5061.0
985,2017-05-12,6230.0,6260.0,5910.0,6240.0,26650.0
986,2017-05-12,6250.0,6320.0,6130.0,6320.0,10319.0
987,2017-05-12,6320.0,6320.0,6220.0,6270.0,3031.0
988,2017-05-12,6230.0,6270.0,6200.0,6210.0,5169.0
989,2017-05-15,6260.0,6260.0,6200.0,6240.0,2524.0
990,2017-05-15,6210.0,6240.0,6210.0,6240.0,2654.0
991,2017-05-15,6190.0,6310.0,6180.0,6230.0,9516.0
992,2017-05-15,6250.0,6270.0,6210.0,6260.0,3144.0
993,2017-05-16,6240.0,6350.0,6190.0,6280.0,11426.0
994,2017-05-16,6240.0,6290.0,6220.0,6270.0,8495.0
995,2017-05-16,6250.0,6290.0,6170.0,6250.0,5063.0
996,2017-05-16,6250.0,6280.0,6170.0,6170.0,2074.0
997,2017-05-17,6110.0,6330.0,6110.0,6320.0,31460.0
998,2017-05-17,6310.0,6310.0,6210.0,6270.0,6106.0
999,2017-05-17,6230.0,6280.0,6200.0,6260.0,5271.0
1000,2017-05-17,6250.0,6270.0,6230.0,6270.0,4629.0
1001,2017-05-18,6310.0,6320.0,6250.0,6250.0,1630.0
1002,2017-05-18,6270.0,6370.0,6260.0,6280.0,15829.0
1003,2017-05-18,6230.0,6320.0,6190.0,6260.0,12120.0
1004,2017-05-18,6260.0,6290.0,6220.0,6280.0,2712.0
1005,2017-05-19,6260.0,6570.0,6240.0,6470.0,46488.0
1006,2017-05-19,6470.0,6650.0,6450.0,6610.0,40334.0
1007,2017-05-19,6610.0,6620.0,6470.0,6540.0,22173.0
1008,2017-05-19,6530.0,6550.0,6500.0,6520.0,9583.0
1009,2017-05-22,6600.0,6810.0,6530.0,6720.0,65952.0
1010,2017-05-22,6720.0,6720.0,6660.0,6690.0,10385.0
1011,2017-05-22,6690.0,6700.0,6560.0,6580.0,11012.0
1012,2017-05-22,6580.0,6610.0,6540.0,6540.0,4498.0
1013,2017-05-23,6540.0,6660.0,6500.0,6650.0,15789.0
1014,2017-05-23,6640.0,6670.0,6560.0,6560.0,10443.0
1015,2017-05-23,6620.0,6620.0,6540.0,6590.0,4515.0
1016,2017-05-23,6590.0,6590.0,6490.0,6490.0,11238.0
1017,2017-05-24,6530.0,6540.0,6460.0,6530.0,4390.0
1018,2017-05-24,6500.0,6530.0,6500.0,6510.0,4557.0
1019,2017-05-24,6490.0,6600.0,6480.0,6570.0,4875.0
1020,2017-05-24,6570.0,6570.0,6460.0,6530.0,10673.0
1021,2017-05-25,6720.0,7080.0,6520.0,6570.0,189205.0
1022,2017-05-25,6570.0,6650.0,6550.0,6600.0,13483.0
1023,2017-05-25,6590.0,6660.0,6570.0,6580.0,13654.0
1024,2017-05-25,6570.0,6690.0,6560.0,6630.0,16411.0
1025,2017-05-26,6600.0,6700.0,6600.0,6680.0,14542.0
1026,2017-05-26,6670.0,6680.0,6600.0,6600.0,10559.0
1027,2017-05-26,6640.0,6670.0,6570.0,6610.0,17983.0
1028,2017-05-26,6590.0,6620.0,6580.0,6620.0,1986.0
1029,2017-05-29,6510.0,6520.0,6490.0,6520.0,2680.0
1030,2017-05-29,6570.0,6670.0,6440.0,6500.0,19055.0
1031,2017-05-29,6490.0,6540.0,6470.0,6540.0,7065.0
1032,2017-05-29,6510.0,6560.0,6480.0,6520.0,2870.0
1033,2017-05-30,6520.0,6610.0,6500.0,6540.0,8475.0
1034,2017-05-30,6520.0,6550.0,6510.0,6540.0,3003.0
1035,2017-05-30,6540.0,6590.0,6510.0,6520.0,6244.0
1036,2017-05-30,6520.0,6550.0,6520.0,6550.0,1377.0
1037,2017-05-31,6680.0,6710.0,6650.0,6710.0,14080.0
1038,2017-05-31,6710.0,6720.0,6700.0,6710.0,6304.0
1039,2017-05-31,6550.0,6800.0,6490.0,6720.0,42278.0
1040,2017-05-31,6720.0,6730.0,6630.0,6680.0,9681.0
1041,2017-06-01,6790.0,6790.0,6750.0,6770.0,3617.0
1042,2017-06-01,6770.0,6840.0,6740.0,6840.0,14923.0
1043,2017-06-01,6840.0,6900.0,6800.0,6840.0,11231.0
1044,2017-06-01,6720.0,6840.0,6700.0,6790.0,29255.0
1045,2017-06-02,6840.0,6880.0,6780.0,6830.0,9173.0
1046,2017-06-02,6820.0,6850.0,6800.0,6820.0,7001.0
1047,2017-06-02,6820.0,6840.0,6790.0,6820.0,3887.0
1048,2017-06-02,6810.0,6820.0,6790.0,6790.0,4325.0
1049,2017-06-05,6780.0,6800.0,6770.0,6800.0,4786.0
1050,2017-06-05,6770.0,6800.0,6700.0,6770.0,19436.0
1051,2017-06-05,6770.0,6820.0,6730.0,6790.0,9008.0
1052,2017-06-05,6800.0,6900.0,6710.0,6770.0,23903.0
1053,2017-06-07,6790.0,6800.0,6690.0,6750.0,9924.0
1054,2017-06-07,6740.0,6760.0,6680.0,6730.0,7392.0
1055,2017-06-07,6740.0,6840.0,6740.0,6800.0,10983.0
1056,2017-06-07,6800.0,6830.0,6800.0,6820.0,8703.0
1057,2017-06-08,6830.0,6930.0,6810.0,6930.0,40558.0
1058,2017-06-08,6850.0,6870.0,6790.0,6830.0,17165.0
1059,2017-06-08,6820.0,6880.0,6740.0,6820.0,19329.0
1060,2017-06-08,6820.0,6940.0,6810.0,6890.0,37990.0
1061,2017-06-09,7200.0,7210.0,6830.0,6870.0,226828.0
1062,2017-06-09,6860.0,6890.0,6800.0,6850.0,28880.0
1063,2017-06-09,6840.0,6870.0,6760.0,6770.0,25660.0
1064,2017-06-09,6770.0,6880.0,6760.0,6880.0,21799.0
1065,2017-06-12,6880.0,6880.0,6720.0,6760.0,59642.0
1066,2017-06-12,6760.0,6830.0,6750.0,6830.0,5256.0
1067,2017-06-12,6830.0,6850.0,6730.0,6730.0,27283.0
1068,2017-06-12,6730.0,6810.0,6720.0,6760.0,7469.0
1069,2017-06-13,6760.0,6810.0,6740.0,6750.0,5671.0
1070,2017-06-13,6720.0,6850.0,6690.0,6780.0,20055.0
1071,2017-06-13,6750.0,6800.0,6730.0,6750.0,7884.0
1072,2017-06-13,6750.0,6800.0,6740.0,6770.0,11643.0
1073,2017-06-14,6770.0,6840.0,6760.0,6820.0,16208.0
1074,2017-06-14,6820.0,6900.0,6750.0,6830.0,18262.0
1075,2017-06-14,6830.0,6830.0,6770.0,6810.0,9211.0
1076,2017-06-14,6800.0,6830.0,6770.0,6770.0,7202.0
1077,2017-06-15,6740.0,6770.0,6720.0,6750.0,1197.0
1078,2017-06-15,6770.0,6770.0,6700.0,6740.0,5980.0
1079,2017-06-15,6770.0,6840.0,6640.0,6700.0,11152.0
1080,2017-06-15,6680.0,6780.0,6670.0,6770.0,5799.0
1081,2017-06-16,6720.0,6780.0,6680.0,6770.0,4789.0
1082,2017-06-16,6750.0,6750.0,6690.0,6740.0,2648.0
1083,2017-06-16,6710.0,6820.0,6660.0,6720.0,17062.0
1084,2017-06-16,6760.0,6770.0,6710.0,6760.0,5087.0
1085,2017-06-19,6740.0,6810.0,6680.0,6790.0,8362.0
1086,2017-06-19,6770.0,6810.0,6750.0,6750.0,8330.0
1087,2017-06-19,6780.0,6890.0,6720.0,6830.0,24317.0
1088,2017-06-19,6840.0,6840.0,6780.0,6780.0,4409.0
1089,2017-06-20,6790.0,6850.0,6700.0,6770.0,11624.0
1090,2017-06-20,6750.0,6830.0,6720.0,6820.0,16501.0
1091,2017-06-20,6810.0,6820.0,6720.0,6730.0,60835.0
1092,2017-06-20,6770.0,6790.0,6740.0,6790.0,1820.0
1093,2017-06-21,6820.0,6890.0,6760.0,6880.0,28412.0
1094,2017-06-21,6840.0,6870.0,6760.0,6760.0,11353.0
1095,2017-06-21,6770.0,6850.0,6770.0,6840.0,5928.0
1096,2017-06-21,6840.0,6870.0,6770.0,6790.0,17683.0
1097,2017-06-22,6760.0,6780.0,6680.0,6730.0,12255.0
1098,2017-06-22,6730.0,6760.0,6720.0,6760.0,1281.0
1099,2017-06-22,6790.0,6980.0,6790.0,6880.0,25032.0
1100,2017-06-22,6870.0,6880.0,6700.0,6760.0,17970.0
1101,2017-06-23,6680.0,6800.0,6670.0,6760.0,14371.0
1102,2017-06-23,6760.0,6820.0,6700.0,6750.0,17329.0
1103,2017-06-23,6780.0,6810.0,6730.0,6740.0,5486.0
1104,2017-06-23,6740.0,6780.0,6720.0,6780.0,2509.0
1105,2017-06-26,6850.0,6950.0,6750.0,6830.0,42065.0
1106,2017-06-26,6830.0,6830.0,6750.0,6790.0,9578.0
1107,2017-06-26,6800.0,6800.0,6740.0,6760.0,9616.0
1108,2017-06-26,6760.0,6760.0,6730.0,6730.0,7769.0
1109,2017-06-27,6770.0,6780.0,6710.0,6730.0,8146.0
1110,2017-06-27,6800.0,6800.0,6710.0,6770.0,10065.0
1111,2017-06-27,6770.0,6800.0,6750.0,6790.0,8568.0
1112,2017-06-27,6790.0,6800.0,6750.0,6780.0,5312.0
1113,2017-06-28,6670.0,6760.0,6660.0,6740.0,16585.0
1114,2017-06-28,6740.0,6740.0,6690.0,6720.0,7006.0
1115,2017-06-28,6710.0,6720.0,6600.0,6690.0,10867.0
1116,2017-06-28,6680.0,6710.0,6610.0,6700.0,6366.0
1117,2017-06-29,6640.0,6700.0,6640.0,6700.0,5366.0
1118,2017-06-29,6710.0,6710.0,6660.0,6660.0,5963.0
1119,2017-06-29,6910.0,6910.0,6650.0,6700.0,63424.0
1120,2017-06-29,6680.0,6680.0,6630.0,6630.0,7145.0
1121,2017-06-30,6600.0,6720.0,6570.0,6700.0,9599.0
1122,2017-06-30,6690.0,6710.0,6660.0,6690.0,2401.0
1123,2017-06-30,6690.0,6690.0,6570.0,6610.0,3579.0
1124,2017-06-30,6610.0,6650.0,6570.0,6650.0,2628.0
1125,2017-07-03,6650.0,6780.0,6650.0,6710.0,11460.0
1126,2017-07-03,6720.0,6770.0,6680.0,6700.0,8947.0
1127,2017-07-03,6700.0,6720.0,6680.0,6710.0,6580.0
1128,2017-07-03,6690.0,6720.0,6650.0,6710.0,9416.0
1129,2017-07-04,6760.0,6790.0,6740.0,6790.0,6934.0
1130,2017-07-04,6720.0,6760.0,6690.0,6760.0,10921.0
1131,2017-07-04,6760.0,6980.0,6730.0,6900.0,46231.0
1132,2017-07-04,6900.0,6950.0,6750.0,6780.0,40205.0
1133,2017-07-05,6790.0,6980.0,6770.0,6930.0,28437.0
1134,2017-07-05,6920.0,7050.0,6870.0,6950.0,26496.0
1135,2017-07-05,6950.0,7080.0,6930.0,7080.0,45326.0
1136,2017-07-05,7080.0,7090.0,7030.0,7060.0,17382.0
1137,2017-07-06,7040.0,7060.0,7000.0,7000.0,2526.0
1138,2017-07-06,7080.0,7130.0,6980.0,7040.0,42267.0
1139,2017-07-06,7040.0,7040.0,6970.0,6970.0,8194.0
1140,2017-07-06,6970.0,7070.0,6970.0,7050.0,17209.0
1141,2017-07-07,6950.0,7100.0,6910.0,7070.0,19954.0
1142,2017-07-07,7080.0,7180.0,7010.0,7140.0,41571.0
1143,2017-07-07,7140.0,7140.0,6960.0,7020.0,37967.0
1144,2017-07-07,7010.0,7020.0,6980.0,7000.0,9326.0
1145,2017-07-10,7080.0,7250.0,7050.0,7100.0,80781.0
1146,2017-07-10,7090.0,7150.0,7030.0,7150.0,20751.0
1147,2017-07-10,7130.0,7330.0,7090.0,7150.0,95971.0
1148,2017-07-10,7150.0,7180.0,7130.0,7150.0,10887.0
1149,2017-07-11,7170.0,7560.0,7130.0,7250.0,339975.0
1150,2017-07-11,7220.0,7300.0,7190.0,7220.0,31121.0
1151,2017-07-11,7220.0,7270.0,7180.0,7270.0,36227.0
1152,2017-07-11,7260.0,7270.0,7230.0,7250.0,12143.0
1153,2017-07-12,7080.0,7100.0,7050.0,7050.0,13022.0
1154,2017-07-12,7090.0,7130.0,7060.0,7070.0,18653.0
1155,2017-07-12,7320.0,7320.0,7070.0,7140.0,65831.0
1156,2017-07-12,7120.0,7150.0,7080.0,7130.0,6940.0
1157,2017-07-13,7090.0,7090.0,6980.0,6980.0,10241.0
1158,2017-07-13,6980.0,7030.0,6940.0,6990.0,10257.0
1159,2017-07-13,6960.0,6990.0,6900.0,6900.0,10636.0
1160,2017-07-13,7040.0,7110.0,7010.0,7090.0,18467.0
1161,2017-07-14,6900.0,7080.0,6800.0,7030.0,23722.0
1162,2017-07-14,7040.0,7040.0,6970.0,6990.0,7570.0
1163,2017-07-14,6980.0,7070.0,6980.0,7070.0,5620.0
1164,2017-07-14,7070.0,7070.0,7050.0,7070.0,3323.0
1165,2017-07-17,7030.0,7050.0,7020.0,7020.0,4208.0
1166,2017-07-17,7060.0,7080.0,7000.0,7040.0,10451.0
1167,2017-07-17,7000.0,7090.0,7000.0,7020.0,5382.0
1168,2017-07-17,7010.0,7150.0,7010.0,7060.0,9014.0
1169,2017-07-18,7020.0,7060.0,6930.0,6970.0,17199.0
1170,2017-07-18,7000.0,7010.0,6960.0,7000.0,3236.0
1171,2017-07-18,6990.0,7000.0,6850.0,6920.0,17732.0
1172,2017-07-18,6930.0,7020.0,6930.0,7010.0,8996.0
1173,2017-07-19,6890.0,6920.0,6880.0,6880.0,5682.0
1174,2017-07-19,6900.0,6900.0,6880.0,6890.0,10867.0
1175,2017-07-19,7040.0,7040.0,6950.0,6950.0,5946.0
1176,2017-07-19,6950.0,6950.0,6880.0,6900.0,12265.0
1177,2017-07-20,6890.0,7020.0,6880.0,6960.0,9866.0
1178,2017-07-20,6970.0,6990.0,6950.0,6980.0,1567.0
1179,2017-07-20,6980.0,6990.0,6950.0,6990.0,3013.0
1180,2017-07-20,6990.0,6990.0,6920.0,6920.0,2343.0
1181,2017-07-21,7000.0,7190.0,6970.0,7100.0,38362.0
1182,2017-07-21,7100.0,7270.0,7070.0,7250.0,42021.0
1183,2017-07-21,7220.0,7280.0,7110.0,7160.0,43531.0
1184,2017-07-21,7160.0,7160.0,7090.0,7130.0,11381.0
1185,2017-07-24,7310.0,7330.0,7290.0,7330.0,12067.0
1186,2017-07-24,7180.0,7430.0,7180.0,7270.0,72252.0
1187,2017-07-24,7270.0,7300.0,7240.0,7270.0,12795.0
1188,2017-07-24,7260.0,7320.0,7250.0,7320.0,9655.0
1189,2017-07-25,7320.0,7360.0,7120.0,7160.0,26415.0
1190,2017-07-25,7160.0,7210.0,7090.0,7160.0,19687.0
1191,2017-07-25,7160.0,7170.0,7050.0,7070.0,19318.0
1192,2017-07-25,7080.0,7120.0,7070.0,7120.0,6338.0
1193,2017-07-26,6860.0,6890.0,6860.0,6890.0,5321.0
1194,2017-07-26,7120.0,7190.0,6840.0,6880.0,19260.0
1195,2017-07-26,6930.0,6930.0,6870.0,6880.0,5632.0
1196,2017-07-26,6880.0,6930.0,6860.0,6860.0,11262.0
1197,2017-07-27,6820.0,6890.0,6770.0,6830.0,20748.0
1198,2017-07-27,6810.0,6860.0,6800.0,6840.0,2730.0
1199,2017-07-27,6830.0,6900.0,6820.0,6890.0,2418.0
1200,2017-07-27,6880.0,6900.0,6850.0,6850.0,2284.0
1201,2017-07-28,6810.0,6910.0,6780.0,6910.0,7091.0
1202,2017-07-28,6910.0,6960.0,6850.0,6920.0,3956.0
1203,2017-07-28,6870.0,6920.0,6780.0,6870.0,8675.0
1204,2017-07-28,6790.0,6830.0,6720.0,6820.0,9497.0
1205,2017-07-31,6610.0,6660.0,6560.0,6660.0,1861.0
1206,2017-07-31,6720.0,6820.0,6450.0,6630.0,33262.0
1207,2017-07-31,6610.0,6680.0,6530.0,6610.0,2698.0
1208,2017-07-31,6660.0,6660.0,6570.0,6610.0,2589.0
1209,2017-08-01,6660.0,6720.0,6530.0,6720.0,5880.0
1210,2017-08-01,6720.0,6760.0,6640.0,6730.0,2366.0
1211,2017-08-01,6700.0,6710.0,6570.0,6600.0,4536.0
1212,2017-08-01,6590.0,6690.0,6570.0,6690.0,4686.0
1213,2017-08-02,6890.0,6900.0,6840.0,6840.0,10440.0
1214,2017-08-02,6690.0,6860.0,6650.0,6860.0,7131.0
1215,2017-08-02,6840.0,6930.0,6770.0,6930.0,11297.0
1216,2017-08-02,6910.0,6950.0,6880.0,6880.0,7878.0
1217,2017-08-03,6900.0,6900.0,6680.0,6880.0,8770.0
1218,2017-08-03,6860.0,6860.0,6660.0,6760.0,2437.0
1219,2017-08-03,6750.0,6800.0,6710.0,6730.0,2583.0
1220,2017-08-03,6720.0,6820.0,6720.0,6820.0,1932.0
1221,2017-08-04,6680.0,6850.0,6680.0,6770.0,10335.0
1222,2017-08-04,6720.0,6750.0,6710.0,6750.0,980.0
1223,2017-08-04,6750.0,6810.0,6720.0,6810.0,1227.0
1224,2017-08-04,6800.0,6890.0,6800.0,6890.0,683.0
1225,2017-08-07,6890.0,6950.0,6770.0,6890.0,14749.0
1226,2017-08-07,6850.0,6870.0,6800.0,6800.0,9562.0
1227,2017-08-07,6810.0,6890.0,6770.0,6800.0,6332.0
1228,2017-08-07,6800.0,6880.0,6800.0,6880.0,1091.0
1229,2017-08-08,6790.0,6870.0,6790.0,6870.0,1861.0
1230,2017-08-08,6790.0,6840.0,6770.0,6840.0,3169.0
1231,2017-08-08,6910.0,6910.0,6730.0,6810.0,5611.0
1232,2017-08-08,6790.0,6850.0,6790.0,6820.0,5177.0
1233,2017-08-09,6750.0,6750.0,6690.0,6750.0,8171.0
1234,2017-08-09,6680.0,6730.0,6670.0,6670.0,4790.0
1235,2017-08-09,6790.0,6840.0,6730.0,6790.0,8990.0
1236,2017-08-09,6710.0,6760.0,6670.0,6730.0,6273.0
1237,2017-08-10,6760.0,6760.0,6740.0,6750.0,2018.0
1238,2017-08-10,6660.0,6780.0,6610.0,6710.0,34054.0
1239,2017-08-10,6710.0,6730.0,6580.0,6580.0,10276.0
1240,2017-08-10,6580.0,6760.0,6560.0,6760.0,9882.0
1241,2017-08-11,6680.0,6680.0,6400.0,6460.0,23004.0
1242,2017-08-11,6350.0,6430.0,6340.0,6400.0,7712.0
1243,2017-08-11,6650.0,6830.0,6620.0,6620.0,3999.0
1244,2017-08-11,6460.0,6530.0,6310.0,6340.0,29877.0
1245,2017-08-14,6450.0,6460.0,6230.0,6270.0,15971.0
1246,2017-08-14,6270.0,6290.0,6230.0,6260.0,9154.0
1247,2017-08-14,6250.0,6310.0,6230.0,6250.0,7416.0
1248,2017-08-14,6250.0,6370.0,6230.0,6330.0,2607.0
1249,2017-08-16,6360.0,6420.0,6330.0,6340.0,4366.0
1250,2017-08-16,6310.0,6400.0,6290.0,6360.0,7121.0
1251,2017-08-16,6290.0,6340.0,6250.0,6330.0,6112.0
1252,2017-08-16,6330.0,6350.0,6290.0,6310.0,2471.0
1253,2017-08-17,6390.0,6780.0,6380.0,6740.0,60801.0
1254,2017-08-17,6740.0,7200.0,6690.0,6870.0,303585.0
1255,2017-08-17,6850.0,7110.0,6800.0,7020.0,103869.0
1256,2017-08-17,6970.0,7100.0,6960.0,6980.0,33003.0
1257,2017-08-18,6990.0,7040.0,6980.0,7000.0,9032.0
1258,2017-08-18,6970.0,7030.0,6870.0,6930.0,6237.0
1259,2017-08-18,6980.0,7030.0,6810.0,6870.0,25839.0
1260,2017-08-18,6910.0,6990.0,6900.0,6990.0,6091.0
1261,2017-08-21,7020.0,7260.0,6950.0,7180.0,58228.0
1262,2017-08-21,7170.0,7180.0,7060.0,7100.0,7187.0
1263,2017-08-21,7100.0,7180.0,7050.0,7150.0,6700.0
1264,2017-08-21,7140.0,7160.0,7140.0,7160.0,2751.0
1265,2017-08-22,7230.0,7270.0,7100.0,7160.0,17443.0
1266,2017-08-22,7190.0,7190.0,7140.0,7180.0,2863.0
1267,2017-08-22,7180.0,7190.0,7150.0,7190.0,2522.0
1268,2017-08-22,7140.0,7190.0,7130.0,7170.0,2161.0
1269,2017-08-23,7170.0,7170.0,7050.0,7130.0,10866.0
1270,2017-08-23,7120.0,7280.0,7120.0,7220.0,17355.0
1271,2017-08-23,7220.0,7220.0,7000.0,7110.0,16458.0
1272,2017-08-23,7080.0,7160.0,7050.0,7160.0,2213.0
1273,2017-08-24,7120.0,7180.0,7110.0,7180.0,3633.0
1274,2017-08-24,7180.0,7180.0,7090.0,7100.0,6234.0
1275,2017-08-24,7160.0,7240.0,7100.0,7140.0,5900.0
1276,2017-08-24,7140.0,7180.0,7110.0,7120.0,1513.0
1277,2017-08-25,7100.0,7100.0,6950.0,7040.0,17082.0
1278,2017-08-25,7050.0,7050.0,6980.0,7030.0,3444.0
1279,2017-08-25,7000.0,7030.0,6960.0,7010.0,9310.0
1280,2017-08-25,7020.0,7030.0,6990.0,6990.0,3435.0
1281,2017-08-28,7000.0,7300.0,7000.0,7140.0,27475.0
1282,2017-08-28,7140.0,7200.0,7090.0,7180.0,4468.0
1283,2017-08-28,7150.0,7180.0,7090.0,7140.0,3683.0
1284,2017-08-28,7130.0,7170.0,7100.0,7170.0,1632.0
1285,2017-08-29,7190.0,7200.0,7150.0,7150.0,2839.0
1286,2017-08-29,7170.0,7170.0,7020.0,7070.0,11026.0
1287,2017-08-29,7070.0,7120.0,7060.0,7110.0,3065.0
1288,2017-08-29,7110.0,7200.0,7110.0,7200.0,5089.0
1289,2017-08-30,7230.0,7550.0,7200.0,7400.0,197801.0
1290,2017-08-30,7400.0,7530.0,7340.0,7460.0,31468.0
1291,2017-08-30,7450.0,7520.0,7380.0,7470.0,48176.0
1292,2017-08-30,7440.0,7510.0,7430.0,7510.0,19568.0
1293,2017-08-31,7440.0,7480.0,7410.0,7480.0,13671.0
1294,2017-08-31,7510.0,7550.0,7410.0,7450.0,39609.0
1295,2017-08-31,7490.0,7500.0,7440.0,7500.0,16743.0
1296,2017-08-31,7500.0,7500.0,7400.0,7440.0,20455.0
1297,2017-09-01,7560.0,7630.0,7300.0,7360.0,78508.0
1298,2017-09-01,7350.0,7480.0,7290.0,7450.0,29252.0
1299,2017-09-01,7460.0,7520.0,7350.0,7420.0,15542.0
1300,2017-09-01,7420.0,7450.0,7310.0,7310.0,12128.0
1301,2017-09-04,7000.0,7310.0,7000.0,7310.0,48862.0
1302,2017-09-04,7320.0,7440.0,7210.0,7290.0,35129.0
1303,2017-09-04,7250.0,7370.0,7240.0,7370.0,6499.0
1304,2017-09-04,7360.0,7370.0,7300.0,7330.0,3408.0
1305,2017-09-05,7280.0,7470.0,7160.0,7290.0,16703.0
1306,2017-09-05,7240.0,7290.0,7170.0,7190.0,6270.0
1307,2017-09-05,7220.0,7220.0,7080.0,7200.0,11090.0
1308,2017-09-05,7200.0,7310.0,7200.0,7300.0,6851.0
1309,2017-09-06,7500.0,7560.0,7470.0,7550.0,18875.0
1310,2017-09-06,7540.0,7580.0,7530.0,7580.0,10082.0
1311,2017-09-06,7310.0,7640.0,7270.0,7570.0,95144.0
1312,2017-09-06,7570.0,7630.0,7480.0,7540.0,46163.0
1313,2017-09-07,7660.0,7940.0,7580.0,7810.0,142334.0
1314,2017-09-07,7780.0,7950.0,7760.0,7880.0,43894.0
1315,2017-09-07,7850.0,7850.0,7770.0,7810.0,15125.0
1316,2017-09-07,7800.0,7830.0,7770.0,7800.0,8265.0
1317,2017-09-08,7850.0,7850.0,7500.0,7630.0,50656.0
1318,2017-09-08,7630.0,7640.0,7530.0,7540.0,13627.0
1319,2017-09-08,7540.0,7570.0,7400.0,7500.0,29011.0
1320,2017-09-08,7500.0,7530.0,7380.0,7450.0,18322.0
1321,2017-09-11,7360.0,7380.0,7330.0,7360.0,3471.0
1322,2017-09-11,7380.0,7560.0,7380.0,7490.0,18228.0
1323,2017-09-11,7510.0,7510.0,7370.0,7430.0,18268.0
1324,2017-09-11,7450.0,7450.0,7220.0,7380.0,27199.0
1325,2017-09-12,7320.0,7480.0,7320.0,7480.0,9121.0
1326,2017-09-12,7480.0,7480.0,7380.0,7420.0,6646.0
1327,2017-09-12,7420.0,7460.0,7370.0,7400.0,3649.0
1328,2017-09-12,7400.0,7460.0,7350.0,7460.0,8088.0
1329,2017-09-13,7180.0,7210.0,7120.0,7210.0,8481.0
1330,2017-09-13,7460.0,7460.0,7340.0,7370.0,9924.0
1331,2017-09-13,7360.0,7370.0,7260.0,7330.0,11951.0
1332,2017-09-13,7330.0,7330.0,7070.0,7190.0,21746.0
1333,2017-09-14,7210.0,7350.0,7160.0,7250.0,19061.0
1334,2017-09-14,7250.0,7290.0,7190.0,7210.0,2889.0
1335,2017-09-14,7240.0,7290.0,7220.0,7250.0,1816.0
1336,2017-09-14,7240.0,7280.0,7230.0,7280.0,294.0
1337,2017-09-15,7280.0,7320.0,7180.0,7180.0,3795.0
1338,2017-09-15,7190.0,7230.0,7170.0,7180.0,7303.0
1339,2017-09-15,7170.0,7230.0,7170.0,7230.0,6381.0
1340,2017-09-15,7240.0,7280.0,7170.0,7170.0,1488.0
1341,2017-09-18,7170.0,7280.0,7140.0,7210.0,6160.0
1342,2017-09-18,7200.0,7220.0,7100.0,7150.0,11315.0
1343,2017-09-18,7150.0,7200.0,7080.0,7190.0,5430.0
1344,2017-09-18,7190.0,7210.0,7180.0,7200.0,2090.0
1345,2017-09-19,7310.0,7410.0,7300.0,7410.0,7707.0
1346,2017-09-19,7410.0,7610.0,7370.0,7530.0,17462.0
1347,2017-09-19,7300.0,7420.0,7140.0,7380.0,14345.0
1348,2017-09-19,7380.0,7420.0,7290.0,7300.0,13631.0
1349,2017-09-20,7470.0,7490.0,7410.0,7460.0,7244.0
1350,2017-09-20,7460.0,7560.0,7420.0,7470.0,16896.0
1351,2017-09-20,7470.0,7500.0,7360.0,7380.0,5265.0
1352,2017-09-20,7660.0,7660.0,7410.0,7420.0,11468.0
1353,2017-09-21,7380.0,7530.0,7300.0,7530.0,14335.0
1354,2017-09-21,7530.0,7530.0,7390.0,7410.0,4541.0
1355,2017-09-21,7400.0,7480.0,7300.0,7300.0,6631.0
1356,2017-09-21,7300.0,7320.0,7210.0,7280.0,3593.0
1357,2017-09-22,6840.0,6880.0,6740.0,6800.0,10178.0
1358,2017-09-22,7110.0,7110.0,6970.0,7050.0,15215.0
1359,2017-09-22,7020.0,7050.0,6810.0,6850.0,51197.0
1360,2017-09-22,7280.0,7350.0,6970.0,7100.0,45828.0
1361,2017-09-25,6690.0,6860.0,6440.0,6460.0,30197.0
1362,2017-09-25,6460.0,6700.0,6460.0,6530.0,9570.0
1363,2017-09-25,6530.0,6630.0,6510.0,6560.0,6582.0
1364,2017-09-25,6560.0,6630.0,6440.0,6500.0,10220.0
1365,2017-09-26,6570.0,6680.0,6520.0,6640.0,2635.0
1366,2017-09-26,6550.0,6610.0,6490.0,6500.0,3692.0
1367,2017-09-26,6310.0,6570.0,6310.0,6550.0,33563.0
1368,2017-09-26,6560.0,6610.0,6450.0,6560.0,8044.0
1369,2017-09-27,6640.0,6640.0,6520.0,6630.0,4543.0
1370,2017-09-27,6630.0,6750.0,6630.0,6700.0,1809.0
1371,2017-09-27,6710.0,6730.0,6570.0,6570.0,18161.0
1372,2017-09-27,6580.0,6730.0,6550.0,6730.0,11556.0
1373,2017-09-28,6650.0,6690.0,6550.0,6590.0,35172.0
1374,2017-09-28,6590.0,6640.0,6590.0,6640.0,2394.0
1375,2017-09-28,6730.0,6850.0,6730.0,6810.0,11352.0
1376,2017-09-28,6800.0,6810.0,6650.0,6700.0,13078.0
1377,2017-09-29,6610.0,6780.0,6610.0,6740.0,6172.0
1378,2017-09-29,6740.0,6810.0,6720.0,6740.0,15156.0
1379,2017-09-29,6730.0,6950.0,6700.0,6950.0,19250.0
1380,2017-09-29,6860.0,6930.0,6800.0,6800.0,3909.0
1381,2017-10-10,6850.0,6900.0,6760.0,6840.0,5370.0
1382,2017-10-10,6840.0,6900.0,6840.0,6880.0,8296.0
1383,2017-10-10,6870.0,6940.0,6840.0,6880.0,3263.0
1384,2017-10-10,6860.0,6880.0,6840.0,6880.0,276.0
1385,2017-10-11,6850.0,6850.0,6770.0,6770.0,812.0
1386,2017-10-11,6820.0,6870.0,6810.0,6850.0,4360.0
1387,2017-10-11,6790.0,6850.0,6700.0,6850.0,3792.0
1388,2017-10-11,6750.0,6950.0,6750.0,6790.0,4318.0
1389,2017-10-12,6800.0,6920.0,6790.0,6870.0,2933.0
1390,2017-10-12,6870.0,6890.0,6730.0,6750.0,8125.0
1391,2017-10-12,6740.0,6780.0,6650.0,6680.0,11233.0
1392,2017-10-12,6680.0,6780.0,6680.0,6780.0,909.0
1393,2017-10-13,6720.0,6800.0,6540.0,6720.0,11868.0
1394,2017-10-13,6710.0,6720.0,6630.0,6680.0,582.0
1395,2017-10-13,6670.0,6670.0,6560.0,6630.0,4118.0
1396,2017-10-13,6600.0,6730.0,6600.0,6690.0,993.0
1397,2017-10-16,6650.0,6730.0,6630.0,6730.0,684.0
1398,2017-10-16,6730.0,6730.0,6510.0,6580.0,6356.0
1399,2017-10-16,6580.0,6650.0,6570.0,6600.0,1767.0
1400,2017-10-16,6610.0,6750.0,6550.0,6750.0,6231.0
1401,2017-10-17,6620.0,6940.0,6620.0,6850.0,11417.0
1402,2017-10-17,6840.0,6840.0,6750.0,6830.0,643.0
1403,2017-10-17,6750.0,6760.0,6640.0,6750.0,4108.0
1404,2017-10-17,6730.0,6730.0,6730.0,6730.0,523.0
1405,2017-10-18,6690.0,6730.0,6690.0,6730.0,317.0
1406,2017-10-18,6730.0,6800.0,6590.0,6650.0,4636.0
1407,2017-10-18,6680.0,6730.0,6620.0,6710.0,172.0
1408,2017-10-18,6650.0,6710.0,6630.0,6690.0,908.0
1409,2017-10-19,6700.0,6800.0,6660.0,6780.0,2956.0
1410,2017-10-19,6780.0,6780.0,6670.0,6740.0,2853.0
1411,2017-10-19,6740.0,6890.0,6740.0,6830.0,5039.0
1412,2017-10-19,6760.0,6870.0,6750.0,6870.0,1493.0
1413,2017-10-20,6870.0,6890.0,6700.0,6850.0,1930.0
1414,2017-10-20,6810.0,6920.0,6810.0,6900.0,5390.0
1415,2017-10-20,6860.0,6910.0,6810.0,6900.0,5032.0
1416,2017-10-20,6900.0,6920.0,6860.0,6920.0,1086.0
1417,2017-10-23,6950.0,7000.0,6810.0,6990.0,8141.0
1418,2017-10-23,6990.0,7140.0,6990.0,7070.0,6232.0
1419,2017-10-23,7050.0,7080.0,6950.0,6950.0,4749.0
1420,2017-10-23,6980.0,7000.0,6900.0,7000.0,801.0
1421,2017-10-24,7000.0,7000.0,6920.0,6930.0,2778.0
1422,2017-10-24,6930.0,6960.0,6920.0,6950.0,1606.0
1423,2017-10-24,6930.0,7030.0,6890.0,7000.0,2095.0
1424,2017-10-24,7150.0,7150.0,6860.0,6930.0,4123.0
1425,2017-10-25,7000.0,7030.0,6900.0,6930.0,4278.0
1426,2017-10-25,6900.0,7020.0,6840.0,6990.0,7131.0
1427,2017-10-25,6970.0,6990.0,6940.0,6980.0,692.0
1428,2017-10-25,6980.0,7080.0,6940.0,7000.0,3204.0
1429,2017-10-26,6930.0,7040.0,6880.0,7010.0,4383.0
1430,2017-10-26,6960.0,7000.0,6920.0,6920.0,3212.0
1431,2017-10-26,6960.0,6970.0,6890.0,6890.0,7692.0
1432,2017-10-26,6890.0,7050.0,6870.0,7050.0,8261.0
1433,2017-10-27,6940.0,6990.0,6900.0,6900.0,2862.0
1434,2017-10-27,6920.0,7020.0,6920.0,6990.0,5377.0
1435,2017-10-27,6970.0,7200.0,6970.0,7200.0,23927.0
1436,2017-10-27,7000.0,7120.0,6850.0,6990.0,9879.0
1437,2017-10-30,7360.0,7360.0,7080.0,7100.0,23722.0
1438,2017-10-30,7100.0,7130.0,7080.0,7110.0,6995.0
1439,2017-10-30,7120.0,7130.0,7040.0,7050.0,9528.0
1440,2017-10-30,7050.0,7120.0,7010.0,7010.0,7110.0
1441,2017-10-31,6990.0,7020.0,6980.0,7020.0,979.0
1442,2017-10-31,7020.0,7030.0,6940.0,7000.0,2692.0
1443,2017-10-31,7010.0,7090.0,6980.0,7010.0,4522.0
1444,2017-10-31,7010.0,7060.0,6950.0,6990.0,7028.0
1445,2017-11-01,7020.0,7170.0,6970.0,6970.0,3652.0
1446,2017-11-01,6980.0,7040.0,6980.0,7030.0,1079.0
1447,2017-11-01,7000.0,7030.0,6990.0,7020.0,7608.0
1448,2017-11-01,7020.0,7020.0,6990.0,6990.0,365.0
1449,2017-11-02,7000.0,7160.0,6990.0,7030.0,11773.0
1450,2017-11-02,7030.0,7040.0,6930.0,7010.0,10729.0
1451,2017-11-02,7000.0,7000.0,6920.0,6920.0,4484.0
1452,2017-11-02,6970.0,6970.0,6910.0,6970.0,6203.0
1453,2017-11-03,6830.0,6860.0,6790.0,6860.0,2323.0
1454,2017-11-03,6910.0,6950.0,6880.0,6930.0,5113.0
1455,2017-11-03,6930.0,6930.0,6820.0,6820.0,6784.0
1456,2017-11-03,6870.0,6870.0,6750.0,6810.0,13927.0
1457,2017-11-06,6900.0,6920.0,6790.0,6800.0,6087.0
1458,2017-11-06,6800.0,6840.0,6790.0,6840.0,3142.0
1459,2017-11-06,6820.0,6840.0,6790.0,6800.0,1760.0
1460,2017-11-06,6790.0,6840.0,6790.0,6790.0,1715.0
1461,2017-11-07,6780.0,7000.0,6780.0,7000.0,15464.0
1462,2017-11-07,6770.0,6820.0,6750.0,6800.0,2078.0
1463,2017-11-07,6830.0,6850.0,6730.0,6810.0,9190.0
1464,2017-11-07,6760.0,6800.0,6760.0,6780.0,2669.0
1465,2017-11-08,6980.0,6980.0,6880.0,6920.0,5148.0
1466,2017-11-08,6890.0,6920.0,6870.0,6870.0,2504.0
1467,2017-11-08,6880.0,6920.0,6860.0,6890.0,5819.0
1468,2017-11-08,6880.0,6880.0,6850.0,6870.0,6324.0
1469,2017-11-09,6800.0,6910.0,6790.0,6880.0,7988.0
1470,2017-11-09,6880.0,6890.0,6860.0,6870.0,2987.0
1471,2017-11-09,6890.0,6900.0,6840.0,6870.0,4702.0
1472,2017-11-09,6860.0,6870.0,6850.0,6860.0,10186.0
1473,2017-11-10,6940.0,6980.0,6940.0,6980.0,1853.0
1474,2017-11-10,6860.0,6950.0,6860.0,6890.0,5205.0
1475,2017-11-10,6890.0,6900.0,6850.0,6880.0,5113.0
1476,2017-11-10,6880.0,6950.0,6880.0,6940.0,5398.0
1477,2017-11-13,7020.0,7180.0,6980.0,7140.0,17354.0
1478,2017-11-13,7120.0,7150.0,7090.0,7140.0,6594.0
1479,2017-11-13,7100.0,7140.0,7070.0,7100.0,5504.0
1480,2017-11-13,7080.0,7120.0,7080.0,7120.0,2785.0
1481,2017-11-14,7180.0,7190.0,7140.0,7180.0,1207.0
1482,2017-11-14,7130.0,7200.0,7080.0,7140.0,10011.0
1483,2017-11-14,7170.0,7230.0,7130.0,7140.0,7206.0
1484,2017-11-14,7130.0,7220.0,7120.0,7140.0,10983.0
1485,2017-11-15,7180.0,7400.0,7110.0,7160.0,19711.0
1486,2017-11-15,7160.0,7220.0,7090.0,7100.0,3793.0
1487,2017-11-15,7130.0,7130.0,6960.0,7020.0,11265.0
1488,2017-11-15,6990.0,6990.0,6900.0,6900.0,8237.0
1489,2017-11-16,6910.0,7070.0,6890.0,6990.0,5481.0
1490,2017-11-16,6980.0,7010.0,6950.0,7000.0,3935.0
1491,2017-11-16,7000.0,7010.0,6970.0,6980.0,2623.0
1492,2017-11-16,7000.0,7060.0,6970.0,7060.0,4340.0
1493,2017-11-17,7060.0,7300.0,7050.0,7100.0,6160.0
1494,2017-11-17,7080.0,7120.0,6990.0,7010.0,4459.0
1495,2017-11-17,7020.0,7100.0,7000.0,7080.0,8827.0
1496,2017-11-17,7020.0,7110.0,7000.0,7110.0,6702.0
1497,2017-11-20,7230.0,7230.0,7140.0,7180.0,5957.0
1498,2017-11-20,7180.0,7220.0,7140.0,7220.0,2142.0
1499,2017-11-20,7090.0,7180.0,7030.0,7080.0,17325.0
1500,2017-11-20,7140.0,7260.0,7100.0,7240.0,6710.0
1501,2017-11-21,7170.0,7220.0,7120.0,7140.0,3011.0
1502,2017-11-21,7140.0,7300.0,7120.0,7300.0,28009.0
1503,2017-11-21,7210.0,7290.0,7180.0,7290.0,3560.0
1504,2017-11-21,7220.0,7290.0,7120.0,7170.0,8022.0
1505,2017-11-22,7210.0,7310.0,7150.0,7220.0,8174.0
1506,2017-11-22,7220.0,7380.0,7160.0,7340.0,11823.0
1507,2017-11-22,7330.0,7330.0,7280.0,7320.0,2820.0
1508,2017-11-22,7270.0,7290.0,7170.0,7290.0,5185.0
1509,2017-11-23,7360.0,7400.0,7320.0,7320.0,2300.0
1510,2017-11-23,7340.0,7350.0,7300.0,7340.0,2628.0
1511,2017-11-23,7340.0,7420.0,7310.0,7400.0,10746.0
1512,2017-11-23,7290.0,7350.0,7230.0,7350.0,4336.0
1513,2017-11-24,7320.0,7600.0,7310.0,7510.0,20460.0
1514,2017-11-24,7480.0,7590.0,7440.0,7550.0,11811.0
1515,2017-11-24,7550.0,7570.0,7350.0,7360.0,12689.0
1516,2017-11-24,7360.0,7460.0,7360.0,7450.0,4024.0
1517,2017-11-27,7540.0,7540.0,7500.0,7510.0,3159.0
1518,2017-11-27,7530.0,7530.0,7450.0,7530.0,12146.0
1519,2017-11-27,7640.0,7640.0,7490.0,7550.0,27202.0
1520,2017-11-27,7530.0,7580.0,7490.0,7540.0,8250.0
1521,2017-11-28,7500.0,7590.0,7330.0,7430.0,12533.0
1522,2017-11-28,7440.0,7450.0,7400.0,7420.0,1478.0
1523,2017-11-28,7430.0,7450.0,7370.0,7400.0,3720.0
1524,2017-11-28,7370.0,7390.0,7360.0,7370.0,3636.0
1525,2017-11-29,7440.0,7550.0,7420.0,7550.0,7243.0
1526,2017-11-29,7550.0,7580.0,7550.0,7580.0,3144.0
1527,2017-11-29,7320.0,7500.0,7320.0,7440.0,9357.0
1528,2017-11-29,7420.0,7440.0,7390.0,7410.0,8159.0
1529,2017-11-30,7580.0,7650.0,7480.0,7590.0,3399.0
1530,2017-11-30,7580.0,7650.0,7580.0,7610.0,5576.0
1531,2017-11-30,7590.0,7620.0,7530.0,7590.0,2285.0
1532,2017-11-30,7590.0,7600.0,7580.0,7590.0,2476.0
1533,2017-12-01,7610.0,7740.0,7560.0,7650.0,18953.0
1534,2017-12-01,7650.0,7710.0,7640.0,7670.0,3230.0
1535,2017-12-01,7660.0,7700.0,7640.0,7700.0,4917.0
1536,2017-12-01,7700.0,7740.0,7690.0,7740.0,8293.0
1537,2017-12-04,7820.0,7840.0,7770.0,7770.0,2698.0
1538,2017-12-04,7810.0,7820.0,7780.0,7820.0,5568.0
1539,2017-12-04,7770.0,7860.0,7770.0,7790.0,22652.0
1540,2017-12-04,7770.0,7800.0,7600.0,7770.0,20022.0
1541,2017-12-05,7800.0,7990.0,7700.0,7990.0,25364.0
1542,2017-12-05,7990.0,8170.0,7860.0,8080.0,35290.0
1543,2017-12-05,8060.0,8080.0,7800.0,7920.0,29986.0
1544,2017-12-05,7860.0,7900.0,7830.0,7900.0,2112.0
1545,2017-12-06,8060.0,8140.0,7990.0,8050.0,31833.0
1546,2017-12-06,8050.0,8050.0,7820.0,7920.0,15755.0
1547,2017-12-06,7930.0,7930.0,7830.0,7860.0,6830.0
1548,2017-12-06,7860.0,7890.0,7830.0,7830.0,1999.0
1549,2017-12-07,7850.0,8000.0,7840.0,8000.0,7679.0
1550,2017-12-07,8070.0,8070.0,7740.0,7840.0,24269.0
1551,2017-12-07,7780.0,7860.0,7780.0,7860.0,6252.0
1552,2017-12-07,7860.0,7860.0,7750.0,7860.0,12788.0
1553,2017-12-08,8010.0,8150.0,7950.0,8000.0,27943.0
1554,2017-12-08,8030.0,8690.0,8030.0,8350.0,203195.0
1555,2017-12-08,8350.0,8450.0,8180.0,8220.0,41550.0
1556,2017-12-08,8220.0,8380.0,8220.0,8350.0,18336.0
1557,2017-12-11,8890.0,8990.0,8840.0,8900.0,27710.0
1558,2017-12-11,8340.0,8960.0,8340.0,8940.0,188247.0
1559,2017-12-11,8940.0,9070.0,8720.0,8900.0,188286.0
1560,2017-12-11,8900.0,8960.0,8790.0,8890.0,27299.0
1561,2017-12-12,8960.0,9050.0,8640.0,8880.0,60220.0
1562,2017-12-12,8870.0,9040.0,8850.0,9000.0,53355.0
1563,2017-12-12,9000.0,9040.0,8920.0,9000.0,26375.0
1564,2017-12-12,9000.0,9010.0,8890.0,8890.0,4955.0
1565,2017-12-13,8890.0,9340.0,8850.0,9250.0,60390.0
1566,2017-12-13,9270.0,9380.0,9150.0,9330.0,35825.0
1567,2017-12-13,9330.0,9330.0,9140.0,9300.0,21566.0
1568,2017-12-13,9310.0,9330.0,9300.0,9320.0,13823.0
1569,2017-12-14,9260.0,9580.0,9260.0,9430.0,60963.0
1570,2017-12-14,9430.0,9480.0,9330.0,9400.0,7175.0
1571,2017-12-14,9440.0,9440.0,9200.0,9290.0,22198.0
1572,2017-12-14,9290.0,9310.0,9210.0,9300.0,10625.0
1573,2017-12-15,8860.0,8930.0,8780.0,8890.0,23702.0
1574,2017-12-15,8890.0,8920.0,8790.0,8790.0,4483.0
1575,2017-12-15,8900.0,8980.0,8810.0,8860.0,19146.0
1576,2017-12-15,9280.0,9400.0,8780.0,8880.0,82779.0
1577,2017-12-18,9270.0,9270.0,9170.0,9250.0,15419.0
1578,2017-12-18,8790.0,8920.0,8650.0,8810.0,40885.0
1579,2017-12-18,8770.0,9270.0,8740.0,9180.0,52084.0
1580,2017-12-18,9160.0,9400.0,9120.0,9280.0,35535.0
1581,2017-12-19,9200.0,9240.0,8700.0,8790.0,49273.0
1582,2017-12-19,8800.0,8880.0,8690.0,8820.0,22234.0
1583,2017-12-19,8820.0,8870.0,8310.0,8700.0,65769.0
1584,2017-12-19,8710.0,8710.0,8490.0,8490.0,11502.0
1585,2017-12-20,8510.0,8540.0,8330.0,8420.0,19191.0
1586,2017-12-20,8390.0,8500.0,8000.0,8140.0,29696.0
1587,2017-12-20,8140.0,8140.0,7650.0,7930.0,54167.0
1588,2017-12-20,8340.0,8600.0,8240.0,8510.0,41174.0
1589,2017-12-21,7930.0,7990.0,7640.0,7870.0,49333.0
1590,2017-12-21,7870.0,7870.0,7690.0,7700.0,13630.0
1591,2017-12-21,7700.0,7700.0,7520.0,7580.0,25191.0
1592,2017-12-21,7570.0,7640.0,7520.0,7610.0,10929.0
1593,2017-12-22,8000.0,8090.0,7950.0,7960.0,10343.0
1594,2017-12-22,7770.0,7910.0,7700.0,7910.0,23378.0
1595,2017-12-22,7540.0,7900.0,7530.0,7800.0,38687.0
1596,2017-12-22,7930.0,8130.0,7910.0,7990.0,27244.0
1597,2017-12-26,7990.0,8220.0,7990.0,8170.0,23125.0
1598,2017-12-26,8140.0,8170.0,8100.0,8150.0,11376.0
1599,2017-12-26,8170.0,8200.0,8090.0,8180.0,7196.0
1600,2017-12-26,8190.0,8190.0,8100.0,8100.0,4350.0
1601,2017-12-27,8220.0,8400.0,8180.0,8360.0,6257.0
1602,2017-12-27,8360.0,8370.0,8330.0,8340.0,2810.0
1603,2017-12-27,8110.0,8190.0,8040.0,8140.0,16750.0
1604,2017-12-27,8160.0,8250.0,8150.0,8180.0,10406.0
1605,2017-12-28,8340.0,8470.0,8330.0,8450.0,11126.0
1606,2017-12-28,8440.0,8470.0,8360.0,8440.0,9295.0
1607,2017-12-28,8440.0,8490.0,8410.0,8480.0,5129.0
1608,2017-12-28,8480.0,8600.0,8480.0,8600.0,9743.0
1609,2018-01-02,8560.0,8700.0,8520.0,8700.0,20226.0
1610,2018-01-02,8630.0,8700.0,8610.0,8680.0,10405.0
1611,2018-01-02,8670.0,8700.0,8600.0,8680.0,16598.0
1612,2018-01-03,8650.0,8690.0,8600.0,8680.0,3109.0
1613,2018-01-03,8750.0,8760.0,8650.0,8650.0,8097.0
1614,2018-01-03,8680.0,8760.0,8550.0,8670.0,18804.0
1615,2018-01-03,8710.0,8760.0,8630.0,8740.0,6077.0
1616,2018-01-04,8590.0,8640.0,8470.0,8510.0,12514.0
1617,2018-01-04,8510.0,8550.0,8470.0,8470.0,11234.0
1618,2018-01-04,8480.0,8500.0,8450.0,8450.0,4364.0
1619,2018-01-04,8670.0,8750.0,8570.0,8640.0,11299.0
1620,2018-01-05,8400.0,8600.0,8400.0,8450.0,7113.0
1621,2018-01-05,8450.0,8500.0,8410.0,8420.0,8929.0
1622,2018-01-05,8420.0,8480.0,8160.0,8350.0,28244.0
1623,2018-01-05,8340.0,8350.0,8300.0,8330.0,1009.0
1624,2018-01-08,8360.0,8360.0,8330.0,8330.0,2230.0
1625,2018-01-08,8380.0,8420.0,8220.0,8380.0,6898.0
1626,2018-01-08,8380.0,8400.0,8330.0,8360.0,3882.0
1627,2018-01-08,8270.0,8490.0,8210.0,8390.0,13712.0
1628,2018-01-09,8300.0,8480.0,8300.0,8430.0,3739.0
1629,2018-01-09,8460.0,8890.0,8420.0,8820.0,43291.0
1630,2018-01-09,8820.0,8820.0,8110.0,8410.0,32606.0
1631,2018-01-09,8400.0,8480.0,8270.0,8420.0,8850.0
1632,2018-01-10,9050.0,9160.0,8960.0,9160.0,18877.0
1633,2018-01-10,8940.0,9820.0,8930.0,9060.0,304094.0
1634,2018-01-10,8510.0,8860.0,8460.0,8730.0,51303.0
1635,2018-01-10,8650.0,9190.0,8650.0,8940.0,51347.0
1636,2018-01-11,9200.0,9900.0,9200.0,9790.0,141685.0
1637,2018-01-11,9790.0,10150.0,9670.0,9720.0,208463.0
1638,2018-01-11,9720.0,9880.0,9620.0,9830.0,56229.0
1639,2018-01-11,9830.0,10250.0,9800.0,10150.0,64657.0
1640,2018-01-12,9990.0,10100.0,9620.0,9780.0,67945.0
1641,2018-01-12,9750.0,9800.0,9640.0,9650.0,20749.0
1642,2018-01-12,9660.0,9800.0,9610.0,9700.0,22764.0
1643,2018-01-12,9700.0,9710.0,9640.0,9690.0,10617.0
1644,2018-01-15,9890.0,9900.0,9780.0,9800.0,7836.0
1645,2018-01-15,9690.0,9990.0,9560.0,9860.0,50546.0
1646,2018-01-15,9850.0,9930.0,9770.0,9930.0,16236.0
1647,2018-01-15,9920.0,10000.0,9800.0,9900.0,28212.0
1648,2018-01-16,9900.0,9950.0,9380.0,9630.0,72840.0
1649,2018-01-16,9600.0,9630.0,9280.0,9400.0,41760.0
1650,2018-01-16,9400.0,9460.0,9240.0,9450.0,23991.0
1651,2018-01-16,9400.0,9430.0,9290.0,9290.0,11113.0
1652,2018-01-17,9330.0,9380.0,9280.0,9280.0,1644.0
1653,2018-01-17,9220.0,9600.0,9220.0,9410.0,44415.0
1654,2018-01-17,9370.0,9540.0,9330.0,9330.0,16116.0
1655,2018-01-17,9330.0,9370.0,9220.0,9360.0,11044.0
1656,2018-01-18,9450.0,9450.0,9100.0,9180.0,27433.0
1657,2018-01-18,9180.0,9450.0,9150.0,9430.0,15058.0
1658,2018-01-18,9430.0,9450.0,9290.0,9350.0,25564.0
1659,2018-01-18,9350.0,9350.0,9210.0,9230.0,9220.0
1660,2018-01-19,9320.0,9400.0,9210.0,9270.0,40080.0
1661,2018-01-19,9270.0,9320.0,9200.0,9300.0,13984.0
1662,2018-01-19,9270.0,9380.0,9230.0,9350.0,17533.0
1663,2018-01-19,9360.0,9440.0,9340.0,9440.0,3083.0
1664,2018-01-22,9460.0,9520.0,9450.0,9500.0,6776.0
1665,2018-01-22,9600.0,9600.0,9160.0,9420.0,29371.0
1666,2018-01-22,9410.0,9450.0,9300.0,9390.0,8627.0
1667,2018-01-22,9380.0,9500.0,9340.0,9440.0,7249.0
1668,2018-01-23,9630.0,9670.0,9360.0,9660.0,34601.0
1669,2018-01-23,9650.0,9660.0,9500.0,9520.0,9711.0
1670,2018-01-23,9520.0,9600.0,9520.0,9550.0,9565.0
1671,2018-01-23,9540.0,9550.0,9510.0,9510.0,2698.0
1672,2018-01-24,9440.0,9490.0,9400.0,9490.0,3052.0
1673,2018-01-24,9550.0,9600.0,9350.0,9420.0,23485.0
1674,2018-01-24,9400.0,9430.0,9340.0,9400.0,12555.0
1675,2018-01-24,9400.0,9470.0,9370.0,9440.0,5939.0
1676,2018-01-25,9480.0,9550.0,9420.0,9460.0,4844.0
1677,2018-01-25,9460.0,9530.0,9410.0,9440.0,6532.0
1678,2018-01-25,9430.0,9500.0,9380.0,9440.0,7494.0
1679,2018-01-25,9400.0,9450.0,9380.0,9380.0,3048.0
1680,2018-01-26,9380.0,9500.0,9320.0,9490.0,15172.0
1681,2018-01-26,9490.0,9580.0,9410.0,9540.0,5823.0
1682,2018-01-26,9550.0,9740.0,9480.0,9670.0,19628.0
1683,2018-01-26,9680.0,9730.0,9600.0,9720.0,7289.0
1684,2018-01-29,9790.0,10550.0,9620.0,10350.0,110657.0
1685,2018-01-29,10300.0,10600.0,10250.0,10300.0,48531.0
1686,2018-01-29,10250.0,10450.0,10150.0,10350.0,26618.0
1687,2018-01-29,10300.0,10400.0,10300.0,10400.0,6679.0
1688,2018-01-30,10250.0,10350.0,10100.0,10350.0,17227.0
1689,2018-01-30,10300.0,10400.0,10150.0,10150.0,5481.0
1690,2018-01-30,10400.0,10550.0,9990.0,10250.0,65696.0
1691,2018-01-30,10250.0,10400.0,10100.0,10250.0,14237.0
1692,2018-01-31,10250.0,10550.0,10100.0,10450.0,29193.0
1693,2018-01-31,10450.0,10500.0,10150.0,10250.0,28392.0
1694,2018-01-31,10250.0,10300.0,10150.0,10150.0,4445.0
1695,2018-01-31,10150.0,10350.0,9910.0,10250.0,50826.0
1696,2018-02-01,10300.0,11200.0,10250.0,10700.0,176381.0
1697,2018-02-01,10700.0,10800.0,10600.0,10600.0,27387.0
1698,2018-02-01,10600.0,10800.0,10600.0,10650.0,33937.0
1699,2018-02-01,10700.0,10750.0,10600.0,10750.0,8339.0
1700,2018-02-02,11000.0,11050.0,10900.0,11050.0,11231.0
1701,2018-02-02,11150.0,11400.0,11000.0,11100.0,109597.0
1702,2018-02-02,11100.0,11100.0,10900.0,11000.0,35792.0
1703,2018-02-02,10600.0,11300.0,10600.0,11150.0,97336.0
1704,2018-02-05,10800.0,11350.0,10750.0,11250.0,87038.0
1705,2018-02-05,11200.0,11250.0,11000.0,11050.0,32622.0
1706,2018-02-05,11050.0,11250.0,10950.0,11000.0,29214.0
1707,2018-02-05,11000.0,11200.0,11000.0,11200.0,9013.0
1708,2018-02-06,10550.0,10650.0,10350.0,10600.0,28530.0
1709,2018-02-06,10300.0,10700.0,10250.0,10550.0,66918.0
1710,2018-02-06,10750.0,10750.0,9990.0,10050.0,287518.0
1711,2018-02-06,10000.0,10400.0,9980.0,10300.0,58398.0
1712,2018-02-07,10700.0,10800.0,10250.0,10450.0,98669.0
1713,2018-02-07,10400.0,10650.0,10350.0,10500.0,27940.0
1714,2018-02-07,10350.0,10500.0,10150.0,10300.0,42422.0
1715,2018-02-07,10250.0,10300.0,10100.0,10100.0,22662.0
1716,2018-02-08,10150.0,10450.0,9990.0,10250.0,62197.0
1717,2018-02-08,10200.0,10450.0,10150.0,10400.0,18038.0
1718,2018-02-08,10400.0,10400.0,10200.0,10350.0,13436.0
1719,2018-02-08,10300.0,10350.0,10150.0,10300.0,10416.0
1720,2018-02-09,10350.0,10400.0,10300.0,10400.0,10888.0
1721,2018-02-09,9900.0,10500.0,9870.0,10300.0,53540.0
1722,2018-02-09,10200.0,10350.0,10200.0,10250.0,9933.0
1723,2018-02-09,10250.0,10350.0,10150.0,10350.0,17256.0
1724,2018-02-12,10700.0,10950.0,10450.0,10750.0,54852.0
1725,2018-02-12,10750.0,10800.0,10650.0,10700.0,6694.0
1726,2018-02-12,10700.0,10850.0,10700.0,10700.0,14250.0
1727,2018-02-12,10700.0,10800.0,10600.0,10800.0,8614.0
1728,2018-02-13,10600.0,10700.0,10500.0,10500.0,9040.0
1729,2018-02-13,10800.0,10900.0,10500.0,10700.0,35125.0
1730,2018-02-13,10650.0,10800.0,10600.0,10800.0,10026.0
1731,2018-02-13,10750.0,10800.0,10550.0,10650.0,26167.0
1732,2018-02-14,10550.0,11250.0,10500.0,10850.0,132564.0
1733,2018-02-14,10800.0,11000.0,10800.0,10900.0,44382.0
1734,2018-02-14,10850.0,11100.0,10850.0,11100.0,36722.0
1735,2018-02-14,11050.0,11100.0,11000.0,11100.0,12126.0
1736,2018-02-19,11200.0,11800.0,11150.0,11550.0,166358.0
1737,2018-02-19,11500.0,11700.0,11400.0,11450.0,41975.0
1738,2018-02-19,11450.0,11550.0,11250.0,11400.0,40615.0
1739,2018-02-19,11400.0,11500.0,11350.0,11500.0,13061.0
1740,2018-02-20,12300.0,13000.0,12300.0,13000.0,82683.0
1741,2018-02-20,11450.0,11850.0,11300.0,11650.0,77880.0
1742,2018-02-20,11600.0,12400.0,11500.0,12350.0,121547.0
1743,2018-02-20,12300.0,12700.0,12000.0,12300.0,131402.0
1744,2018-02-21,13200.0,13350.0,12700.0,13050.0,137308.0
1745,2018-02-21,13050.0,13200.0,13000.0,13150.0,35232.0
1746,2018-02-21,13150.0,13200.0,12850.0,13000.0,37089.0
1747,2018-02-21,13000.0,13050.0,12800.0,12800.0,17112.0
1748,2018-02-22,12750.0,12850.0,12600.0,12600.0,24308.0
1749,2018-02-22,12700.0,13050.0,12600.0,12800.0,48957.0
1750,2018-02-22,12750.0,12950.0,12700.0,12850.0,8373.0
1751,2018-02-22,12850.0,12950.0,12650.0,12750.0,28742.0
1752,2018-02-23,12600.0,13150.0,12600.0,12700.0,83837.0
1753,2018-02-23,12750.0,12900.0,12650.0,12850.0,25553.0
1754,2018-02-23,12800.0,12800.0,12400.0,12650.0,46390.0
1755,2018-02-23,12550.0,12650.0,12400.0,12500.0,19424.0
1756,2018-02-26,12800.0,12800.0,12150.0,12350.0,65505.0
1757,2018-02-26,12350.0,12500.0,12300.0,12400.0,8060.0
1758,2018-02-26,12400.0,12450.0,12150.0,12200.0,41105.0
1759,2018-02-26,12150.0,12200.0,12050.0,12050.0,22758.0
1760,2018-02-27,12200.0,12200.0,11450.0,11950.0,83450.0
1761,2018-02-27,11950.0,12000.0,11750.0,11950.0,16349.0
1762,2018-02-27,11850.0,11950.0,11650.0,11700.0,17707.0
1763,2018-02-27,11750.0,11850.0,11700.0,11850.0,8013.0
1764,2018-02-28,11850.0,11900.0,11600.0,11850.0,16708.0
1765,2018-02-28,11850.0,11900.0,11700.0,11700.0,9984.0
1766,2018-02-28,11550.0,12300.0,11550.0,11800.0,42347.0
1767,2018-02-28,11800.0,12100.0,11600.0,11900.0,21560.0
1768,2018-03-02,12000.0,12650.0,11900.0,12300.0,133592.0
1769,2018-03-02,12250.0,12400.0,10000.0,10050.0,324431.0
1770,2018-03-02,10100.0,11350.0,9810.0,11350.0,219764.0
1771,2018-03-02,11700.0,12250.0,11700.0,12000.0,65902.0
1772,2018-03-05,11050.0,11050.0,9950.0,10000.0,438730.0
1773,2018-03-05,9990.0,10200.0,9960.0,10050.0,79577.0
1774,2018-03-05,10100.0,10100.0,9700.0,9740.0,144939.0
1775,2018-03-05,9740.0,9850.0,9640.0,9750.0,45418.0
1776,2018-03-06,10600.0,11000.0,9370.0,9660.0,726942.0
1777,2018-03-06,9660.0,9850.0,9650.0,9690.0,74273.0
1778,2018-03-06,9680.0,9680.0,9450.0,9540.0,57995.0
1779,2018-03-06,9480.0,9490.0,9390.0,9390.0,47436.0
1780,2018-03-07,9490.0,9490.0,8870.0,9210.0,139484.0
1781,2018-03-07,9210.0,9500.0,9160.0,9380.0,58804.0
1782,2018-03-07,9400.0,9520.0,9090.0,9170.0,60057.0
1783,2018-03-07,9110.0,9200.0,9050.0,9100.0,20752.0
1784,2018-03-08,9160.0,9190.0,9090.0,9130.0,11591.0
1785,2018-03-08,9120.0,9200.0,9110.0,9160.0,14161.0
1786,2018-03-08,9200.0,9370.0,9090.0,9240.0,43956.0
1787,2018-03-08,9240.0,9260.0,9100.0,9130.0,15071.0
1788,2018-03-09,9070.0,9380.0,9070.0,9340.0,67807.0
1789,2018-03-09,9360.0,9520.0,9340.0,9510.0,37729.0
1790,2018-03-09,9510.0,9710.0,9460.0,9580.0,72905.0
1791,2018-03-09,9580.0,9580.0,9460.0,9580.0,19849.0
1792,2018-03-12,9790.0,9860.0,9770.0,9810.0,30608.0
1793,2018-03-12,9810.0,9830.0,9750.0,9830.0,4976.0
1794,2018-03-12,9730.0,9840.0,9550.0,9750.0,95368.0
1795,2018-03-12,9740.0,9830.0,9720.0,9760.0,20192.0
1796,2018-03-13,9830.0,9830.0,9570.0,9730.0,22134.0
1797,2018-03-13,9730.0,9750.0,9680.0,9730.0,13149.0
1798,2018-03-13,9720.0,9940.0,9720.0,9830.0,27285.0
1799,2018-03-13,9840.0,9850.0,9750.0,9850.0,7040.0
1800,2018-03-14,9880.0,9900.0,9610.0,9900.0,42246.0
1801,2018-03-14,9900.0,9920.0,9790.0,9800.0,9610.0
1802,2018-03-14,9790.0,9860.0,9770.0,9810.0,8979.0
1803,2018-03-14,9810.0,9840.0,9800.0,9840.0,3802.0
1804,2018-03-15,9600.0,9600.0,9430.0,9490.0,14521.0
1805,2018-03-15,9710.0,9820.0,9700.0,9790.0,8957.0
1806,2018-03-15,9840.0,9920.0,9680.0,9750.0,30158.0
1807,2018-03-15,9740.0,9740.0,9010.0,9600.0,115767.0
1808,2018-03-16,9460.0,9550.0,9450.0,9510.0,9041.0
1809,2018-03-16,9530.0,9540.0,9370.0,9450.0,27211.0
1810,2018-03-16,9410.0,9430.0,9340.0,9400.0,8659.0
1811,2018-03-16,9450.0,9690.0,9320.0,9430.0,29438.0
1812,2018-03-19,9360.0,9490.0,9100.0,9240.0,39860.0
1813,2018-03-19,9240.0,9310.0,9160.0,9260.0,11474.0
1814,2018-03-19,9230.0,9580.0,9210.0,9460.0,31174.0
1815,2018-03-19,9370.0,9460.0,9360.0,9410.0,4779.0
1816,2018-03-20,9610.0,9650.0,9590.0,9590.0,5353.0
1817,2018-03-20,9400.0,9620.0,9340.0,9570.0,25480.0
1818,2018-03-20,9580.0,9670.0,9570.0,9610.0,13214.0
1819,2018-03-20,9410.0,9540.0,9320.0,9390.0,10628.0
1820,2018-03-21,9590.0,9810.0,9470.0,9610.0,34304.0
1821,2018-03-21,9610.0,9640.0,9450.0,9490.0,11047.0
1822,2018-03-21,9510.0,9510.0,9360.0,9400.0,17435.0
1823,2018-03-21,9400.0,9430.0,9330.0,9330.0,10884.0
1824,2018-03-22,9270.0,9270.0,9170.0,9170.0,4377.0
1825,2018-03-22,9260.0,9300.0,9210.0,9280.0,9719.0
1826,2018-03-22,9390.0,9480.0,9200.0,9250.0,16142.0
1827,2018-03-22,9230.0,9330.0,9190.0,9260.0,12211.0
1828,2018-03-23,8970.0,9210.0,8940.0,9120.0,24756.0
1829,2018-03-23,9120.0,9210.0,9060.0,9210.0,8357.0
1830,2018-03-23,9190.0,9220.0,9030.0,9030.0,4895.0
1831,2018-03-23,9030.0,9080.0,8930.0,9000.0,13862.0
1832,2018-03-26,9200.0,9490.0,9160.0,9400.0,18996.0
1833,2018-03-26,9410.0,9490.0,9310.0,9310.0,7285.0
1834,2018-03-26,8980.0,9390.0,8810.0,9300.0,27804.0
1835,2018-03-26,9290.0,9310.0,9200.0,9200.0,4783.0
1836,2018-03-27,9470.0,9570.0,9320.0,9530.0,26032.0
1837,2018-03-27,9490.0,9530.0,9330.0,9430.0,15518.0
1838,2018-03-27,9400.0,9430.0,9160.0,9200.0,21750.0
1839,2018-03-27,9200.0,9280.0,9200.0,9280.0,2302.0
1840,2018-03-28,9120.0,9280.0,8960.0,9040.0,40555.0
1841,2018-03-28,9040.0,9110.0,9000.0,9040.0,20639.0
1842,2018-03-28,9040.0,9120.0,8990.0,9020.0,11211.0
1843,2018-03-28,9000.0,9060.0,8960.0,9060.0,5562.0
1844,2018-03-29,9020.0,9030.0,8930.0,8930.0,5028.0
1845,2018-03-29,8880.0,9090.0,8880.0,9040.0,11137.0
1846,2018-03-29,8900.0,8930.0,8820.0,8880.0,10821.0
1847,2018-03-29,9090.0,9190.0,8780.0,8910.0,55545.0
1848,2018-03-30,9040.0,9150.0,9040.0,9150.0,8401.0
1849,2018-03-30,8910.0,9160.0,8910.0,9000.0,16477.0
1850,2018-03-30,9080.0,9080.0,9030.0,9050.0,964.0
1851,2018-03-30,9050.0,9080.0,8980.0,9030.0,5470.0
1852,2018-04-02,9070.0,9160.0,9060.0,9090.0,5873.0
1853,2018-04-02,9000.0,9030.0,8980.0,8980.0,3633.0
1854,2018-04-02,9150.0,9150.0,9000.0,9060.0,18457.0
1855,2018-04-02,9090.0,9120.0,8990.0,9000.0,16396.0
1856,2018-04-03,8860.0,8940.0,8750.0,8800.0,29213.0
1857,2018-04-03,8800.0,8810.0,8360.0,8540.0,43061.0
1858,2018-04-03,8540.0,8630.0,8410.0,8500.0,49567.0
1859,2018-04-03,8500.0,8530.0,8490.0,8520.0,5547.0
1860,2018-04-04,8510.0,8590.0,7890.0,8200.0,78959.0
1861,2018-04-04,8280.0,8350.0,8210.0,8350.0,15183.0
1862,2018-04-04,8350.0,8370.0,8250.0,8360.0,5939.0
1863,2018-04-04,8200.0,8310.0,8110.0,8290.0,14021.0
1864,2018-04-05,8320.0,8470.0,8310.0,8370.0,9217.0
1865,2018-04-05,8360.0,8360.0,8170.0,8310.0,13069.0
1866,2018-04-05,8310.0,8360.0,8250.0,8330.0,3947.0
1867,2018-04-05,8320.0,8340.0,8280.0,8340.0,3263.0
1868,2018-04-06,8370.0,8400.0,8320.0,8380.0,4554.0
1869,2018-04-06,8310.0,8350.0,8250.0,8260.0,4763.0
1870,2018-04-06,8260.0,8430.0,8250.0,8370.0,12313.0
1871,2018-04-06,8350.0,8470.0,8230.0,8290.0,13603.0
1872,2018-04-09,8440.0,8440.0,8240.0,8280.0,9227.0
1873,2018-04-09,8340.0,8360.0,8250.0,8310.0,12328.0
1874,2018-04-09,8310.0,8310.0,8140.0,8210.0,13275.0
1875,2018-04-09,8210.0,8260.0,8200.0,8260.0,1182.0
1876,2018-04-10,8230.0,8400.0,8030.0,8100.0,30849.0
1877,2018-04-10,8090.0,8270.0,8090.0,8260.0,5348.0
1878,2018-04-10,8260.0,8380.0,8250.0,8380.0,14426.0
1879,2018-04-10,8360.0,8380.0,8320.0,8380.0,3831.0
1880,2018-04-11,8460.0,8480.0,8310.0,8480.0,13496.0
1881,2018-04-11,8480.0,8640.0,8480.0,8630.0,11836.0
1882,2018-04-11,8620.0,8620.0,8500.0,8550.0,19195.0
1883,2018-04-11,8570.0,8590.0,8520.0,8590.0,2575.0
1884,2018-04-12,8620.0,8660.0,8590.0,8600.0,1832.0
1885,2018-04-12,8580.0,8650.0,8550.0,8650.0,4451.0
1886,2018-04-12,8510.0,8760.0,8510.0,8560.0,10907.0
1887,2018-04-12,8550.0,8680.0,8540.0,8580.0,5761.0
1888,2018-04-13,8600.0,8850.0,8590.0,8710.0,13684.0
1889,2018-04-13,8740.0,8880.0,8710.0,8850.0,12544.0
1890,2018-04-13,8850.0,8970.0,8810.0,8950.0,10419.0
1891,2018-04-13,8940.0,8960.0,8890.0,8950.0,5724.0
1892,2018-04-16,8970.0,9000.0,8800.0,8930.0,15837.0
1893,2018-04-16,8870.0,8920.0,8850.0,8850.0,1696.0
1894,2018-04-16,8850.0,8900.0,8810.0,8900.0,4530.0
1895,2018-04-16,8900.0,8900.0,8840.0,8880.0,2584.0
1896,2018-04-17,8510.0,8560.0,8450.0,8450.0,13463.0
1897,2018-04-17,8840.0,8950.0,8570.0,8660.0,36331.0
1898,2018-04-17,8580.0,8630.0,8490.0,8510.0,15753.0
1899,2018-04-17,8510.0,8610.0,8490.0,8500.0,13065.0
1900,2018-04-18,8460.0,8590.0,8270.0,8400.0,33480.0
1901,2018-04-18,8400.0,8450.0,8330.0,8410.0,12791.0
1902,2018-04-18,8410.0,8430.0,8250.0,8370.0,16823.0
1903,2018-04-18,8330.0,8400.0,8310.0,8400.0,4956.0
1904,2018-04-19,8540.0,8580.0,8520.0,8570.0,6412.0
1905,2018-04-19,8350.0,8680.0,8250.0,8510.0,29322.0
1906,2018-04-19,8520.0,8580.0,8400.0,8470.0,16527.0
1907,2018-04-19,8420.0,8590.0,8390.0,8560.0,16245.0
1908,2018-04-20,8570.0,8830.0,8510.0,8820.0,60658.0
1909,2018-04-20,8810.0,9080.0,8750.0,8990.0,81828.0
1910,2018-04-20,8990.0,9030.0,8870.0,8990.0,21722.0
1911,2018-04-20,8990.0,9040.0,8950.0,9040.0,22995.0
1912,2018-04-23,9140.0,9160.0,8390.0,8520.0,169530.0
1913,2018-04-23,8520.0,8710.0,8450.0,8680.0,31652.0
1914,2018-04-23,8690.0,8710.0,8540.0,8540.0,25071.0
1915,2018-04-23,8540.0,8610.0,8530.0,8530.0,5194.0
1916,2018-04-24,8630.0,8630.0,8530.0,8590.0,26954.0
1917,2018-04-24,8560.0,8670.0,8550.0,8640.0,12991.0
1918,2018-04-24,8640.0,8680.0,8530.0,8600.0,11164.0
1919,2018-04-24,8560.0,8590.0,8550.0,8580.0,3726.0
1920,2018-04-25,8560.0,8590.0,8510.0,8560.0,6993.0
1921,2018-04-25,8550.0,8630.0,8480.0,8560.0,9073.0
1922,2018-04-25,8520.0,8680.0,8470.0,8670.0,15177.0
1923,2018-04-25,8670.0,8670.0,8540.0,8540.0,11445.0
1924,2018-04-26,8670.0,8690.0,8610.0,8610.0,3484.0
1925,2018-04-26,8610.0,8650.0,8540.0,8540.0,7226.0
1926,2018-04-26,8540.0,8580.0,8430.0,8530.0,7728.0
1927,2018-04-26,8630.0,8800.0,8510.0,8690.0,27960.0
1928,2018-04-27,8510.0,8630.0,8450.0,8590.0,6432.0
1929,2018-04-27,8590.0,8590.0,8450.0,8450.0,3730.0
1930,2018-04-27,8450.0,8540.0,8400.0,8510.0,8898.0
1931,2018-04-27,8500.0,8530.0,8490.0,8530.0,1598.0
1932,2018-04-30,8680.0,8740.0,8610.0,8740.0,5763.0
1933,2018-04-30,8500.0,8710.0,8470.0,8690.0,24195.0
1934,2018-04-30,8680.0,8720.0,8570.0,8690.0,21988.0
1935,2018-04-30,8640.0,8640.0,8180.0,8500.0,46760.0
1936,2018-05-02,8840.0,9200.0,8720.0,9080.0,85080.0
1937,2018-05-02,9060.0,9100.0,8980.0,9080.0,12469.0
1938,2018-05-02,9080.0,9160.0,9030.0,9160.0,16980.0
1939,2018-05-02,9090.0,9180.0,9050.0,9180.0,11187.0
1940,2018-05-03,9210.0,9330.0,9210.0,9300.0,3730.0
1941,2018-05-03,9140.0,9340.0,8960.0,9300.0,38857.0
1942,2018-05-03,9250.0,9360.0,9070.0,9210.0,17809.0
1943,2018-05-03,9190.0,9210.0,8980.0,9140.0,12163.0
1944,2018-05-04,9250.0,9560.0,9250.0,9390.0,68766.0
1945,2018-05-04,9380.0,9410.0,9270.0,9280.0,8058.0
1946,2018-05-04,9270.0,9350.0,8980.0,8980.0,20274.0
1947,2018-05-04,8970.0,9240.0,8930.0,9240.0,10496.0
1948,2018-05-08,9150.0,9290.0,9000.0,9130.0,34653.0
1949,2018-05-08,9130.0,9230.0,9080.0,9130.0,6689.0
1950,2018-05-08,9090.0,9120.0,8950.0,8950.0,11568.0
1951,2018-05-08,8950.0,8950.0,8740.0,8790.0,16491.0
1952,2018-05-09,8810.0,9200.0,8740.0,9100.0,11470.0
1953,2018-05-09,8750.0,8820.0,8370.0,8520.0,34991.0
1954,2018-05-09,8520.0,8610.0,8480.0,8610.0,3590.0
1955,2018-05-09,8600.0,8800.0,8540.0,8780.0,19073.0
1956,2018-05-10,9020.0,9030.0,8850.0,8870.0,13414.0
1957,2018-05-10,8870.0,8950.0,8830.0,8940.0,6395.0
1958,2018-05-10,8940.0,8950.0,8860.0,8930.0,5151.0
1959,2018-05-10,8930.0,8940.0,8890.0,8900.0,3619.0
1960,2018-05-11,8950.0,8970.0,8890.0,8890.0,4812.0
1961,2018-05-11,8870.0,9080.0,8770.0,8860.0,17473.0
1962,2018-05-11,8900.0,9010.0,8900.0,9000.0,11722.0
1963,2018-05-11,8970.0,9000.0,8910.0,8950.0,9794.0
1964,2018-05-14,8830.0,9250.0,8830.0,9140.0,36968.0
1965,2018-05-14,9140.0,9200.0,9100.0,9140.0,11763.0
1966,2018-05-14,9140.0,9270.0,9140.0,9210.0,15476.0
1967,2018-05-14,9200.0,9220.0,9180.0,9220.0,5296.0
1968,2018-05-15,9310.0,10200.0,9220.0,9560.0,378467.0
1969,2018-05-15,9580.0,9630.0,9490.0,9530.0,40623.0
1970,2018-05-15,9530.0,9740.0,9500.0,9670.0,39643.0
1971,2018-05-15,9670.0,9730.0,9670.0,9700.0,24235.0
1972,2018-05-16,9120.0,9170.0,9100.0,9110.0,14553.0
1973,2018-05-16,9300.0,9540.0,9080.0,9220.0,87668.0
1974,2018-05-16,9220.0,9240.0,8940.0,9100.0,47183.0
1975,2018-05-16,9100.0,9170.0,9030.0,9120.0,40427.0
1976,2018-05-17,9090.0,9440.0,9050.0,9280.0,27032.0
1977,2018-05-17,9280.0,9360.0,9190.0,9290.0,8349.0
1978,2018-05-17,9280.0,9280.0,9060.0,9080.0,18344.0
1979,2018-05-17,9080.0,9180.0,9080.0,9120.0,5811.0
1980,2018-05-18,9160.0,9250.0,9120.0,9250.0,5974.0
1981,2018-05-18,9100.0,9170.0,8970.0,9040.0,23119.0
1982,2018-05-18,9040.0,9200.0,8990.0,9200.0,18690.0
1983,2018-05-18,9190.0,9190.0,9120.0,9160.0,6862.0
1984,2018-05-21,9250.0,9310.0,9100.0,9190.0,12299.0
1985,2018-05-21,9170.0,9240.0,9110.0,9160.0,11776.0
1986,2018-05-21,9180.0,9280.0,9160.0,9210.0,14637.0
1987,2018-05-21,9210.0,9250.0,9170.0,9240.0,2143.0
1988,2018-05-23,9200.0,9200.0,9010.0,9050.0,17345.0
1989,2018-05-23,9060.0,9150.0,9060.0,9130.0,4266.0
1990,2018-05-23,9120.0,9160.0,9100.0,9110.0,8442.0
1991,2018-05-23,9110.0,9120.0,9060.0,9070.0,2276.0
1992,2018-05-24,9010.0,9160.0,9010.0,9050.0,10168.0
1993,2018-05-24,9040.0,9070.0,8810.0,8960.0,31616.0
1994,2018-05-24,8960.0,9060.0,8900.0,8900.0,14312.0
1995,2018-05-24,8890.0,8930.0,8820.0,8860.0,4573.0
1996,2018-05-25,8360.0,8490.0,8200.0,8220.0,22572.0
1997,2018-05-25,8300.0,8330.0,8220.0,8310.0,6626.0
1998,2018-05-25,8540.0,8570.0,8240.0,8330.0,19200.0
1999,2018-05-25,8660.0,8660.0,8350.0,8580.0,35916.0
2000,2018-05-28,8830.0,8880.0,8800.0,8860.0,2250.0
2001,2018-05-28,8980.0,8980.0,8600.0,8780.0,54559.0
2002,2018-05-28,8780.0,8900.0,8720.0,8830.0,13538.0
2003,2018-05-28,8830.0,8940.0,8730.0,8810.0,19562.0
2004,2018-05-29,8800.0,8940.0,8450.0,8640.0,21663.0
2005,2018-05-29,8610.0,8610.0,8460.0,8580.0,14490.0
2006,2018-05-29,8510.0,8700.0,8500.0,8630.0,24011.0
2007,2018-05-29,8670.0,8670.0,8570.0,8600.0,3401.0
2008,2018-05-30,8700.0,8700.0,8510.0,8510.0,11955.0
2009,2018-05-30,8510.0,8670.0,8430.0,8570.0,12663.0
2010,2018-05-30,8570.0,8610.0,8420.0,8500.0,20991.0
2011,2018-05-30,8500.0,8590.0,8480.0,8590.0,2922.0
2012,2018-05-31,8590.0,8640.0,8440.0,8550.0,8094.0
2013,2018-05-31,8540.0,8640.0,8490.0,8610.0,10532.0
2014,2018-05-31,8580.0,8720.0,8570.0,8690.0,11549.0
2015,2018-05-31,8630.0,8720.0,8630.0,8720.0,4771.0
2016,2018-06-01,8610.0,8670.0,8530.0,8660.0,1350.0
2017,2018-06-01,8610.0,8680.0,8490.0,8640.0,7431.0
2018,2018-06-01,8600.0,8690.0,8590.0,8600.0,2179.0
2019,2018-06-01,8830.0,8830.0,8580.0,8600.0,9859.0
2020,2018-06-04,8590.0,8620.0,8510.0,8580.0,4840.0
2021,2018-06-04,8750.0,8790.0,8520.0,8580.0,13784.0
2022,2018-06-04,8580.0,8660.0,8550.0,8580.0,2376.0
2023,2018-06-04,8590.0,8620.0,8500.0,8580.0,8278.0
2024,2018-06-05,8580.0,8620.0,8430.0,8440.0,10168.0
2025,2018-06-05,8440.0,8460.0,8260.0,8320.0,11450.0
2026,2018-06-05,8320.0,8370.0,8310.0,8320.0,4732.0
2027,2018-06-05,8320.0,8410.0,8300.0,8410.0,3015.0
2028,2018-06-07,8410.0,8410.0,8340.0,8370.0,5718.0
2029,2018-06-07,8360.0,8400.0,8230.0,8360.0,34239.0
2030,2018-06-07,8310.0,8350.0,8290.0,8340.0,4274.0
2031,2018-06-07,8280.0,8500.0,8280.0,8410.0,12656.0
2032,2018-06-08,8340.0,8340.0,7910.0,8000.0,36109.0
2033,2018-06-08,8000.0,8050.0,7940.0,8010.0,25784.0
2034,2018-06-08,8000.0,8150.0,8000.0,8020.0,25086.0
2035,2018-06-08,8020.0,8070.0,8000.0,8010.0,8770.0
2036,2018-06-11,7850.0,7890.0,7830.0,7830.0,5336.0
2037,2018-06-11,7850.0,7900.0,7840.0,7900.0,4970.0
2038,2018-06-11,7850.0,7990.0,7850.0,7960.0,35152.0
2039,2018-06-11,7930.0,7960.0,7850.0,7850.0,7677.0
2040,2018-06-12,7910.0,7940.0,7870.0,7930.0,6307.0
2041,2018-06-12,7880.0,7970.0,7880.0,7930.0,5173.0
2042,2018-06-12,7880.0,7980.0,7800.0,7950.0,19039.0
2043,2018-06-12,7860.0,8060.0,7840.0,7910.0,12016.0
2044,2018-06-14,7940.0,7940.0,6890.0,6900.0,113463.0
2045,2018-06-14,6950.0,7140.0,6900.0,7010.0,124024.0
2046,2018-06-14,6940.0,7100.0,6890.0,7030.0,40554.0
2047,2018-06-14,7030.0,7080.0,6850.0,6860.0,55395.0
2048,2018-06-15,7010.0,7030.0,6980.0,6980.0,4151.0
2049,2018-06-15,7020.0,7060.0,6960.0,6990.0,11284.0
2050,2018-06-15,7020.0,7050.0,6980.0,7030.0,10468.0
2051,2018-06-15,6920.0,7080.0,6840.0,7040.0,35179.0
2052,2018-06-18,7000.0,7080.0,6750.0,6860.0,17495.0
2053,2018-06-18,6790.0,6910.0,6760.0,6900.0,10723.0
2054,2018-06-18,6910.0,7000.0,6850.0,6880.0,9084.0
2055,2018-06-18,6880.0,6880.0,6800.0,6850.0,4347.0
2056,2018-06-19,6730.0,6780.0,6670.0,6750.0,7254.0
2057,2018-06-19,6850.0,6860.0,6730.0,6740.0,12292.0
2058,2018-06-19,6850.0,7050.0,6830.0,6830.0,10378.0
2059,2018-06-19,6840.0,6900.0,6830.0,6860.0,5052.0
2060,2018-06-20,6750.0,6890.0,6730.0,6850.0,14808.0
2061,2018-06-20,6820.0,6950.0,6790.0,6930.0,8086.0
2062,2018-06-20,6890.0,6920.0,6860.0,6900.0,2372.0
2063,2018-06-20,6900.0,6900.0,6860.0,6870.0,707.0
2064,2018-06-21,6940.0,7070.0,6880.0,7070.0,10184.0
2065,2018-06-21,7060.0,7200.0,7060.0,7150.0,18097.0
2066,2018-06-21,7150.0,7160.0,7000.0,7000.0,8038.0
2067,2018-06-21,7060.0,7070.0,6990.0,7050.0,1643.0
2068,2018-06-22,6870.0,6890.0,6820.0,6890.0,4848.0
2069,2018-06-22,7050.0,7050.0,6740.0,6920.0,13289.0
2070,2018-06-22,6910.0,6960.0,6790.0,6830.0,14371.0
2071,2018-06-22,6830.0,6880.0,6780.0,6870.0,2011.0
2072,2018-06-25,6890.0,6890.0,6710.0,6860.0,7199.0
2073,2018-06-25,6840.0,6860.0,6780.0,6860.0,1975.0
2074,2018-06-25,6850.0,6900.0,6780.0,6900.0,1964.0
2075,2018-06-25,6870.0,6900.0,6850.0,6850.0,2138.0
2076,2018-06-26,6830.0,6830.0,6810.0,6830.0,668.0
2077,2018-06-26,6790.0,6920.0,6750.0,6770.0,2816.0
2078,2018-06-26,6790.0,6870.0,6690.0,6760.0,6197.0
2079,2018-06-26,6730.0,6870.0,6730.0,6830.0,9577.0
2080,2018-06-27,6800.0,6840.0,6740.0,6830.0,12799.0
2081,2018-06-27,6770.0,6800.0,6700.0,6760.0,10648.0
2082,2018-06-27,6720.0,6780.0,6700.0,6700.0,8971.0
2083,2018-06-27,6830.0,6860.0,6700.0,6810.0,6171.0
2084,2018-06-28,6660.0,6760.0,6610.0,6690.0,4708.0
2085,2018-06-28,6690.0,6720.0,6670.0,6700.0,594.0
2086,2018-06-28,6680.0,6700.0,6590.0,6660.0,11538.0
2087,2018-06-28,6630.0,6670.0,6600.0,6640.0,4618.0
2088,2018-06-29,6580.0,6610.0,6530.0,6610.0,1979.0
2089,2018-06-29,6600.0,6670.0,6510.0,6640.0,6776.0
2090,2018-06-29,6640.0,6650.0,6550.0,6600.0,782.0
2091,2018-06-29,6640.0,6770.0,6600.0,6660.0,13206.0
2092,2018-07-02,6680.0,6680.0,6450.0,6500.0,17411.0
2093,2018-07-02,6500.0,6520.0,6380.0,6470.0,8819.0
2094,2018-07-02,6460.0,6470.0,6320.0,6320.0,10649.0
2095,2018-07-02,6320.0,6400.0,6200.0,6400.0,10581.0
2096,2018-07-03,6310.0,6380.0,6280.0,6380.0,3264.0
2097,2018-07-03,6380.0,6400.0,6280.0,6360.0,13634.0
2098,2018-07-03,6270.0,6520.0,6270.0,6350.0,16540.0
2099,2018-07-03,6380.0,6460.0,6320.0,6350.0,14083.0
2100,2018-07-04,6380.0,6500.0,6350.0,6440.0,12073.0
2101,2018-07-04,6470.0,6500.0,6400.0,6440.0,4554.0
2102,2018-07-04,6400.0,6490.0,6380.0,6490.0,4628.0
2103,2018-07-04,6490.0,6520.0,6470.0,6500.0,1989.0
2104,2018-07-05,6500.0,6570.0,6330.0,6390.0,7247.0
2105,2018-07-05,6370.0,6390.0,6210.0,6250.0,9838.0
2106,2018-07-05,6250.0,6320.0,6230.0,6270.0,3396.0
2107,2018-07-05,6270.0,6290.0,6200.0,6290.0,7260.0
2108,2018-07-06,6350.0,6450.0,6310.0,6450.0,290.0
2109,2018-07-06,6300.0,6470.0,6210.0,6330.0,4496.0
2110,2018-07-06,6300.0,6330.0,6230.0,6310.0,3850.0
2111,2018-07-06,6290.0,6440.0,6260.0,6350.0,6659.0
2112,2018-07-09,6450.0,6450.0,6390.0,6450.0,3900.0
2113,2018-07-09,6410.0,6470.0,6400.0,6420.0,3387.0
2114,2018-07-09,6420.0,6460.0,6390.0,6390.0,2638.0
2115,2018-07-09,6390.0,6450.0,6380.0,6380.0,897.0
2116,2018-07-10,6520.0,6520.0,6490.0,6520.0,746.0
2117,2018-07-10,6380.0,6590.0,6370.0,6440.0,4299.0
2118,2018-07-10,6440.0,6520.0,6440.0,6520.0,5312.0
2119,2018-07-10,6520.0,6550.0,6470.0,6520.0,4869.0
2120,2018-07-11,6520.0,6610.0,6450.0,6460.0,519.0
2121,2018-07-11,6490.0,6580.0,6460.0,6530.0,586.0
2122,2018-07-11,6500.0,6560.0,6460.0,6530.0,2286.0
2123,2018-07-11,6480.0,6530.0,6480.0,6530.0,702.0
2124,2018-07-12,6530.0,6530.0,6420.0,6530.0,6180.0
2125,2018-07-12,6530.0,6570.0,6480.0,6510.0,3216.0
2126,2018-07-12,6560.0,6560.0,6490.0,6520.0,2629.0
2127,2018-07-12,6540.0,6560.0,6510.0,6550.0,1711.0
2128,2018-07-13,6470.0,6470.0,6420.0,6470.0,940.0
2129,2018-07-13,6550.0,6610.0,6470.0,6490.0,3466.0
2130,2018-07-13,6470.0,6480.0,6440.0,6460.0,3586.0
2131,2018-07-13,6470.0,6490.0,6420.0,6470.0,4607.0
2132,2018-07-16,6480.0,6890.0,6470.0,6720.0,25276.0
2133,2018-07-16,6750.0,6820.0,6680.0,6760.0,7778.0
2134,2018-07-16,6760.0,6800.0,6690.0,6690.0,6498.0
2135,2018-07-16,6740.0,6820.0,6700.0,6780.0,2935.0
2136,2018-07-17,6780.0,6840.0,6780.0,6840.0,4348.0
2137,2018-07-17,6880.0,6890.0,6730.0,6780.0,20257.0
2138,2018-07-17,6780.0,6880.0,6780.0,6830.0,8458.0
2139,2018-07-17,6800.0,6880.0,6780.0,6800.0,6125.0
2140,2018-07-18,6840.0,6960.0,6760.0,6860.0,13534.0
2141,2018-07-18,6860.0,6860.0,6810.0,6820.0,5092.0
2142,2018-07-18,6820.0,6860.0,6800.0,6800.0,9415.0
2143,2018-07-18,6830.0,6850.0,6800.0,6800.0,1152.0
2144,2018-07-19,6720.0,6860.0,6720.0,6770.0,4030.0
2145,2018-07-19,6760.0,6760.0,6590.0,6670.0,5434.0
2146,2018-07-19,6650.0,6740.0,6650.0,6740.0,3589.0
2147,2018-07-19,6740.0,6800.0,6720.0,6760.0,2774.0
2148,2018-07-20,6670.0,6750.0,6600.0,6660.0,3514.0
2149,2018-07-20,6660.0,6710.0,6640.0,6690.0,1287.0
2150,2018-07-20,6660.0,6700.0,6600.0,6660.0,5802.0
2151,2018-07-20,6640.0,6700.0,6640.0,6690.0,477.0
2152,2018-07-23,6230.0,6230.0,6170.0,6170.0,18019.0
2153,2018-07-23,6250.0,6290.0,6210.0,6260.0,25116.0
2154,2018-07-23,6690.0,6690.0,6230.0,6280.0,26783.0
2155,2018-07-23,6210.0,6290.0,6200.0,6230.0,7793.0
2156,2018-07-24,6250.0,6280.0,6210.0,6210.0,10695.0
2157,2018-07-24,6260.0,6360.0,6240.0,6240.0,1600.0
2158,2018-07-24,6170.0,6320.0,6100.0,6260.0,13470.0
2159,2018-07-24,6220.0,6270.0,6200.0,6270.0,6918.0
2160,2018-07-25,6210.0,6230.0,5960.0,6080.0,24227.0
2161,2018-07-25,6050.0,6100.0,6030.0,6100.0,6985.0
2162,2018-07-25,6100.0,6230.0,6090.0,6120.0,6061.0
2163,2018-07-25,6130.0,6160.0,6050.0,6050.0,3974.0
2164,2018-07-26,5970.0,6220.0,5970.0,6220.0,8268.0
2165,2018-07-26,6200.0,6250.0,6190.0,6250.0,2494.0
2166,2018-07-26,6200.0,6220.0,6130.0,6130.0,3741.0
2167,2018-07-26,6140.0,6140.0,6120.0,6140.0,2090.0
2168,2018-07-27,6140.0,6270.0,6140.0,6240.0,3431.0
2169,2018-07-27,6240.0,6250.0,6190.0,6190.0,1837.0
2170,2018-07-27,6190.0,6220.0,6190.0,6210.0,999.0
2171,2018-07-27,6210.0,6240.0,6210.0,6240.0,1695.0
2172,2018-07-30,6220.0,6240.0,6180.0,6200.0,806.0
2173,2018-07-30,6200.0,6240.0,6200.0,6240.0,131.0
2174,2018-07-30,6300.0,6310.0,6200.0,6250.0,493.0
2175,2018-07-30,6260.0,6260.0,6210.0,6210.0,184.0
2176,2018-07-31,6290.0,6290.0,6170.0,6270.0,2318.0
2177,2018-07-31,6270.0,6270.0,6240.0,6260.0,154.0
2178,2018-07-31,6250.0,6250.0,6230.0,6240.0,218.0
2179,2018-07-31,6250.0,6270.0,6200.0,6200.0,518.0
2180,2018-08-01,6200.0,6300.0,6200.0,6270.0,1423.0
2181,2018-08-01,6270.0,6330.0,6250.0,6300.0,2613.0
2182,2018-08-01,6300.0,6300.0,6250.0,6290.0,3244.0
2183,2018-08-01,6270.0,6300.0,6260.0,6300.0,819.0
2184,2018-08-02,6270.0,6350.0,6220.0,6340.0,1379.0
2185,2018-08-02,6300.0,6300.0,6260.0,6270.0,2299.0
2186,2018-08-02,6270.0,6280.0,6250.0,6280.0,338.0
2187,2018-08-02,6240.0,6270.0,6170.0,6270.0,3638.0
2188,2018-08-03,6390.0,6390.0,6220.0,6320.0,2708.0
2189,2018-08-03,6300.0,6350.0,6290.0,6350.0,1967.0
2190,2018-08-03,6350.0,6360.0,6330.0,6360.0,1765.0
2191,2018-08-03,6350.0,6360.0,6310.0,6310.0,3536.0
2192,2018-08-06,6270.0,6280.0,6250.0,6280.0,4560.0
2193,2018-08-06,6280.0,6310.0,6270.0,6310.0,2294.0
2194,2018-08-06,6310.0,6310.0,6250.0,6300.0,1188.0
2195,2018-08-06,6310.0,6310.0,6270.0,6270.0,2120.0
2196,2018-08-07,6250.0,6280.0,6230.0,6260.0,2202.0
2197,2018-08-07,6260.0,6280.0,6230.0,6250.0,3906.0
2198,2018-08-07,6240.0,6310.0,6230.0,6280.0,2262.0
2199,2018-08-07,6290.0,6320.0,6280.0,6320.0,2482.0
2200,2018-08-08,6410.0,7050.0,6410.0,6490.0,87299.0
2201,2018-08-08,6480.0,6490.0,6430.0,6460.0,6418.0
2202,2018-08-08,6460.0,6500.0,6420.0,6430.0,6106.0
2203,2018-08-08,6420.0,6580.0,6420.0,6520.0,6693.0
2204,2018-08-09,6550.0,6550.0,6520.0,6520.0,979.0
2205,2018-08-09,6560.0,6590.0,6510.0,6530.0,9933.0
2206,2018-08-09,6530.0,6560.0,6520.0,6560.0,2804.0
2207,2018-08-09,6560.0,6560.0,6520.0,6550.0,3306.0
2208,2018-08-10,6550.0,6580.0,6490.0,6500.0,2807.0
2209,2018-08-10,6500.0,6510.0,6460.0,6470.0,4313.0
2210,2018-08-10,6500.0,6500.0,6420.0,6500.0,5334.0
2211,2018-08-10,6490.0,6500.0,6420.0,6480.0,1494.0
2212,2018-08-13,6290.0,6290.0,6250.0,6250.0,1151.0
2213,2018-08-13,6480.0,6480.0,6320.0,6340.0,12253.0
2214,2018-08-13,6340.0,6350.0,6330.0,6330.0,2648.0
2215,2018-08-13,6330.0,6330.0,6240.0,6300.0,7339.0
2216,2018-08-14,6160.0,6290.0,6160.0,6210.0,7323.0
2217,2018-08-14,6210.0,6220.0,6160.0,6210.0,5363.0
2218,2018-08-14,6170.0,6240.0,6140.0,6240.0,10206.0
2219,2018-08-14,6220.0,6220.0,6170.0,6170.0,4063.0
2220,2018-08-16,6160.0,6230.0,6090.0,6130.0,8443.0
2221,2018-08-16,6190.0,6200.0,6140.0,6170.0,1164.0
2222,2018-08-16,6170.0,6290.0,6170.0,6180.0,5461.0
2223,2018-08-16,6220.0,6250.0,6150.0,6250.0,870.0
2224,2018-08-17,6210.0,6290.0,6140.0,6280.0,6584.0
2225,2018-08-17,6260.0,6270.0,6250.0,6260.0,2952.0
2226,2018-08-17,6260.0,6270.0,6230.0,6270.0,1775.0
2227,2018-08-17,6260.0,6280.0,6240.0,6240.0,1351.0
2228,2018-08-20,6200.0,6210.0,6190.0,6210.0,500.0
2229,2018-08-20,6220.0,6230.0,6170.0,6190.0,1740.0
2230,2018-08-20,6240.0,6310.0,6050.0,6210.0,4851.0
2231,2018-08-20,6260.0,6260.0,6180.0,6220.0,567.0
2232,2018-08-21,6220.0,6230.0,6180.0,6230.0,4326.0
2233,2018-08-21,6230.0,6230.0,6190.0,6210.0,2328.0
2234,2018-08-21,6200.0,6220.0,6200.0,6220.0,620.0
2235,2018-08-21,6210.0,6280.0,6200.0,6210.0,3516.0
2236,2018-08-22,6220.0,6270.0,6190.0,6240.0,2216.0
2237,2018-08-22,6190.0,6230.0,6190.0,6220.0,3864.0
2238,2018-08-22,6220.0,6220.0,6150.0,6190.0,18419.0
2239,2018-08-22,6180.0,6210.0,6150.0,6180.0,5847.0
2240,2018-08-23,6240.0,6250.0,6220.0,6220.0,791.0
2241,2018-08-23,6210.0,6240.0,6190.0,6210.0,2310.0
2242,2018-08-23,6210.0,6250.0,6200.0,6240.0,5065.0
2243,2018-08-23,6180.0,6250.0,6180.0,6210.0,8222.0
2244,2018-08-24,6240.0,6280.0,6170.0,6170.0,5022.0
2245,2018-08-24,6220.0,6220.0,6180.0,6200.0,221.0
2246,2018-08-24,6190.0,6260.0,6150.0,6260.0,13758.0
2247,2018-08-24,6250.0,6280.0,6240.0,6280.0,5573.0
2248,2018-08-27,6530.0,6620.0,6500.0,6620.0,25563.0
2249,2018-08-27,6560.0,6600.0,6480.0,6570.0,27262.0
2250,2018-08-27,6400.0,7500.0,6400.0,6590.0,635337.0
2251,2018-08-27,6600.0,6670.0,6510.0,6510.0,52986.0
2252,2018-08-28,6600.0,6670.0,6520.0,6580.0,38174.0
2253,2018-08-28,6560.0,6580.0,6520.0,6560.0,9383.0
2254,2018-08-28,6570.0,6760.0,6550.0,6730.0,45091.0
2255,2018-08-28,6730.0,6730.0,6600.0,6650.0,18925.0
2256,2018-08-29,6650.0,6900.0,6600.0,6700.0,134440.0
2257,2018-08-29,6690.0,6750.0,6680.0,6720.0,10446.0
2258,2018-08-29,6720.0,6730.0,6640.0,6680.0,18658.0
2259,2018-08-29,6680.0,6680.0,6640.0,6670.0,8646.0
2260,2018-08-30,6900.0,6920.0,6830.0,6890.0,21062.0
2261,2018-08-30,6730.0,6730.0,6640.0,6690.0,25605.0
2262,2018-08-30,6690.0,6820.0,6660.0,6790.0,33038.0
2263,2018-08-30,6760.0,7010.0,6730.0,6900.0,50715.0
2264,2018-08-31,6900.0,6910.0,6800.0,6850.0,21646.0
2265,2018-08-31,6850.0,6870.0,6810.0,6820.0,6576.0
2266,2018-08-31,6820.0,6880.0,6780.0,6790.0,8859.0
2267,2018-08-31,6800.0,6860.0,6760.0,6810.0,6151.0
2268,2018-09-03,7270.0,7350.0,7200.0,7250.0,135311.0
2269,2018-09-03,6750.0,7150.0,6740.0,6980.0,121722.0
2270,2018-09-03,7000.0,8340.0,6950.0,7830.0,2202787.0
2271,2018-09-03,7840.0,7940.0,7220.0,7270.0,727925.0
2272,2018-09-04,7170.0,7310.0,7150.0,7240.0,152966.0
2273,2018-09-04,7230.0,7280.0,7200.0,7260.0,49378.0
2274,2018-09-04,7260.0,7440.0,7230.0,7400.0,165204.0
2275,2018-09-04,7400.0,7410.0,7340.0,7350.0,43410.0
2276,2018-09-05,7430.0,7440.0,7290.0,7310.0,63184.0
2277,2018-09-05,7300.0,7410.0,7290.0,7350.0,20308.0
2278,2018-09-05,7350.0,7380.0,7250.0,7250.0,33291.0
2279,2018-09-05,7250.0,7280.0,7160.0,7160.0,44512.0
2280,2018-09-06,6950.0,6990.0,6900.0,6990.0,15975.0
2281,2018-09-06,7170.0,7210.0,6970.0,6970.0,74282.0
2282,2018-09-06,6970.0,7070.0,6950.0,7000.0,30793.0
2283,2018-09-06,7000.0,7000.0,6920.0,6930.0,27053.0
2284,2018-09-07,7000.0,7060.0,6920.0,6990.0,22618.0
2285,2018-09-07,6990.0,7040.0,6960.0,6970.0,13153.0
2286,2018-09-07,6970.0,6980.0,6760.0,6890.0,36650.0
2287,2018-09-07,6870.0,6980.0,6860.0,6860.0,6234.0
2288,2018-09-10,6930.0,7020.0,6920.0,6980.0,11220.0
2289,2018-09-10,6810.0,6930.0,6790.0,6870.0,21949.0
2290,2018-09-10,6870.0,6980.0,6870.0,6950.0,10427.0
2291,2018-09-10,6950.0,6960.0,6920.0,6940.0,10643.0
2292,2018-09-11,7020.0,7100.0,6960.0,7000.0,28947.0
2293,2018-09-11,6990.0,7000.0,6930.0,6930.0,18694.0
2294,2018-09-11,6930.0,7000.0,6910.0,6940.0,13058.0
2295,2018-09-11,6920.0,6950.0,6890.0,6900.0,13836.0
2296,2018-09-12,6900.0,6960.0,6870.0,6890.0,38769.0
2297,2018-09-12,6880.0,6900.0,6830.0,6830.0,11172.0
2298,2018-09-12,6850.0,6890.0,6820.0,6820.0,12012.0
2299,2018-09-12,6830.0,6840.0,6800.0,6820.0,9296.0
2300,2018-09-13,6780.0,6880.0,6780.0,6880.0,9753.0
2301,2018-09-13,6870.0,6870.0,6810.0,6850.0,9210.0
2302,2018-09-13,6850.0,6920.0,6850.0,6880.0,9215.0
2303,2018-09-13,6890.0,6910.0,6860.0,6860.0,5058.0
2304,2018-09-14,7060.0,7100.0,7030.0,7040.0,23837.0
2305,2018-09-14,7030.0,7050.0,7010.0,7010.0,6850.0
2306,2018-09-14,6990.0,7000.0,6910.0,7000.0,21777.0
2307,2018-09-14,6990.0,7190.0,6960.0,7070.0,102322.0
2308,2018-09-17,6880.0,6910.0,6830.0,6860.0,11911.0
2309,2018-09-17,6860.0,6880.0,6810.0,6820.0,16397.0
2310,2018-09-17,6830.0,6860.0,6810.0,6820.0,4852.0
2311,2018-09-17,7010.0,7020.0,6830.0,6880.0,24209.0
2312,2018-09-18,6830.0,6860.0,6720.0,6790.0,33094.0
2313,2018-09-18,6790.0,7340.0,6790.0,7080.0,123902.0
2314,2018-09-18,7100.0,7140.0,6930.0,6980.0,88411.0
2315,2018-09-18,6990.0,7060.0,6990.0,7040.0,19931.0
2316,2018-09-19,6850.0,6850.0,6790.0,6800.0,4078.0
2317,2018-09-19,6890.0,6910.0,6760.0,6850.0,32163.0
2318,2018-09-19,6800.0,6860.0,6800.0,6800.0,5113.0
2319,2018-09-19,7010.0,7010.0,6890.0,6890.0,16395.0
2320,2018-09-20,6810.0,6880.0,6550.0,6610.0,17657.0
2321,2018-09-20,6610.0,6650.0,6610.0,6640.0,10158.0
2322,2018-09-20,6640.0,6680.0,6600.0,6610.0,10475.0
2323,2018-09-20,6620.0,6630.0,6600.0,6600.0,3912.0
2324,2018-09-21,6710.0,6740.0,6690.0,6740.0,1772.0
2325,2018-09-21,6690.0,6730.0,6680.0,6710.0,4205.0
2326,2018-09-21,6610.0,6760.0,6610.0,6730.0,8721.0
2327,2018-09-21,6710.0,6710.0,6670.0,6690.0,2977.0
2328,2018-09-27,6740.0,6950.0,6700.0,6880.0,13195.0
2329,2018-09-27,6880.0,6940.0,6880.0,6880.0,4482.0
2330,2018-09-27,6900.0,6900.0,6840.0,6860.0,6681.0
2331,2018-09-27,6860.0,6860.0,6830.0,6830.0,4726.0
2332,2018-09-28,6850.0,6850.0,6660.0,6720.0,9308.0
2333,2018-09-28,6720.0,6720.0,6690.0,6690.0,2672.0
2334,2018-09-28,6700.0,6760.0,6660.0,6750.0,9919.0
2335,2018-09-28,6750.0,6770.0,6650.0,6740.0,4743.0
2336,2018-10-01,6730.0,6740.0,6680.0,6730.0,2684.0
2337,2018-10-01,6740.0,6810.0,6740.0,6810.0,5629.0
2338,2018-10-01,6810.0,6810.0,6710.0,6760.0,6061.0
2339,2018-10-01,6760.0,6760.0,6700.0,6740.0,6198.0
2340,2018-10-02,6730.0,6800.0,6670.0,6720.0,2346.0
2341,2018-10-02,6680.0,6740.0,6660.0,6740.0,7765.0
2342,2018-10-02,6670.0,6780.0,6660.0,6660.0,7740.0
2343,2018-10-02,6660.0,6700.0,6630.0,6630.0,5101.0
2344,2018-10-04,6590.0,6600.0,6570.0,6600.0,6158.0
2345,2018-10-04,6610.0,6750.0,6570.0,6600.0,8208.0
2346,2018-10-04,6620.0,6620.0,6590.0,6590.0,4141.0
2347,2018-10-04,6600.0,6610.0,6590.0,6600.0,5668.0
2348,2018-10-05,6600.0,6640.0,6480.0,6510.0,14641.0
2349,2018-10-05,6510.0,6570.0,6430.0,6490.0,7390.0
2350,2018-10-05,6560.0,6560.0,6490.0,6560.0,6815.0
2351,2018-10-05,6500.0,6500.0,6500.0,6500.0,4618.0
2352,2018-10-08,6440.0,6600.0,6440.0,6570.0,3158.0
2353,2018-10-08,6520.0,6620.0,6520.0,6570.0,4496.0
2354,2018-10-08,6570.0,6570.0,6460.0,6530.0,9102.0
2355,2018-10-08,6520.0,6550.0,6480.0,6530.0,4547.0
2356,2018-10-10,6140.0,6220.0,6130.0,6130.0,4076.0
2357,2018-10-10,6420.0,6530.0,6100.0,6320.0,24310.0
2358,2018-10-10,6260.0,6270.0,6130.0,6180.0,16974.0
2359,2018-10-10,6160.0,6220.0,6130.0,6190.0,8821.0
2360,2018-10-11,5950.0,6090.0,5840.0,6000.0,14213.0
2361,2018-10-11,5960.0,5990.0,5770.0,5810.0,18077.0
2362,2018-10-11,5860.0,5900.0,5810.0,5830.0,8617.0
2363,2018-10-11,5830.0,5870.0,5800.0,5800.0,3094.0
2364,2018-10-12,5980.0,5990.0,5950.0,5990.0,1753.0
2365,2018-10-12,5540.0,6090.0,5540.0,5930.0,40966.0
2366,2018-10-12,5930.0,6160.0,5910.0,5980.0,8185.0
2367,2018-10-12,5970.0,6000.0,5950.0,6000.0,1090.0
2368,2018-10-15,5910.0,6140.0,5870.0,5980.0,13159.0
2369,2018-10-15,5980.0,6030.0,5890.0,5890.0,8528.0
2370,2018-10-15,5940.0,6000.0,5750.0,5810.0,19917.0
2371,2018-10-15,5810.0,5850.0,5810.0,5810.0,5372.0
2372,2018-10-16,5800.0,6000.0,5760.0,5930.0,22974.0
2373,2018-10-16,5930.0,6070.0,5910.0,5970.0,7920.0
2374,2018-10-16,5970.0,6010.0,5930.0,6010.0,7658.0
2375,2018-10-16,6010.0,6020.0,5980.0,6000.0,1850.0
2376,2018-10-17,6110.0,6210.0,6110.0,6130.0,7379.0
2377,2018-10-17,6150.0,6180.0,6140.0,6150.0,4343.0
2378,2018-10-17,6170.0,6190.0,6110.0,6190.0,3490.0
2379,2018-10-17,6170.0,6180.0,6170.0,6180.0,1214.0
2380,2018-10-18,6230.0,6240.0,6180.0,6230.0,3190.0
2381,2018-10-18,6220.0,6290.0,6220.0,6290.0,7361.0
2382,2018-10-18,6260.0,6260.0,6180.0,6220.0,3890.0
2383,2018-10-18,6210.0,6240.0,6200.0,6240.0,3764.0
2384,2018-10-19,6170.0,6210.0,6130.0,6210.0,3481.0
2385,2018-10-19,6200.0,6210.0,6120.0,6200.0,2150.0
2386,2018-10-19,6200.0,6220.0,6170.0,6220.0,1218.0
2387,2018-10-19,6160.0,6290.0,6080.0,6190.0,13421.0
2388,2018-10-22,6240.0,6300.0,6190.0,6250.0,3537.0
2389,2018-10-22,6250.0,6250.0,6210.0,6250.0,2088.0
2390,2018-10-22,6220.0,6250.0,6200.0,6240.0,1031.0
2391,2018-10-22,6200.0,6240.0,6190.0,6240.0,705.0
2392,2018-10-23,6200.0,6270.0,6190.0,6260.0,5786.0
2393,2018-10-23,6230.0,6250.0,6080.0,6100.0,8152.0
2394,2018-10-23,6100.0,6180.0,6070.0,6070.0,3629.0
2395,2018-10-23,6130.0,6130.0,6040.0,6040.0,1522.0
2396,2018-10-24,6020.0,6190.0,5800.0,5850.0,11944.0
2397,2018-10-24,5850.0,5950.0,5850.0,5940.0,5405.0
2398,2018-10-24,5930.0,5940.0,5810.0,5810.0,2627.0
2399,2018-10-24,5810.0,5940.0,5800.0,5800.0,5505.0
2400,2018-10-25,5650.0,5710.0,5640.0,5640.0,3419.0
2401,2018-10-25,5660.0,5740.0,5640.0,5660.0,6595.0
2402,2018-10-25,5600.0,5800.0,5600.0,5670.0,10219.0
2403,2018-10-25,5670.0,5780.0,5640.0,5700.0,6244.0
2404,2018-10-26,5640.0,5680.0,5520.0,5560.0,12214.0
2405,2018-10-26,5530.0,5530.0,5240.0,5260.0,31110.0
2406,2018-10-26,5270.0,5500.0,5250.0,5410.0,13832.0
2407,2018-10-26,5420.0,5500.0,5400.0,5490.0,3289.0
2408,2018-10-29,5330.0,5350.0,4930.0,5080.0,26504.0
2409,2018-10-29,5080.0,5100.0,4920.0,4920.0,17036.0
2410,2018-10-29,5270.0,5480.0,5270.0,5300.0,17948.0
2411,2018-10-29,5260.0,5450.0,5210.0,5250.0,16303.0
2412,2018-10-30,4610.0,4990.0,4610.0,4815.0,14775.0
2413,2018-10-30,4820.0,4895.0,4750.0,4895.0,16406.0
2414,2018-10-30,4880.0,4980.0,4870.0,4965.0,17367.0
2415,2018-10-30,4935.0,4975.0,4900.0,4975.0,3279.0
2416,2018-10-31,4960.0,5140.0,4960.0,5120.0,6767.0
2417,2018-10-31,5120.0,5160.0,5070.0,5140.0,7797.0
2418,2018-10-31,5140.0,5280.0,5110.0,5180.0,7535.0
2419,2018-10-31,5170.0,5170.0,5170.0,5170.0,2675.0
2420,2018-11-01,5400.0,5450.0,5320.0,5370.0,6019.0
2421,2018-11-01,5300.0,5420.0,5230.0,5420.0,12446.0
2422,2018-11-01,5340.0,5360.0,5170.0,5300.0,13916.0
2423,2018-11-01,5400.0,5500.0,5370.0,5470.0,9858.0
2424,2018-11-02,5550.0,5570.0,5480.0,5480.0,6846.0
2425,2018-11-02,5490.0,5610.0,5490.0,5600.0,9434.0
2426,2018-11-02,5590.0,5620.0,5540.0,5600.0,19455.0
2427,2018-11-02,5400.0,5580.0,5400.0,5500.0,9954.0
2428,2018-11-05,5600.0,5700.0,5550.0,5640.0,5835.0
2429,2018-11-05,5620.0,5690.0,5600.0,5690.0,2068.0
2430,2018-11-05,5680.0,5690.0,5640.0,5680.0,1418.0
2431,2018-11-05,5640.0,5680.0,5640.0,5680.0,477.0
2432,2018-11-06,5730.0,5760.0,5700.0,5760.0,2905.0
2433,2018-11-06,5740.0,5760.0,5650.0,5730.0,5240.0
2434,2018-11-06,5730.0,5760.0,5680.0,5750.0,3029.0
2435,2018-11-06,5610.0,5780.0,5610.0,5760.0,1699.0
2436,2018-11-07,5770.0,5950.0,5770.0,5890.0,932.0
2437,2018-11-07,5870.0,5880.0,5760.0,5850.0,5043.0
2438,2018-11-07,5800.0,5840.0,5550.0,5590.0,5200.0
2439,2018-11-07,5600.0,5660.0,5480.0,5660.0,3377.0
2440,2018-11-08,5790.0,5790.0,5760.0,5780.0,1299.0
2441,2018-11-08,5800.0,5810.0,5760.0,5810.0,677.0
2442,2018-11-08,5670.0,5900.0,5670.0,5820.0,6568.0
2443,2018-11-08,5800.0,5800.0,5740.0,5770.0,2139.0
2444,2018-11-09,5850.0,5850.0,5630.0,5700.0,7496.0
2445,2018-11-09,5660.0,5690.0,5630.0,5690.0,2924.0
2446,2018-11-09,5670.0,5780.0,5660.0,5770.0,3627.0
2447,2018-11-09,5780.0,5780.0,5680.0,5760.0,1451.0
2448,2018-11-12,5630.0,5680.0,5560.0,5580.0,2675.0
2449,2018-11-12,5660.0,5660.0,5580.0,5600.0,1065.0
2450,2018-11-12,5820.0,5820.0,5610.0,5730.0,2880.0
2451,2018-11-12,5640.0,5640.0,5510.0,5620.0,2580.0
2452,2018-11-13,5530.0,5930.0,5400.0,5530.0,18135.0
2453,2018-11-13,5470.0,5540.0,5420.0,5490.0,6859.0
2454,2018-11-13,5500.0,5600.0,5500.0,5520.0,9119.0
2455,2018-11-13,5600.0,5630.0,5500.0,5630.0,2870.0
2456,2018-11-14,5580.0,5690.0,5450.0,5540.0,3689.0
2457,2018-11-14,5570.0,5590.0,5530.0,5590.0,1151.0
2458,2018-11-14,5590.0,5600.0,5500.0,5560.0,12207.0
2459,2018-11-14,5540.0,5600.0,5540.0,5600.0,2377.0
2460,2018-11-15,5600.0,5600.0,5400.0,5500.0,14144.0
2461,2018-11-15,5580.0,5750.0,5550.0,5720.0,4308.0
2462,2018-11-15,5530.0,5650.0,5530.0,5590.0,6402.0
2463,2018-11-15,5710.0,5710.0,5710.0,5710.0,401.0
2464,2018-11-16,6000.0,6000.0,5940.0,6000.0,407.0
2465,2018-11-16,5880.0,5880.0,5700.0,5780.0,3964.0
2466,2018-11-16,5780.0,6010.0,5740.0,5920.0,14650.0
2467,2018-11-16,5920.0,6040.0,5900.0,6010.0,11461.0
2468,2018-11-19,5830.0,5850.0,5800.0,5820.0,1845.0
2469,2018-11-19,5830.0,5880.0,5810.0,5830.0,6975.0
2470,2018-11-19,5940.0,5990.0,5750.0,5830.0,18282.0
2471,2018-11-19,5820.0,5880.0,5780.0,5830.0,4981.0
2472,2018-11-20,5740.0,5800.0,5740.0,5750.0,473.0
2473,2018-11-20,5850.0,5920.0,5710.0,5730.0,7541.0
2474,2018-11-20,5730.0,5800.0,5730.0,5740.0,7267.0
2475,2018-11-20,5770.0,5770.0,5740.0,5740.0,976.0
2476,2018-11-21,5700.0,5760.0,5650.0,5730.0,4460.0
2477,2018-11-21,5730.0,5800.0,5730.0,5750.0,2572.0
2478,2018-11-21,5750.0,5790.0,5730.0,5750.0,1031.0
2479,2018-11-21,5740.0,5740.0,5720.0,5730.0,1967.0
2480,2018-11-22,5710.0,5740.0,5660.0,5660.0,2457.0
2481,2018-11-22,5660.0,5710.0,5650.0,5650.0,5476.0
2482,2018-11-22,5650.0,5710.0,5640.0,5660.0,5204.0
2483,2018-11-22,5700.0,5700.0,5700.0,5700.0,589.0
2484,2018-11-23,5700.0,5740.0,5660.0,5670.0,2449.0
2485,2018-11-23,5670.0,5700.0,5560.0,5590.0,4510.0
2486,2018-11-23,5590.0,5680.0,5500.0,5500.0,5128.0
2487,2018-11-23,5480.0,5660.0,5450.0,5660.0,4744.0
2488,2018-11-26,5540.0,5650.0,5520.0,5590.0,5932.0
2489,2018-11-26,5590.0,5640.0,5540.0,5600.0,6301.0
2490,2018-11-26,5590.0,5600.0,5560.0,5590.0,667.0
2491,2018-11-26,5560.0,5610.0,5520.0,5570.0,8541.0
2492,2018-11-27,5560.0,5740.0,5500.0,5590.0,13222.0
2493,2018-11-27,5540.0,5590.0,5530.0,5540.0,2431.0
2494,2018-11-27,5540.0,5590.0,5520.0,5550.0,2919.0
2495,2018-11-27,5550.0,5590.0,5550.0,5590.0,949.0
2496,2018-11-28,5720.0,5720.0,5540.0,5540.0,4184.0
2497,2018-11-28,5550.0,5610.0,5550.0,5610.0,508.0
2498,2018-11-28,5580.0,5600.0,5560.0,5590.0,212.0
2499,2018-11-28,5560.0,5600.0,5550.0,5600.0,652.0
2500,2018-11-29,5600.0,5660.0,5550.0,5600.0,3530.0
2501,2018-11-29,5610.0,5640.0,5580.0,5630.0,1112.0
2502,2018-11-29,5600.0,5640.0,5550.0,5590.0,893.0
2503,2018-11-29,5590.0,5610.0,5590.0,5600.0,487.0
2504,2018-11-30,5580.0,5610.0,5560.0,5610.0,911.0
2505,2018-11-30,5560.0,5600.0,5550.0,5580.0,4940.0
2506,2018-11-30,5700.0,5700.0,5510.0,5570.0,8557.0
2507,2018-11-30,5570.0,5610.0,5560.0,5560.0,3648.0
2508,2018-12-03,5650.0,5720.0,5630.0,5720.0,5855.0
2509,2018-12-03,5680.0,5730.0,5610.0,5730.0,5100.0
2510,2018-12-03,5650.0,5680.0,5590.0,5660.0,4637.0
2511,2018-12-03,5710.0,5710.0,5630.0,5680.0,4532.0
2512,2018-12-04,5630.0,5750.0,5620.0,5690.0,7220.0
2513,2018-12-04,5670.0,5700.0,5650.0,5700.0,1108.0
2514,2018-12-04,5680.0,5700.0,5670.0,5700.0,5556.0
2515,2018-12-04,5700.0,5780.0,5700.0,5780.0,6218.0
2516,2018-12-05,5940.0,6250.0,5730.0,5910.0,66319.0
2517,2018-12-05,5950.0,6000.0,5820.0,5910.0,11338.0
2518,2018-12-05,5920.0,5980.0,5900.0,5950.0,5098.0
2519,2018-12-05,5910.0,5970.0,5840.0,5950.0,14377.0
2520,2018-12-06,6100.0,6230.0,5810.0,5880.0,30705.0
2521,2018-12-06,5880.0,5940.0,5840.0,5890.0,7842.0
2522,2018-12-06,5880.0,5930.0,5840.0,5870.0,5876.0
2523,2018-12-06,5850.0,5940.0,5830.0,5940.0,3810.0
2524,2018-12-07,6000.0,6010.0,5920.0,5920.0,10128.0
2525,2018-12-07,5870.0,6070.0,5860.0,5940.0,14214.0
2526,2018-12-07,5870.0,6040.0,5870.0,5950.0,10760.0
2527,2018-12-07,5880.0,6020.0,5840.0,5910.0,3997.0
2528,2018-12-10,5890.0,5920.0,5680.0,5830.0,19498.0
2529,2018-12-10,5790.0,5830.0,5720.0,5780.0,9952.0
2530,2018-12-10,5750.0,5780.0,5690.0,5720.0,6619.0
2531,2018-12-10,5720.0,5750.0,5680.0,5750.0,1185.0
2532,2018-12-11,5800.0,5850.0,5610.0,5810.0,4365.0
2533,2018-12-11,5770.0,5910.0,5670.0,5790.0,3399.0
2534,2018-12-11,5820.0,5820.0,5780.0,5780.0,1349.0
2535,2018-12-11,5790.0,5890.0,5740.0,5890.0,2121.0
2536,2018-12-12,5890.0,5980.0,5760.0,5950.0,27097.0
2537,2018-12-12,5890.0,6030.0,5860.0,6000.0,40130.0
2538,2018-12-12,6000.0,6100.0,6000.0,6070.0,19810.0
2539,2018-12-12,6060.0,6200.0,6050.0,6200.0,19647.0
2540,2018-12-13,6180.0,6210.0,6150.0,6150.0,6333.0
2541,2018-12-13,6180.0,6240.0,6140.0,6220.0,6785.0
2542,2018-12-13,6440.0,6500.0,6170.0,6200.0,105911.0
2543,2018-12-13,6170.0,6280.0,6150.0,6230.0,11717.0
2544,2018-12-14,6190.0,6840.0,6100.0,6450.0,249599.0
2545,2018-12-14,6410.0,6460.0,6340.0,6460.0,14804.0
2546,2018-12-14,6120.0,6460.0,6020.0,6200.0,79952.0
2547,2018-12-14,6420.0,6480.0,6330.0,6410.0,41245.0
2548,2018-12-17,6550.0,6940.0,6500.0,6620.0,298502.0
2549,2018-12-17,6680.0,6720.0,6510.0,6670.0,48960.0
2550,2018-12-17,6620.0,6760.0,6560.0,6670.0,55104.0
2551,2018-12-17,6670.0,6700.0,6640.0,6690.0,10238.0
2552,2018-12-18,6570.0,6570.0,6450.0,6530.0,37605.0
2553,2018-12-18,6310.0,6530.0,6300.0,6520.0,12195.0
2554,2018-12-18,6520.0,6550.0,6480.0,6540.0,5247.0
2555,2018-12-18,6540.0,6580.0,6300.0,6300.0,21797.0
2556,2018-12-19,6520.0,6650.0,6360.0,6440.0,11859.0
2557,2018-12-19,6410.0,6450.0,6370.0,6390.0,8316.0
2558,2018-12-19,6420.0,6450.0,6240.0,6400.0,14242.0
2559,2018-12-19,6400.0,6440.0,6400.0,6400.0,2360.0
2560,2018-12-20,6350.0,6350.0,6330.0,6350.0,2781.0
2561,2018-12-20,6310.0,6400.0,6300.0,6380.0,7025.0
2562,2018-12-20,6280.0,6450.0,6280.0,6310.0,20856.0
2563,2018-12-20,6360.0,6410.0,6290.0,6350.0,18013.0
2564,2018-12-21,6330.0,6390.0,6130.0,6320.0,14092.0
2565,2018-12-21,6320.0,6340.0,6200.0,6250.0,8303.0
2566,2018-12-21,6250.0,6310.0,6100.0,6260.0,12029.0
2567,2018-12-21,6260.0,6290.0,6220.0,6280.0,4057.0
2568,2018-12-24,6130.0,6330.0,6130.0,6200.0,7826.0
2569,2018-12-24,6220.0,6360.0,6130.0,6190.0,6501.0
2570,2018-12-24,6170.0,6250.0,6160.0,6240.0,2665.0
2571,2018-12-24,6230.0,6320.0,6190.0,6320.0,1169.0
2572,2018-12-26,6210.0,6320.0,5910.0,6120.0,12607.0
2573,2018-12-26,6080.0,6110.0,5980.0,6090.0,6386.0
2574,2018-12-26,6070.0,6070.0,5900.0,5990.0,16858.0
2575,2018-12-26,5980.0,6050.0,5980.0,6050.0,5156.0
2576,2018-12-27,6140.0,6150.0,6070.0,6140.0,1463.0
2577,2018-12-27,6130.0,6130.0,6030.0,6100.0,5221.0
2578,2018-12-27,6080.0,6210.0,6080.0,6160.0,5110.0
2579,2018-12-27,6080.0,6240.0,6040.0,6100.0,3837.0
2580,2018-12-28,6190.0,6270.0,6180.0,6270.0,3430.0
2581,2018-12-28,6170.0,6410.0,6110.0,6190.0,15057.0
2582,2018-12-28,6190.0,6250.0,6140.0,6220.0,4848.0
2583,2018-12-28,6190.0,6230.0,6140.0,6210.0,12779.0
2584,2019-01-02,6290.0,6290.0,6150.0,6220.0,4558.0
2585,2019-01-02,6170.0,6230.0,6170.0,6210.0,3564.0
2586,2019-01-02,6190.0,6280.0,6130.0,6250.0,6663.0
2587,2019-01-03,6380.0,6410.0,6340.0,6370.0,9911.0
2588,2019-01-03,6370.0,6390.0,6280.0,6280.0,6919.0
2589,2019-01-03,6280.0,6340.0,6270.0,6270.0,3664.0
2590,2019-01-03,6280.0,6470.0,6250.0,6380.0,31975.0
2591,2019-01-04,6250.0,6340.0,6150.0,6250.0,9290.0
2592,2019-01-04,6200.0,6290.0,6200.0,6270.0,6881.0
2593,2019-01-04,6260.0,6310.0,6210.0,6260.0,4774.0
2594,2019-01-04,6270.0,6310.0,6220.0,6290.0,2461.0
2595,2019-01-07,6320.0,6340.0,6290.0,6330.0,10783.0
2596,2019-01-07,6340.0,6350.0,6300.0,6320.0,11496.0
2597,2019-01-07,6400.0,6440.0,6250.0,6340.0,24701.0
2598,2019-01-07,6320.0,6380.0,6290.0,6340.0,4987.0
2599,2019-01-08,6360.0,6440.0,6290.0,6380.0,6329.0
2600,2019-01-08,6310.0,6340.0,6290.0,6330.0,6497.0
2601,2019-01-08,6290.0,6360.0,6290.0,6310.0,7903.0
2602,2019-01-08,6310.0,6380.0,6300.0,6380.0,2189.0
2603,2019-01-09,6490.0,6490.0,6320.0,6370.0,19872.0
2604,2019-01-09,6390.0,6430.0,6330.0,6360.0,6716.0
2605,2019-01-09,6350.0,6450.0,6330.0,6430.0,16267.0
2606,2019-01-09,6430.0,6470.0,6430.0,6470.0,8894.0
2607,2019-01-10,6360.0,6400.0,6290.0,6290.0,3424.0
2608,2019-01-10,6520.0,6520.0,6410.0,6460.0,17251.0
2609,2019-01-10,6440.0,6460.0,6390.0,6440.0,3084.0
2610,2019-01-10,6420.0,6450.0,6350.0,6400.0,13960.0
2611,2019-01-11,6370.0,6370.0,6230.0,6270.0,12550.0
2612,2019-01-11,6260.0,6360.0,6230.0,6360.0,9065.0
2613,2019-01-11,6340.0,6360.0,6300.0,6350.0,4547.0
2614,2019-01-11,6350.0,6350.0,6320.0,6330.0,1356.0
2615,2019-01-14,6250.0,6320.0,6240.0,6320.0,2835.0
2616,2019-01-14,6280.0,6280.0,6240.0,6240.0,1366.0
2617,2019-01-14,6340.0,6340.0,6280.0,6280.0,3687.0
2618,2019-01-14,6280.0,6330.0,6220.0,6280.0,2153.0
2619,2019-01-15,6320.0,6330.0,6280.0,6310.0,4128.0
2620,2019-01-15,6310.0,6340.0,6290.0,6320.0,1144.0
2621,2019-01-15,6250.0,6380.0,6250.0,6320.0,8071.0
2622,2019-01-15,6310.0,6350.0,6290.0,6340.0,4834.0
2623,2019-01-16,6280.0,6380.0,6280.0,6370.0,5364.0
2624,2019-01-16,6370.0,6370.0,6310.0,6360.0,1576.0
2625,2019-01-16,6340.0,6410.0,6330.0,6400.0,8165.0
2626,2019-01-16,6380.0,6400.0,6360.0,6390.0,4334.0
2627,2019-01-17,6420.0,6420.0,6250.0,6310.0,5145.0
2628,2019-01-17,6300.0,6340.0,6290.0,6330.0,2491.0
2629,2019-01-17,6330.0,6330.0,6290.0,6330.0,1773.0
2630,2019-01-17,6300.0,6350.0,6270.0,6350.0,1208.0
2631,2019-01-18,6450.0,6450.0,6310.0,6360.0,664.0
2632,2019-01-18,6300.0,6340.0,6270.0,6330.0,831.0
2633,2019-01-18,6330.0,6380.0,6300.0,6350.0,1627.0
2634,2019-01-18,6340.0,6350.0,6340.0,6350.0,870.0
2635,2019-01-21,6350.0,6350.0,6310.0,6320.0,2195.0
2636,2019-01-21,6320.0,6380.0,6280.0,6380.0,7313.0
2637,2019-01-21,6330.0,6430.0,6300.0,6350.0,2572.0
2638,2019-01-21,6350.0,6350.0,6300.0,6350.0,2085.0
2639,2019-01-22,6380.0,6400.0,6290.0,6350.0,6866.0
2640,2019-01-22,6350.0,6380.0,6330.0,6380.0,438.0
2641,2019-01-22,6340.0,6370.0,6290.0,6330.0,1911.0
2642,2019-01-22,6300.0,6330.0,6280.0,6280.0,964.0
2643,2019-01-23,6350.0,6350.0,6140.0,6270.0,10386.0
2644,2019-01-23,6260.0,6300.0,6230.0,6230.0,431.0
2645,2019-01-23,6270.0,6270.0,6170.0,6230.0,1661.0
2646,2019-01-23,6230.0,6260.0,6160.0,6260.0,6900.0
2647,2019-01-24,6300.0,6360.0,6300.0,6360.0,644.0
2648,2019-01-24,6230.0,6260.0,6160.0,6250.0,6376.0
2649,2019-01-24,6250.0,6270.0,6200.0,6270.0,2461.0
2650,2019-01-24,6270.0,6310.0,6240.0,6270.0,2210.0
2651,2019-01-25,6390.0,6390.0,6240.0,6280.0,1163.0
2652,2019-01-25,6300.0,6340.0,6290.0,6300.0,665.0
2653,2019-01-25,6300.0,6320.0,6240.0,6250.0,6176.0
2654,2019-01-25,6260.0,6280.0,6260.0,6280.0,285.0
2655,2019-01-28,6250.0,6290.0,6240.0,6240.0,2108.0
2656,2019-01-28,6310.0,6320.0,6280.0,6290.0,3461.0
2657,2019-01-28,6280.0,6350.0,6250.0,6310.0,3307.0
2658,2019-01-28,6280.0,6320.0,6240.0,6280.0,6066.0
2659,2019-01-29,6270.0,6270.0,6210.0,6250.0,3079.0
2660,2019-01-29,6220.0,6250.0,6180.0,6190.0,4720.0
2661,2019-01-29,6190.0,6230.0,6190.0,6220.0,2731.0
2662,2019-01-29,6240.0,6240.0,6240.0,6240.0,229.0
2663,2019-01-30,6250.0,6330.0,6210.0,6280.0,9042.0
2664,2019-01-30,6320.0,6360.0,6290.0,6310.0,4847.0
2665,2019-01-30,6310.0,6380.0,6260.0,6360.0,17359.0
2666,2019-01-30,6360.0,6380.0,6270.0,6380.0,4905.0
2667,2019-01-31,6240.0,6320.0,6240.0,6320.0,3412.0
2668,2019-01-31,6420.0,6420.0,6260.0,6290.0,8984.0
2669,2019-01-31,6260.0,6310.0,6200.0,6240.0,10365.0
2670,2019-01-31,6250.0,6270.0,6170.0,6250.0,6444.0
2671,2019-02-01,6300.0,6300.0,6200.0,6220.0,8958.0
2672,2019-02-01,6220.0,6270.0,6210.0,6270.0,3571.0
2673,2019-02-01,6270.0,6290.0,6240.0,6240.0,5630.0
2674,2019-02-01,6270.0,6290.0,6240.0,6290.0,1897.0
2675,2019-02-07,6300.0,6300.0,6270.0,6290.0,629.0
2676,2019-02-07,6290.0,6360.0,6210.0,6300.0,1933.0
2677,2019-02-07,6270.0,6310.0,6240.0,6240.0,4625.0
2678,2019-02-07,6240.0,6310.0,6200.0,6290.0,9989.0
2679,2019-02-08,6290.0,6330.0,6210.0,6250.0,4044.0
2680,2019-02-08,6220.0,6260.0,6200.0,6230.0,5680.0
2681,2019-02-08,6230.0,6260.0,6210.0,6210.0,3258.0
2682,2019-02-08,6210.0,6250.0,6200.0,6210.0,2575.0
2683,2019-02-11,6210.0,6280.0,6180.0,6200.0,3903.0
2684,2019-02-11,6200.0,6230.0,6200.0,6220.0,924.0
2685,2019-02-11,6220.0,6230.0,6190.0,6200.0,1309.0
2686,2019-02-11,6200.0,6210.0,6190.0,6210.0,999.0
2687,2019-02-12,6170.0,6230.0,6140.0,6180.0,2356.0
2688,2019-02-12,6180.0,6260.0,6160.0,6210.0,9625.0
2689,2019-02-12,6210.0,6260.0,6170.0,6250.0,3812.0
2690,2019-02-12,6220.0,6220.0,6180.0,6210.0,1744.0
2691,2019-02-13,6230.0,6230.0,6220.0,6230.0,567.0
2692,2019-02-13,6220.0,6260.0,6200.0,6230.0,6006.0
2693,2019-02-13,6180.0,6240.0,6180.0,6240.0,6630.0
2694,2019-02-13,6230.0,6250.0,6200.0,6210.0,1704.0
2695,2019-02-14,6260.0,6300.0,6230.0,6300.0,2399.0
2696,2019-02-14,6270.0,6370.0,6270.0,6340.0,8043.0
2697,2019-02-14,6340.0,6340.0,6320.0,6340.0,3188.0
2698,2019-02-14,6250.0,6320.0,6250.0,6260.0,7656.0
2699,2019-02-15,6350.0,6430.0,6260.0,6260.0,10764.0
2700,2019-02-15,6260.0,6340.0,6260.0,6330.0,4458.0
2701,2019-02-15,6340.0,6380.0,6310.0,6370.0,5811.0
2702,2019-02-15,6370.0,6370.0,6330.0,6370.0,2124.0
2703,2019-02-18,6490.0,6500.0,6480.0,6500.0,3261.0
2704,2019-02-18,6400.0,6430.0,6390.0,6430.0,4070.0
2705,2019-02-18,6430.0,6510.0,6430.0,6500.0,16653.0
2706,2019-02-18,6400.0,6430.0,6370.0,6410.0,15309.0
2707,2019-02-19,6530.0,6590.0,6380.0,6420.0,12191.0
2708,2019-02-19,6430.0,6430.0,6380.0,6400.0,6679.0
2709,2019-02-19,6410.0,6450.0,6370.0,6430.0,8125.0
2710,2019-02-19,6420.0,6440.0,6420.0,6440.0,1722.0
2711,2019-02-20,6400.0,6430.0,6380.0,6420.0,1912.0
2712,2019-02-20,6430.0,6440.0,6390.0,6440.0,3146.0
2713,2019-02-20,6390.0,6440.0,6330.0,6350.0,7889.0
2714,2019-02-20,6350.0,6460.0,6330.0,6450.0,6329.0
2715,2019-02-21,6430.0,6440.0,6300.0,6350.0,7665.0
2716,2019-02-21,6320.0,6420.0,6320.0,6410.0,3199.0
2717,2019-02-21,6420.0,6430.0,6380.0,6420.0,4318.0
2718,2019-02-21,6410.0,6420.0,6380.0,6380.0,649.0
2719,2019-02-22,6320.0,6400.0,6320.0,6320.0,2926.0
2720,2019-02-22,6350.0,6350.0,6310.0,6340.0,1239.0
2721,2019-02-22,6310.0,6330.0,6300.0,6330.0,3473.0
2722,2019-02-22,6320.0,6350.0,6310.0,6310.0,1799.0
2723,2019-02-25,6240.0,6340.0,6240.0,6330.0,1700.0
2724,2019-02-25,6350.0,6350.0,6010.0,6260.0,10578.0
2725,2019-02-25,6260.0,6300.0,6260.0,6260.0,2224.0
2726,2019-02-25,6260.0,6290.0,6240.0,6250.0,9037.0
2727,2019-02-26,6330.0,6440.0,6310.0,6420.0,6022.0
2728,2019-02-26,6420.0,6420.0,6350.0,6420.0,1267.0
2729,2019-02-26,6360.0,6400.0,6300.0,6360.0,4959.0
2730,2019-02-26,6320.0,6390.0,6320.0,6390.0,594.0
2731,2019-02-27,6330.0,6380.0,6330.0,6380.0,332.0
2732,2019-02-27,6420.0,6420.0,6300.0,6330.0,2577.0
2733,2019-02-27,6320.0,6350.0,6310.0,6350.0,2721.0
2734,2019-02-27,6360.0,6390.0,6320.0,6390.0,1693.0
2735,2019-02-28,6390.0,6440.0,6320.0,6350.0,1965.0
2736,2019-02-28,6350.0,6370.0,6280.0,6350.0,4223.0
2737,2019-02-28,6350.0,6350.0,6200.0,6200.0,5772.0
2738,2019-02-28,6200.0,6330.0,6110.0,6110.0,6944.0
2739,2019-03-04,6240.0,6280.0,6140.0,6210.0,3767.0
2740,2019-03-04,6240.0,6260.0,6200.0,6200.0,3651.0
2741,2019-03-04,6200.0,6240.0,6190.0,6230.0,1782.0
2742,2019-03-04,6190.0,6300.0,6190.0,6280.0,3159.0
2743,2019-03-05,6330.0,6330.0,6330.0,6330.0,13.0
2744,2019-03-05,6280.0,6290.0,6200.0,6260.0,3577.0
2745,2019-03-05,6250.0,6350.0,6200.0,6350.0,4952.0
2746,2019-03-05,6340.0,6340.0,6240.0,6340.0,482.0
2747,2019-03-06,6330.0,6390.0,6240.0,6280.0,5806.0
2748,2019-03-06,6260.0,6280.0,6250.0,6280.0,1908.0
2749,2019-03-06,6280.0,6320.0,6250.0,6320.0,5117.0
2750,2019-03-06,6320.0,6340.0,6310.0,6340.0,758.0
2751,2019-03-07,6350.0,6400.0,6340.0,6340.0,13139.0
2752,2019-03-07,6970.0,7410.0,6450.0,6500.0,375548.0
2753,2019-03-07,6500.0,6550.0,6470.0,6480.0,23698.0
2754,2019-03-07,6490.0,6490.0,6290.0,6350.0,44764.0
2755,2019-03-08,6310.0,6430.0,6200.0,6390.0,18032.0
2756,2019-03-08,6380.0,6390.0,6300.0,6350.0,4663.0
2757,2019-03-08,6350.0,6350.0,6270.0,6310.0,6985.0
2758,2019-03-08,6310.0,6340.0,6280.0,6330.0,12702.0
2759,2019-03-11,6340.0,6410.0,6250.0,6290.0,15666.0
2760,2019-03-11,6290.0,6340.0,6200.0,6290.0,13417.0
2761,2019-03-11,6290.0,6330.0,6230.0,6330.0,2165.0
2762,2019-03-11,6320.0,6330.0,6240.0,6240.0,3364.0
2763,2019-03-12,6250.0,6380.0,6250.0,6380.0,6412.0
2764,2019-03-12,6380.0,6400.0,6340.0,6370.0,8869.0
2765,2019-03-12,6360.0,6390.0,6350.0,6370.0,5429.0
2766,2019-03-12,6370.0,6380.0,6350.0,6380.0,2444.0
2767,2019-03-13,6370.0,6400.0,6370.0,6400.0,2920.0
2768,2019-03-13,6390.0,6420.0,6350.0,6420.0,4482.0
2769,2019-03-13,6370.0,6380.0,6330.0,6380.0,2670.0
2770,2019-03-13,6380.0,6440.0,6320.0,6390.0,13951.0
2771,2019-03-14,6480.0,6510.0,6470.0,6500.0,15299.0
2772,2019-03-14,6440.0,6490.0,6370.0,6470.0,14123.0
2773,2019-03-14,6450.0,6490.0,6440.0,6480.0,5110.0
2774,2019-03-14,6480.0,6490.0,6430.0,6480.0,7900.0
2775,2019-03-15,6510.0,6530.0,6450.0,6490.0,12860.0
2776,2019-03-15,6510.0,6570.0,6450.0,6500.0,10338.0
2777,2019-03-15,6490.0,6520.0,6430.0,6520.0,8851.0
2778,2019-03-15,6510.0,6530.0,6490.0,6520.0,3539.0
2779,2019-03-18,6550.0,6650.0,6480.0,6520.0,11515.0
2780,2019-03-18,6510.0,6550.0,6490.0,6550.0,2704.0
2781,2019-03-18,6520.0,6550.0,6480.0,6530.0,7208.0
2782,2019-03-18,6490.0,6540.0,6470.0,6480.0,4851.0
2783,2019-03-19,6530.0,6530.0,6400.0,6460.0,11553.0
2784,2019-03-19,6420.0,6520.0,6410.0,6490.0,7377.0
2785,2019-03-19,6480.0,6520.0,6450.0,6480.0,4662.0
2786,2019-03-19,6480.0,6480.0,6460.0,6480.0,2162.0
2787,2019-03-20,6420.0,6460.0,6420.0,6460.0,1782.0
2788,2019-03-20,6420.0,6470.0,6380.0,6420.0,6708.0
2789,2019-03-20,6420.0,6460.0,6370.0,6440.0,2755.0
2790,2019-03-20,6540.0,6540.0,6390.0,6450.0,8248.0
2791,2019-03-21,6400.0,6460.0,6400.0,6450.0,1606.0
2792,2019-03-21,6460.0,6470.0,6390.0,6460.0,3914.0
2793,2019-03-21,6450.0,6450.0,6400.0,6400.0,1070.0
2794,2019-03-21,6390.0,6430.0,6330.0,6420.0,8915.0
2795,2019-03-22,6510.0,6510.0,6380.0,6420.0,1795.0
2796,2019-03-22,6420.0,6420.0,6340.0,6420.0,7310.0
2797,2019-03-22,6360.0,6420.0,6350.0,6390.0,1515.0
2798,2019-03-22,6390.0,6400.0,6390.0,6400.0,168.0
2799,2019-03-25,6390.0,6420.0,6360.0,6380.0,4649.0
2800,2019-03-25,6380.0,6470.0,6360.0,6390.0,10882.0
2801,2019-03-25,6390.0,6560.0,6380.0,6430.0,32118.0
2802,2019-03-25,6350.0,6420.0,6250.0,6390.0,6333.0
2803,2019-03-26,6370.0,6890.0,6370.0,6510.0,283613.0
2804,2019-03-26,6530.0,6540.0,6460.0,6460.0,17097.0
2805,2019-03-26,6460.0,6530.0,6460.0,6460.0,13810.0
2806,2019-03-26,6460.0,6500.0,6460.0,6470.0,7586.0
2807,2019-03-27,6410.0,6450.0,6400.0,6400.0,3347.0
2808,2019-03-27,6410.0,6470.0,6400.0,6420.0,6144.0
2809,2019-03-27,6470.0,6480.0,6320.0,6460.0,12861.0
2810,2019-03-27,6450.0,6480.0,6410.0,6430.0,3105.0
2811,2019-03-28,6360.0,6430.0,6360.0,6430.0,2151.0
2812,2019-03-28,6390.0,6430.0,6350.0,6360.0,7455.0
2813,2019-03-28,6360.0,6390.0,6360.0,6380.0,859.0
2814,2019-03-28,6410.0,6450.0,6350.0,6380.0,6556.0
2815,2019-03-29,6380.0,6530.0,6330.0,6330.0,7591.0
2816,2019-03-29,6330.0,6420.0,6330.0,6420.0,1477.0
2817,2019-03-29,6420.0,6420.0,6320.0,6350.0,3859.0
2818,2019-03-29,6340.0,6360.0,6320.0,6360.0,4160.0
2819,2019-04-01,6360.0,6400.0,6360.0,6370.0,999.0
2820,2019-04-01,6380.0,6440.0,6360.0,6440.0,2616.0
2821,2019-04-01,6440.0,6470.0,6330.0,6380.0,14822.0
2822,2019-04-01,6350.0,6450.0,6330.0,6390.0,3806.0
2823,2019-04-02,6370.0,6430.0,6340.0,6420.0,5231.0
2824,2019-04-02,6400.0,6410.0,6380.0,6400.0,1791.0
2825,2019-04-02,6400.0,6430.0,6390.0,6410.0,2884.0
2826,2019-04-02,6410.0,6430.0,6370.0,6430.0,5606.0
2827,2019-04-03,6530.0,6580.0,6530.0,6580.0,6250.0
2828,2019-04-03,6500.0,6540.0,6470.0,6530.0,4884.0
2829,2019-04-03,6490.0,6630.0,6430.0,6590.0,44365.0
2830,2019-04-03,6590.0,6590.0,6450.0,6500.0,12052.0
2831,2019-04-04,6730.0,6730.0,6540.0,6590.0,12425.0
2832,2019-04-04,6590.0,6620.0,6540.0,6590.0,3676.0
2833,2019-04-04,6550.0,6580.0,6520.0,6550.0,4260.0
2834,2019-04-04,6550.0,6580.0,6540.0,6580.0,3297.0
2835,2019-04-05,6580.0,6670.0,6520.0,6590.0,6009.0
2836,2019-04-05,6550.0,6580.0,6510.0,6560.0,3975.0
2837,2019-04-05,6550.0,6570.0,6490.0,6520.0,8183.0
2838,2019-04-05,6520.0,6570.0,6520.0,6570.0,2358.0
2839,2019-04-08,6750.0,6750.0,6650.0,6740.0,6259.0
2840,2019-04-08,6650.0,6810.0,6570.0,6750.0,63941.0
2841,2019-04-08,6750.0,6750.0,6650.0,6670.0,7279.0
2842,2019-04-08,6670.0,6750.0,6670.0,6750.0,20971.0
2843,2019-04-09,6740.0,6760.0,6640.0,6660.0,11537.0
2844,2019-04-09,6660.0,6700.0,6660.0,6690.0,1819.0
2845,2019-04-09,6690.0,6750.0,6660.0,6700.0,8412.0
2846,2019-04-09,6700.0,6700.0,6660.0,6660.0,3075.0
2847,2019-04-10,6650.0,6660.0,6640.0,6650.0,2194.0
2848,2019-04-10,6660.0,6770.0,6640.0,6720.0,17654.0
2849,2019-04-10,6730.0,6760.0,6660.0,6720.0,9475.0
2850,2019-04-10,6710.0,6710.0,6630.0,6650.0,12874.0
2851,2019-04-11,6690.0,6710.0,6660.0,6690.0,1495.0
2852,2019-04-11,6690.0,6750.0,6690.0,6720.0,3417.0
2853,2019-04-11,6730.0,6740.0,6730.0,6740.0,2018.0
2854,2019-04-11,6640.0,6740.0,6640.0,6690.0,4845.0
2855,2019-04-12,6740.0,6840.0,6680.0,6730.0,10832.0
2856,2019-04-12,6690.0,6750.0,6690.0,6700.0,3040.0
2857,2019-04-12,6730.0,6830.0,6690.0,6820.0,12028.0
2858,2019-04-12,6770.0,6820.0,6770.0,6800.0,2281.0
2859,2019-04-15,6770.0,6810.0,6750.0,6810.0,4629.0
2860,2019-04-15,6820.0,6820.0,6790.0,6800.0,2241.0
2861,2019-04-15,6790.0,6810.0,6740.0,6770.0,7177.0
2862,2019-04-15,6850.0,6890.0,6770.0,6820.0,14725.0
2863,2019-04-16,6870.0,7120.0,6800.0,6940.0,126191.0
2864,2019-04-16,6910.0,6940.0,6710.0,6920.0,28059.0
2865,2019-04-16,6900.0,6930.0,6880.0,6900.0,10993.0
2866,2019-04-16,6890.0,6900.0,6850.0,6900.0,2499.0
2867,2019-04-17,6880.0,6990.0,6880.0,6930.0,5037.0
2868,2019-04-17,6860.0,6880.0,6820.0,6880.0,9920.0
2869,2019-04-17,6960.0,7020.0,6830.0,6830.0,12048.0
2870,2019-04-17,6840.0,6870.0,6810.0,6860.0,5131.0
2871,2019-04-18,6930.0,7210.0,6930.0,7100.0,106934.0
2872,2019-04-18,7050.0,7100.0,6870.0,6910.0,22836.0
2873,2019-04-18,6910.0,7030.0,6800.0,6810.0,28510.0
2874,2019-04-18,6810.0,6850.0,6750.0,6850.0,8816.0
2875,2019-04-19,6800.0,6850.0,6750.0,6770.0,9307.0
2876,2019-04-19,6770.0,6860.0,6760.0,6810.0,5253.0
2877,2019-04-19,6770.0,6810.0,6730.0,6810.0,6140.0
2878,2019-04-19,6760.0,6800.0,6730.0,6780.0,2177.0
2879,2019-04-22,6740.0,6770.0,6720.0,6770.0,2611.0
2880,2019-04-22,6900.0,6900.0,6780.0,6850.0,11726.0
2881,2019-04-22,6840.0,6850.0,6750.0,6780.0,4705.0
2882,2019-04-22,6760.0,6780.0,6740.0,6740.0,3309.0
2883,2019-04-23,6870.0,6870.0,6640.0,6710.0,4678.0
2884,2019-04-23,6730.0,6750.0,6660.0,6710.0,3702.0
2885,2019-04-23,6660.0,6720.0,6660.0,6700.0,2412.0
2886,2019-04-23,6690.0,6750.0,6690.0,6750.0,1853.0
2887,2019-04-24,6600.0,6670.0,6550.0,6550.0,2442.0
2888,2019-04-24,6700.0,6780.0,6690.0,6740.0,1829.0
2889,2019-04-24,6710.0,6740.0,6660.0,6660.0,2986.0
2890,2019-04-24,6660.0,6680.0,6570.0,6570.0,8449.0
2891,2019-04-25,6560.0,6610.0,6420.0,6480.0,12443.0
2892,2019-04-25,6530.0,6530.0,6480.0,6520.0,288.0
2893,2019-04-25,6480.0,6540.0,6460.0,6540.0,3498.0
2894,2019-04-25,6470.0,6530.0,6470.0,6530.0,1114.0
2895,2019-04-26,6530.0,6530.0,6300.0,6370.0,15381.0
2896,2019-04-26,6370.0,6390.0,6330.0,6380.0,5919.0
2897,2019-04-26,6380.0,6380.0,6310.0,6310.0,5742.0
2898,2019-04-26,6310.0,6350.0,6290.0,6350.0,4884.0
2899,2019-04-29,6400.0,6400.0,6310.0,6310.0,2115.0
2900,2019-04-29,6350.0,6420.0,6250.0,6420.0,6802.0
2901,2019-04-29,6400.0,6460.0,6380.0,6430.0,3088.0
2902,2019-04-29,6380.0,6430.0,6320.0,6400.0,10591.0
2903,2019-04-30,6340.0,6420.0,6310.0,6330.0,5245.0
2904,2019-04-30,6330.0,6380.0,6290.0,6360.0,3159.0
2905,2019-04-30,6320.0,6380.0,6290.0,6370.0,4015.0
2906,2019-04-30,6370.0,6400.0,6360.0,6400.0,2595.0
2907,2019-05-02,6510.0,6540.0,6450.0,6500.0,2465.0
2908,2019-05-02,6400.0,6480.0,6350.0,6470.0,4522.0
2909,2019-05-02,6410.0,6570.0,6370.0,6450.0,10598.0
2910,2019-05-02,6520.0,6550.0,6460.0,6520.0,1028.0
2911,2019-05-03,6510.0,6540.0,6460.0,6530.0,3654.0
2912,2019-05-03,6530.0,6540.0,6510.0,6520.0,1198.0
2913,2019-05-03,6520.0,6520.0,6470.0,6470.0,1882.0
2914,2019-05-03,6470.0,6490.0,6460.0,6490.0,605.0
2915,2019-05-07,6480.0,6490.0,6350.0,6450.0,2457.0
2916,2019-05-07,6390.0,6480.0,6370.0,6410.0,2176.0
2917,2019-05-07,6410.0,6440.0,6370.0,6440.0,636.0
2918,2019-05-07,6430.0,6440.0,6420.0,6440.0,496.0
2919,2019-05-08,6400.0,6410.0,6320.0,6410.0,4183.0
2920,2019-05-08,6410.0,6430.0,6390.0,6410.0,327.0
2921,2019-05-08,6410.0,6430.0,6370.0,6430.0,955.0
2922,2019-05-08,6420.0,6480.0,6370.0,6450.0,2589.0
2923,2019-05-09,6370.0,6420.0,6320.0,6410.0,3280.0
2924,2019-05-09,6460.0,6520.0,6350.0,6440.0,4607.0
2925,2019-05-09,6450.0,6460.0,6360.0,6390.0,6874.0
2926,2019-05-09,6360.0,6430.0,6330.0,6420.0,7142.0
2927,2019-05-10,6400.0,6410.0,6320.0,6390.0,530.0
2928,2019-05-10,6320.0,6360.0,6270.0,6360.0,696.0
2929,2019-05-10,6470.0,6470.0,6280.0,6410.0,8406.0
2930,2019-05-10,6400.0,6400.0,6260.0,6320.0,12035.0
2931,2019-05-13,6270.0,6330.0,6260.0,6280.0,1794.0
2932,2019-05-13,6330.0,6350.0,6280.0,6280.0,2020.0
2933,2019-05-13,6290.0,6290.0,6150.0,6160.0,14060.0
2934,2019-05-13,6170.0,6260.0,6160.0,6180.0,3246.0
2935,2019-05-14,6170.0,6230.0,6120.0,6180.0,11302.0
2936,2019-05-14,6180.0,6200.0,6170.0,6200.0,579.0
2937,2019-05-14,6210.0,6220.0,6160.0,6190.0,1669.0
2938,2019-05-14,6190.0,6200.0,6170.0,6190.0,694.0
2939,2019-05-15,6220.0,6250.0,6140.0,6230.0,1027.0
2940,2019-05-15,6220.0,6240.0,6200.0,6240.0,1910.0
2941,2019-05-15,6230.0,6260.0,6200.0,6230.0,5209.0
2942,2019-05-15,6230.0,6270.0,6190.0,6270.0,3365.0
2943,2019-05-16,6310.0,6430.0,6250.0,6310.0,13715.0
2944,2019-05-16,6360.0,6390.0,6250.0,6260.0,5461.0
2945,2019-05-16,6280.0,6290.0,6040.0,6190.0,16640.0
2946,2019-05-16,6190.0,6330.0,6130.0,6310.0,9052.0
2947,2019-05-17,7300.0,7990.0,6770.0,6790.0,769564.0
2948,2019-05-17,6790.0,6790.0,6580.0,6640.0,60458.0
2949,2019-05-17,6640.0,6660.0,6290.0,6340.0,113482.0
2950,2019-05-17,6330.0,6410.0,6280.0,6330.0,19561.0
2951,2019-05-20,6400.0,6920.0,6330.0,6640.0,260662.0
2952,2019-05-20,6620.0,6850.0,6560.0,6760.0,69873.0
2953,2019-05-20,6760.0,6840.0,6610.0,6640.0,54304.0
2954,2019-05-20,6650.0,6850.0,6600.0,6850.0,22636.0
2955,2019-05-21,6580.0,6640.0,6510.0,6580.0,18241.0
2956,2019-05-21,6660.0,6890.0,6630.0,6650.0,39334.0
2957,2019-05-21,6700.0,6700.0,6600.0,6660.0,10114.0
2958,2019-05-21,6660.0,6680.0,6570.0,6580.0,10988.0
2959,2019-05-22,6740.0,6800.0,6530.0,6580.0,43797.0
2960,2019-05-22,6570.0,6640.0,6560.0,6580.0,7531.0
2961,2019-05-22,6580.0,6700.0,6570.0,6640.0,6430.0
2962,2019-05-22,6630.0,6660.0,6520.0,6660.0,6698.0
2963,2019-05-23,6480.0,6500.0,6420.0,6500.0,4993.0
2964,2019-05-23,6520.0,6520.0,6400.0,6460.0,9293.0
2965,2019-05-23,6660.0,6660.0,6430.0,6530.0,34048.0
2966,2019-05-23,6460.0,6520.0,6430.0,6480.0,7077.0
2967,2019-05-24,6440.0,6500.0,6010.0,6250.0,70249.0
2968,2019-05-24,6240.0,6280.0,6180.0,6220.0,9143.0
2969,2019-05-24,6250.0,6250.0,6160.0,6190.0,11222.0
2970,2019-05-24,6160.0,6230.0,6160.0,6170.0,5120.0
2971,2019-05-27,6170.0,6250.0,6130.0,6130.0,7857.0
2972,2019-05-27,6130.0,6170.0,6110.0,6160.0,3782.0
2973,2019-05-27,6160.0,6200.0,6090.0,6130.0,8749.0
2974,2019-05-27,6130.0,6170.0,6080.0,6080.0,3504.0
2975,2019-05-28,6160.0,6170.0,6130.0,6170.0,2744.0
2976,2019-05-28,6080.0,6170.0,6070.0,6120.0,13900.0
2977,2019-05-28,6120.0,6170.0,6100.0,6170.0,2821.0
2978,2019-05-28,6170.0,6170.0,6130.0,6160.0,2819.0
2979,2019-05-29,6160.0,6210.0,6080.0,6110.0,8615.0
2980,2019-05-29,6100.0,6260.0,6100.0,6140.0,11030.0
2981,2019-05-29,6140.0,6180.0,6110.0,6160.0,1813.0
2982,2019-05-29,6140.0,6160.0,6130.0,6150.0,1048.0
2983,2019-05-30,6130.0,6150.0,6120.0,6150.0,311.0
2984,2019-05-30,6140.0,6150.0,6080.0,6130.0,6988.0
2985,2019-05-30,6140.0,6140.0,6070.0,6130.0,5577.0
2986,2019-05-30,6100.0,6160.0,6100.0,6130.0,4949.0
2987,2019-05-31,6150.0,6160.0,6050.0,6100.0,5819.0
2988,2019-05-31,6140.0,6140.0,6060.0,6100.0,1617.0
2989,2019-05-31,6110.0,6180.0,6080.0,6180.0,5315.0
2990,2019-05-31,6130.0,6170.0,6130.0,6170.0,634.0
2991,2019-06-03,6070.0,6170.0,6070.0,6170.0,1970.0
2992,2019-06-03,6170.0,6170.0,6100.0,6110.0,1320.0
2993,2019-06-03,6110.0,6160.0,6110.0,6130.0,3849.0
2994,2019-06-03,6130.0,6170.0,6130.0,6130.0,1287.0
2995,2019-06-04,6130.0,6260.0,6130.0,6170.0,7005.0
2996,2019-06-04,6180.0,6240.0,6180.0,6220.0,1003.0
2997,2019-06-04,6210.0,6460.0,6210.0,6340.0,14579.0
2998,2019-06-04,6360.0,6380.0,6330.0,6370.0,5466.0
2999,2019-06-05,6320.0,6380.0,6270.0,6380.0,1778.0
3000,2019-06-05,6380.0,6380.0,6300.0,6360.0,5622.0
3001,2019-06-05,6390.0,6490.0,6300.0,6360.0,17479.0
3002,2019-06-05,6360.0,6380.0,6330.0,6380.0,1940.0
3003,2019-06-07,6300.0,6300.0,6260.0,6270.0,2886.0
3004,2019-06-07,6270.0,6300.0,6260.0,6300.0,8120.0
3005,2019-06-07,6300.0,6320.0,6290.0,6310.0,3370.0
3006,2019-06-07,6370.0,6370.0,6230.0,6310.0,9543.0
3007,2019-06-10,6370.0,6370.0,6230.0,6310.0,6042.0
3008,2019-06-10,6310.0,6330.0,6300.0,6320.0,2694.0
3009,2019-06-10,6320.0,6340.0,6280.0,6330.0,4856.0
3010,2019-06-10,6330.0,6330.0,6270.0,6330.0,2816.0
3011,2019-06-11,6310.0,6340.0,6310.0,6340.0,1599.0
3012,2019-06-11,6260.0,6330.0,6240.0,6330.0,2445.0
3013,2019-06-11,6300.0,6330.0,6290.0,6310.0,4617.0
3014,2019-06-11,6360.0,6370.0,6160.0,6320.0,8784.0
3015,2019-06-12,6320.0,6330.0,6260.0,6280.0,6684.0
3016,2019-06-12,6270.0,6290.0,6260.0,6290.0,3350.0
3017,2019-06-12,6300.0,6300.0,6270.0,6280.0,3715.0
3018,2019-06-12,6280.0,6320.0,6270.0,6320.0,706.0
3019,2019-06-13,6320.0,6340.0,6320.0,6340.0,1784.0
3020,2019-06-13,6300.0,6320.0,6280.0,6320.0,1104.0
3021,2019-06-13,6320.0,6320.0,6250.0,6320.0,7699.0
3022,2019-06-13,6320.0,6320.0,6310.0,6320.0,965.0
3023,2019-06-14,6340.0,6340.0,6270.0,6340.0,3177.0
3024,2019-06-14,6330.0,6340.0,6310.0,6310.0,1277.0
3025,2019-06-14,6340.0,6480.0,6330.0,6470.0,14779.0
3026,2019-06-14,6470.0,6470.0,6380.0,6440.0,4287.0
3027,2019-06-17,6400.0,6410.0,6330.0,6410.0,6147.0
3028,2019-06-17,6420.0,6440.0,6400.0,6420.0,1265.0
3029,2019-06-17,6400.0,6410.0,6350.0,6400.0,2788.0
3030,2019-06-17,6400.0,6410.0,6340.0,6340.0,1228.0
3031,2019-06-18,6340.0,6350.0,6270.0,6290.0,3995.0
3032,2019-06-18,6340.0,6400.0,6300.0,6400.0,3056.0
3033,2019-06-18,6350.0,6400.0,6350.0,6370.0,3137.0
3034,2019-06-18,6360.0,6370.0,6290.0,6350.0,10300.0
3035,2019-06-19,6330.0,6330.0,6260.0,6290.0,5470.0
3036,2019-06-19,6310.0,6360.0,6300.0,6330.0,4760.0
3037,2019-06-19,6320.0,6330.0,6280.0,6330.0,4529.0
3038,2019-06-19,6290.0,6350.0,6290.0,6350.0,302.0
3039,2019-06-20,6380.0,6390.0,6350.0,6390.0,3819.0
3040,2019-06-20,6350.0,6390.0,6350.0,6350.0,10035.0
3041,2019-06-20,6380.0,6390.0,6380.0,6380.0,1574.0
3042,2019-06-20,6380.0,6390.0,6350.0,6380.0,3347.0
3043,2019-06-21,6390.0,6400.0,6330.0,6340.0,2262.0
3044,2019-06-21,6380.0,6380.0,6340.0,6380.0,498.0
3045,2019-06-21,6380.0,6380.0,6320.0,6320.0,2845.0
3046,2019-06-21,6330.0,6390.0,6280.0,6390.0,2658.0
3047,2019-06-24,6320.0,6380.0,6290.0,6380.0,9383.0
3048,2019-06-24,6370.0,6380.0,6350.0,6370.0,1927.0
3049,2019-06-24,6350.0,6460.0,6350.0,6410.0,10644.0
3050,2019-06-24,6420.0,6440.0,6400.0,6440.0,4815.0
3051,2019-06-25,6390.0,6500.0,6350.0,6470.0,10727.0
3052,2019-06-25,6350.0,6430.0,6350.0,6430.0,726.0
3053,2019-06-25,6430.0,6450.0,6380.0,6380.0,2232.0
3054,2019-06-25,6380.0,6400.0,6280.0,6390.0,3501.0
3055,2019-06-26,6470.0,6510.0,6390.0,6440.0,4539.0
3056,2019-06-26,6430.0,6460.0,6350.0,6360.0,7353.0
3057,2019-06-26,6370.0,6380.0,6290.0,6330.0,8761.0
3058,2019-06-26,6330.0,6370.0,6300.0,6370.0,2055.0
3059,2019-06-27,6280.0,6310.0,6190.0,6210.0,12363.0
3060,2019-06-27,6320.0,6400.0,6320.0,6350.0,3981.0
3061,2019-06-27,6350.0,6360.0,6320.0,6360.0,3016.0
3062,2019-06-27,6360.0,6370.0,6280.0,6280.0,10192.0
3063,2019-06-28,6270.0,6270.0,6190.0,6190.0,8149.0
3064,2019-06-28,6190.0,6250.0,6160.0,6200.0,4047.0
3065,2019-06-28,6200.0,6240.0,6190.0,6210.0,1784.0
3066,2019-06-28,6190.0,6290.0,6190.0,6290.0,1309.0
3067,2019-07-01,6220.0,6330.0,6200.0,6260.0,2706.0
3068,2019-07-01,6260.0,6310.0,6230.0,6300.0,2996.0
3069,2019-07-01,6260.0,6270.0,6200.0,6240.0,2797.0
3070,2019-07-01,6230.0,6290.0,6220.0,6290.0,1800.0
3071,2019-07-02,6260.0,6290.0,6200.0,6230.0,8532.0
3072,2019-07-02,6230.0,6300.0,6230.0,6290.0,2938.0
3073,2019-07-02,6260.0,6350.0,6220.0,6350.0,15074.0
3074,2019-07-02,6300.0,6340.0,6290.0,6330.0,3626.0
3075,2019-07-03,6260.0,6320.0,6220.0,6320.0,1099.0
3076,2019-07-03,6250.0,6290.0,6190.0,6290.0,5035.0
3077,2019-07-03,6340.0,6340.0,6260.0,6270.0,3198.0
3078,2019-07-03,6280.0,6330.0,6240.0,6310.0,2195.0
3079,2019-07-04,6240.0,6260.0,6190.0,6260.0,8861.0
3080,2019-07-04,6250.0,6280.0,6210.0,6270.0,2099.0
3081,2019-07-04,6300.0,6310.0,6240.0,6240.0,1421.0
3082,2019-07-04,6260.0,6290.0,6200.0,6250.0,2286.0
3083,2019-07-05,6360.0,6400.0,6360.0,6390.0,6163.0
3084,2019-07-05,6300.0,6350.0,6270.0,6340.0,9728.0
3085,2019-07-05,6340.0,6380.0,6300.0,6330.0,7723.0
3086,2019-07-05,6310.0,6360.0,6300.0,6360.0,7928.0
3087,2019-07-08,6240.0,6270.0,6220.0,6220.0,3668.0
3088,2019-07-08,6210.0,6210.0,6100.0,6100.0,2052.0
3089,2019-07-08,6490.0,6490.0,6230.0,6240.0,21393.0
3090,2019-07-08,6240.0,6260.0,6090.0,6160.0,11289.0
3091,2019-07-09,6090.0,6270.0,6070.0,6080.0,13878.0
3092,2019-07-09,6120.0,6240.0,6080.0,6200.0,4676.0
3093,2019-07-09,6160.0,6200.0,6150.0,6150.0,4734.0
3094,2019-07-09,6130.0,6180.0,6110.0,6180.0,942.0
3095,2019-07-10,6250.0,6250.0,6140.0,6160.0,3796.0
3096,2019-07-10,6170.0,6210.0,6170.0,6210.0,1999.0
3097,2019-07-10,6190.0,6240.0,6170.0,6240.0,2874.0
3098,2019-07-10,6180.0,6210.0,6170.0,6170.0,2353.0
3099,2019-07-11,6240.0,6240.0,6170.0,6210.0,5745.0
3100,2019-07-11,6190.0,6210.0,6160.0,6200.0,1556.0
3101,2019-07-11,6200.0,6210.0,6160.0,6210.0,2216.0
3102,2019-07-11,6210.0,6210.0,6170.0,6210.0,1085.0
3103,2019-07-12,6160.0,6180.0,6160.0,6160.0,442.0
3104,2019-07-12,6160.0,6200.0,6150.0,6200.0,2421.0
3105,2019-07-12,6170.0,6190.0,6150.0,6150.0,1031.0
3106,2019-07-12,6240.0,6240.0,6150.0,6150.0,792.0
3107,2019-07-15,6240.0,6240.0,6060.0,6170.0,7509.0
3108,2019-07-15,6170.0,6170.0,6140.0,6140.0,12.0
3109,2019-07-15,6130.0,6190.0,6100.0,6190.0,6486.0
3110,2019-07-15,6190.0,6240.0,6190.0,6240.0,1829.0
3111,2019-07-16,6220.0,6220.0,6150.0,6190.0,288.0
3112,2019-07-16,6190.0,6200.0,6160.0,6160.0,443.0
3113,2019-07-16,6160.0,6190.0,6120.0,6180.0,1376.0
3114,2019-07-16,6160.0,6180.0,6120.0,6180.0,754.0
3115,2019-07-17,6180.0,6180.0,6030.0,6090.0,8455.0
3116,2019-07-17,6110.0,6110.0,6070.0,6070.0,689.0
3117,2019-07-17,6070.0,6100.0,6050.0,6100.0,3424.0
3118,2019-07-17,6100.0,6110.0,6050.0,6050.0,1675.0
3119,2019-07-18,6070.0,6070.0,6000.0,6060.0,952.0
3120,2019-07-18,6010.0,6070.0,6000.0,6020.0,3257.0
3121,2019-07-18,6020.0,6080.0,5970.0,6080.0,2388.0
3122,2019-07-18,6040.0,6050.0,5990.0,6040.0,4373.0
3123,2019-07-19,6070.0,6190.0,6070.0,6080.0,997.0
3124,2019-07-19,6120.0,6120.0,6070.0,6070.0,1793.0
3125,2019-07-19,6110.0,6110.0,6020.0,6090.0,2433.0
3126,2019-07-19,6040.0,6080.0,6000.0,6080.0,1504.0
3127,2019-07-22,6080.0,6080.0,6060.0,6070.0,355.0
3128,2019-07-22,6080.0,6080.0,6080.0,6080.0,870.0
3129,2019-07-22,6090.0,6090.0,6040.0,6090.0,1050.0
3130,2019-07-22,6080.0,6080.0,6010.0,6060.0,2919.0
3131,2019-07-23,6060.0,6060.0,6030.0,6060.0,524.0
3132,2019-07-23,6060.0,6120.0,6000.0,6010.0,4011.0
3133,2019-07-23,6020.0,6020.0,6020.0,6020.0,66.0
3134,2019-07-23,6020.0,6060.0,6010.0,6060.0,3638.0
3135,2019-07-24,6060.0,6240.0,6030.0,6220.0,4184.0
3136,2019-07-24,6190.0,6240.0,6190.0,6200.0,13773.0
3137,2019-07-24,6180.0,6180.0,6020.0,6080.0,2700.0
3138,2019-07-24,6080.0,6180.0,6070.0,6180.0,1461.0
3139,2019-07-25,5990.0,6050.0,5950.0,6040.0,6136.0
3140,2019-07-25,6140.0,6140.0,5980.0,6030.0,5847.0
3141,2019-07-25,5990.0,6030.0,5970.0,6030.0,6196.0
3142,2019-07-25,6030.0,6070.0,5980.0,6040.0,6630.0
3143,2019-07-26,6040.0,6050.0,5900.0,5920.0,13207.0
3144,2019-07-26,5920.0,5940.0,5900.0,5940.0,4440.0
3145,2019-07-26,5940.0,5960.0,5850.0,5860.0,8842.0
3146,2019-07-26,5870.0,5940.0,5860.0,5940.0,2383.0
3147,2019-07-29,5890.0,5900.0,5620.0,5710.0,13854.0
3148,2019-07-29,5710.0,5710.0,5600.0,5630.0,6632.0
3149,2019-07-29,5630.0,5750.0,5630.0,5630.0,8361.0
3150,2019-07-29,5660.0,5660.0,5580.0,5660.0,4709.0
3151,2019-07-30,5610.0,5830.0,5610.0,5790.0,3783.0
3152,2019-07-30,5680.0,5790.0,5680.0,5700.0,2288.0
3153,2019-07-30,5770.0,5770.0,5710.0,5730.0,2031.0
3154,2019-07-30,5700.0,5750.0,5700.0,5750.0,35.0
3155,2019-07-31,5770.0,5780.0,5760.0,5780.0,1238.0
3156,2019-07-31,5690.0,5780.0,5690.0,5770.0,1293.0
3157,2019-07-31,5600.0,5690.0,5570.0,5690.0,7206.0
3158,2019-07-31,5690.0,5790.0,5600.0,5600.0,7363.0
3159,2019-08-01,5790.0,5850.0,5790.0,5850.0,1217.0
3160,2019-08-01,5780.0,5850.0,5730.0,5800.0,419.0
3161,2019-08-01,5850.0,5860.0,5800.0,5810.0,739.0
3162,2019-08-01,5820.0,5840.0,5770.0,5790.0,1031.0
3163,2019-08-02,5820.0,5820.0,5700.0,5780.0,2909.0
3164,2019-08-02,5740.0,5790.0,5710.0,5790.0,692.0
3165,2019-08-02,5750.0,5850.0,5690.0,5700.0,3125.0
3166,2019-08-02,5760.0,5790.0,5750.0,5750.0,1179.0
3167,2019-08-05,5650.0,5830.0,5600.0,5640.0,4145.0
3168,2019-08-05,5650.0,5650.0,5490.0,5500.0,7591.0
3169,2019-08-05,5500.0,5540.0,5470.0,5500.0,5825.0
3170,2019-08-05,5480.0,5550.0,5480.0,5550.0,3702.0
3171,2019-08-06,5170.0,5460.0,5170.0,5440.0,28611.0
3172,2019-08-06,5490.0,5500.0,5330.0,5330.0,3186.0
3173,2019-08-06,5330.0,5390.0,5280.0,5390.0,1795.0
3174,2019-08-06,5440.0,5560.0,5430.0,5480.0,4894.0
3175,2019-08-07,5450.0,5500.0,5170.0,5420.0,4783.0
3176,2019-08-07,5470.0,5470.0,5370.0,5370.0,3527.0
3177,2019-08-07,5430.0,5430.0,5320.0,5390.0,1035.0
3178,2019-08-07,5330.0,5420.0,5330.0,5420.0,396.0
3179,2019-08-08,5700.0,5730.0,5690.0,5730.0,1585.0
3180,2019-08-08,5730.0,5790.0,5710.0,5790.0,19799.0
3181,2019-08-08,5780.0,5790.0,5700.0,5700.0,6961.0
3182,2019-08-08,5640.0,5770.0,5430.0,5730.0,18799.0
3183,2019-08-09,5820.0,5820.0,5670.0,5740.0,2537.0
3184,2019-08-09,5710.0,5740.0,5700.0,5700.0,1284.0
3185,2019-08-09,5730.0,5730.0,5600.0,5600.0,3874.0
3186,2019-08-09,5600.0,5700.0,5600.0,5700.0,1731.0
3187,2019-08-12,5700.0,5750.0,5580.0,5670.0,3119.0
3188,2019-08-12,5730.0,5740.0,5730.0,5740.0,269.0
3189,2019-08-12,5740.0,5800.0,5730.0,5800.0,5648.0
3190,2019-08-12,5800.0,5850.0,5790.0,5850.0,2721.0
3191,2019-08-13,5810.0,5910.0,5750.0,5810.0,1675.0
3192,2019-08-13,5810.0,5820.0,5760.0,5820.0,103.0
3193,2019-08-13,5810.0,5830.0,5800.0,5830.0,526.0
3194,2019-08-13,5790.0,5850.0,5790.0,5850.0,313.0
3195,2019-08-14,5850.0,5870.0,5830.0,5870.0,3060.0
3196,2019-08-14,5840.0,5850.0,5820.0,5850.0,2132.0
3197,2019-08-14,5850.0,5960.0,5820.0,5890.0,11253.0
3198,2019-08-14,5890.0,5890.0,5840.0,5850.0,368.0
3199,2019-08-16,5870.0,5870.0,5690.0,5690.0,4959.0
3200,2019-08-16,5690.0,5760.0,5690.0,5750.0,7238.0
3201,2019-08-16,5750.0,5750.0,5650.0,5700.0,1580.0
3202,2019-08-16,5660.0,5710.0,5660.0,5710.0,240.0
3203,2019-08-19,5740.0,6000.0,5740.0,5850.0,7914.0
3204,2019-08-19,5910.0,6020.0,5910.0,6020.0,11697.0
3205,2019-08-19,5990.0,6020.0,5920.0,5950.0,5853.0
3206,2019-08-19,5960.0,6010.0,5940.0,6010.0,2090.0
3207,2019-08-20,6020.0,6040.0,5990.0,5990.0,3375.0
3208,2019-08-20,5880.0,6040.0,5880.0,6030.0,9759.0
3209,2019-08-20,6030.0,6680.0,5980.0,6050.0,104241.0
3210,2019-08-20,6020.0,6060.0,6020.0,6030.0,3627.0
3211,2019-08-21,5990.0,6040.0,5940.0,6040.0,2441.0
3212,2019-08-21,6020.0,6140.0,6000.0,6050.0,5669.0
3213,2019-08-21,6060.0,6060.0,6020.0,6030.0,899.0
3214,2019-08-21,6050.0,6050.0,5990.0,6030.0,2376.0
3215,2019-08-22,6030.0,6030.0,6030.0,6030.0,609.0
3216,2019-08-22,6080.0,6080.0,6000.0,6040.0,1254.0
3217,2019-08-22,6040.0,6050.0,6000.0,6000.0,720.0
3218,2019-08-22,6000.0,6030.0,5980.0,6030.0,1411.0
3219,2019-08-23,6080.0,6080.0,5910.0,5990.0,5899.0
3220,2019-08-23,6000.0,6050.0,5990.0,5990.0,965.0
3221,2019-08-23,5990.0,6010.0,5930.0,6000.0,4327.0
3222,2019-08-23,6000.0,6050.0,6000.0,6050.0,2882.0
3223,2019-08-26,6050.0,6080.0,5840.0,6080.0,14357.0
3224,2019-08-26,6020.0,6080.0,6020.0,6070.0,163.0
3225,2019-08-26,6060.0,6070.0,5930.0,5930.0,270.0
3226,2019-08-26,5920.0,6040.0,5820.0,6040.0,4420.0
3227,2019-08-27,6040.0,6120.0,5980.0,6100.0,5552.0
3228,2019-08-27,6080.0,6110.0,6050.0,6060.0,1311.0
3229,2019-08-27,6070.0,6070.0,6000.0,6050.0,2203.0
3230,2019-08-27,6010.0,6100.0,6010.0,6100.0,1852.0
3231,2019-08-28,6030.0,6100.0,6030.0,6100.0,1942.0
3232,2019-08-28,6010.0,6030.0,6000.0,6030.0,2385.0
3233,2019-08-28,6100.0,6100.0,6080.0,6080.0,622.0
3234,2019-08-28,6080.0,6100.0,5980.0,6040.0,5468.0
3235,2019-08-29,6010.0,6060.0,5960.0,5990.0,1967.0
3236,2019-08-29,6010.0,6030.0,5950.0,6030.0,1803.0
3237,2019-08-29,6090.0,6100.0,6010.0,6070.0,1643.0
3238,2019-08-29,5990.0,6030.0,5970.0,6010.0,2018.0
3239,2019-08-30,6090.0,6090.0,6080.0,6090.0,200.0
3240,2019-08-30,6070.0,6090.0,6010.0,6090.0,6296.0
3241,2019-08-30,6100.0,6100.0,6050.0,6080.0,1283.0
3242,2019-08-30,6070.0,6100.0,6070.0,6100.0,1608.0
3243,2019-09-02,6090.0,6310.0,6090.0,6270.0,16516.0
3244,2019-09-02,6270.0,6340.0,6070.0,6230.0,15826.0
3245,2019-09-02,6230.0,6250.0,6190.0,6250.0,699.0
3246,2019-09-02,6250.0,6370.0,6190.0,6360.0,11283.0
3247,2019-09-03,6340.0,6570.0,6220.0,6350.0,21510.0
3248,2019-09-03,6340.0,6360.0,6210.0,6270.0,9053.0
3249,2019-09-03,6280.0,6350.0,6280.0,6350.0,2062.0
3250,2019-09-03,6350.0,6350.0,6260.0,6340.0,3361.0
3251,2019-09-04,6340.0,6480.0,6280.0,6440.0,34448.0
3252,2019-09-04,6440.0,6470.0,6300.0,6420.0,24550.0
3253,2019-09-04,6460.0,6480.0,6370.0,6430.0,13486.0
3254,2019-09-04,6430.0,6560.0,6410.0,6560.0,27778.0
3255,2019-09-05,6560.0,6590.0,6490.0,6570.0,9961.0
3256,2019-09-05,6530.0,6570.0,6490.0,6560.0,14028.0
3257,2019-09-05,6520.0,6640.0,6460.0,6530.0,6918.0
3258,2019-09-05,6560.0,6570.0,6480.0,6530.0,14793.0
3259,2019-09-06,6650.0,6670.0,6360.0,6490.0,31957.0
3260,2019-09-06,6500.0,6560.0,6370.0,6370.0,12992.0
3261,2019-09-06,6390.0,6650.0,5570.0,5670.0,126897.0
3262,2019-09-06,5710.0,5830.0,5690.0,5750.0,31920.0
3263,2019-09-09,5780.0,5900.0,5760.0,5860.0,34102.0
3264,2019-09-09,5840.0,5860.0,5760.0,5820.0,18236.0
3265,2019-09-09,5830.0,5870.0,5790.0,5870.0,8450.0
3266,2019-09-09,5880.0,6000.0,5840.0,5910.0,4760.0
3267,2019-09-10,5950.0,6000.0,5900.0,5950.0,7171.0
3268,2019-09-10,5910.0,5920.0,5900.0,5900.0,2817.0
3269,2019-09-10,5900.0,6030.0,5890.0,6030.0,4641.0
3270,2019-09-10,6020.0,6070.0,5930.0,6050.0,8746.0
3271,2019-09-11,6020.0,6060.0,6020.0,6050.0,1794.0
3272,2019-09-11,5990.0,6020.0,5970.0,6020.0,1622.0
3273,2019-09-11,6050.0,6060.0,5960.0,6000.0,4179.0
3274,2019-09-11,5980.0,6020.0,5950.0,5990.0,2121.0
3275,2019-09-16,6050.0,6050.0,5950.0,6010.0,6762.0
3276,2019-09-16,6000.0,6010.0,5980.0,6010.0,1248.0
3277,2019-09-16,6010.0,6020.0,5990.0,5990.0,584.0
3278,2019-09-16,6000.0,6020.0,6000.0,6020.0,747.0
3279,2019-09-17,6020.0,6020.0,5930.0,6000.0,3738.0
3280,2019-09-17,5970.0,6000.0,5950.0,5990.0,1424.0
3281,2019-09-17,5990.0,5990.0,5940.0,5950.0,6073.0
3282,2019-09-17,5970.0,5980.0,5970.0,5980.0,1528.0
3283,2019-09-18,5980.0,5980.0,5910.0,5910.0,7195.0
3284,2019-09-18,5930.0,5950.0,5900.0,5940.0,3029.0
3285,2019-09-18,5940.0,5950.0,5920.0,5940.0,1635.0
3286,2019-09-18,5920.0,5940.0,5920.0,5920.0,1283.0
3287,2019-09-19,5950.0,6020.0,5950.0,6010.0,997.0
3288,2019-09-19,6010.0,6010.0,6000.0,6010.0,295.0
3289,2019-09-19,5920.0,5970.0,5900.0,5970.0,9644.0
3290,2019-09-19,5970.0,5980.0,5960.0,5960.0,1563.0
3291,2019-09-20,6010.0,6040.0,6000.0,6010.0,2069.0
3292,2019-09-20,6020.0,6030.0,6000.0,6030.0,1783.0
3293,2019-09-20,6010.0,6030.0,5990.0,6030.0,1834.0
3294,2019-09-20,6030.0,6040.0,5990.0,6040.0,1286.0
3295,2019-09-23,6020.0,6050.0,6010.0,6040.0,438.0
3296,2019-09-23,6030.0,6030.0,6030.0,6030.0,21.0
3297,2019-09-23,6040.0,6060.0,6040.0,6040.0,1488.0
3298,2019-09-23,6050.0,6050.0,6030.0,6050.0,2848.0
3299,2019-09-24,6030.0,6030.0,5960.0,5970.0,1891.0
3300,2019-09-24,5970.0,5980.0,5940.0,5940.0,5140.0
3301,2019-09-24,5970.0,5990.0,5920.0,5990.0,7147.0
3302,2019-09-24,5990.0,5990.0,5990.0,5990.0,2.0
3303,2019-09-25,6000.0,6000.0,5930.0,5930.0,6556.0
3304,2019-09-25,5970.0,5970.0,5910.0,5910.0,2198.0
3305,2019-09-25,5910.0,5910.0,5840.0,5910.0,5714.0
3306,2019-09-25,5890.0,5980.0,5860.0,5980.0,2673.0
3307,2019-09-26,5880.0,5910.0,5880.0,5910.0,682.0
3308,2019-09-26,5900.0,5910.0,5880.0,5910.0,1655.0
3309,2019-09-26,5970.0,5970.0,5890.0,5930.0,1777.0
3310,2019-09-26,5900.0,5930.0,5880.0,5900.0,1317.0
3311,2019-09-27,5910.0,5960.0,5870.0,5920.0,999.0
3312,2019-09-27,5900.0,5910.0,5900.0,5900.0,1005.0
3313,2019-09-27,5910.0,5910.0,5860.0,5860.0,1583.0
3314,2019-09-27,5910.0,5920.0,5860.0,5920.0,367.0
3315,2019-09-30,5970.0,5970.0,5840.0,5900.0,6502.0
3316,2019-09-30,5870.0,5910.0,5850.0,5910.0,2179.0
3317,2019-09-30,5910.0,5910.0,5850.0,5900.0,2886.0
3318,2019-09-30,5890.0,5890.0,5860.0,5860.0,745.0
3319,2019-10-01,5790.0,6000.0,5790.0,5940.0,4348.0
3320,2019-10-01,5910.0,5940.0,5870.0,5930.0,3612.0
3321,2019-10-01,5920.0,5920.0,5920.0,5920.0,1320.0
3322,2019-10-01,5920.0,5930.0,5870.0,5930.0,894.0
3323,2019-10-02,5910.0,5910.0,5900.0,5900.0,283.0
3324,2019-10-02,5890.0,5900.0,5860.0,5900.0,1416.0
3325,2019-10-02,5980.0,5980.0,5850.0,5950.0,2820.0
3326,2019-10-02,5920.0,5920.0,5900.0,5910.0,152.0
3327,2019-10-04,5810.0,5910.0,5810.0,5900.0,6154.0
3328,2019-10-04,5890.0,5890.0,5860.0,5870.0,361.0
3329,2019-10-04,5870.0,5880.0,5860.0,5870.0,6213.0
3330,2019-10-04,5870.0,5890.0,5870.0,5890.0,459.0
3331,2019-10-07,5890.0,5910.0,5880.0,5880.0,1670.0
3332,2019-10-07,5890.0,5890.0,5780.0,5820.0,2039.0
3333,2019-10-07,5860.0,5880.0,5820.0,5840.0,3140.0
3334,2019-10-07,5710.0,5710.0,5710.0,5710.0,1007.0
3335,2019-10-08,5850.0,5880.0,5850.0,5880.0,207.0
3336,2019-10-08,5760.0,5950.0,5680.0,5810.0,5029.0
3337,2019-10-08,5800.0,5820.0,5800.0,5820.0,1533.0
3338,2019-10-08,5810.0,5850.0,5800.0,5850.0,476.0
3339,2019-10-10,5930.0,5950.0,5560.0,5820.0,5827.0
3340,2019-10-10,5770.0,5770.0,5760.0,5760.0,222.0
3341,2019-10-10,5770.0,5810.0,5760.0,5810.0,2061.0
3342,2019-10-10,5760.0,5820.0,5750.0,5820.0,1514.0
3343,2019-10-11,5880.0,5880.0,5840.0,5880.0,1939.0
3344,2019-10-11,5890.0,5890.0,5890.0,5890.0,256.0
3345,2019-10-11,5820.0,5900.0,5820.0,5900.0,2432.0
3346,2019-10-11,5870.0,5880.0,5840.0,5840.0,485.0
3347,2019-10-14,5910.0,5930.0,5910.0,5920.0,1576.0
3348,2019-10-14,5920.0,5940.0,5860.0,5920.0,1719.0
3349,2019-10-14,5930.0,5930.0,5930.0,5930.0,471.0
3350,2019-10-14,5890.0,5910.0,5850.0,5910.0,3544.0
3351,2019-10-15,5950.0,5950.0,5840.0,5910.0,1749.0
3352,2019-10-15,5850.0,5910.0,5850.0,5900.0,3.0
3353,2019-10-15,5900.0,5930.0,5840.0,5910.0,2220.0
3354,2019-10-15,5910.0,5930.0,5840.0,5930.0,654.0
3355,2019-10-16,5930.0,5930.0,5930.0,5930.0,50.0
3356,2019-10-16,5900.0,5940.0,5870.0,5940.0,1567.0
3357,2019-10-16,5900.0,5940.0,5900.0,5930.0,604.0
3358,2019-10-16,5930.0,6000.0,5900.0,5950.0,748.0
3359,2019-10-17,5930.0,5950.0,5890.0,5930.0,2627.0
3360,2019-10-17,5920.0,5920.0,5860.0,5920.0,1169.0
3361,2019-10-17,5920.0,5920.0,5860.0,5920.0,43.0
3362,2019-10-17,5920.0,5920.0,5920.0,5920.0,333.0
3363,2019-10-18,5900.0,5920.0,5900.0,5920.0,1100.0
3364,2019-10-18,5910.0,5910.0,5860.0,5910.0,222.0
3365,2019-10-18,5920.0,5940.0,5920.0,5920.0,998.0
3366,2019-10-18,5910.0,5910.0,5910.0,5910.0,7.0
3367,2019-10-21,5920.0,5930.0,5860.0,5880.0,1013.0
3368,2019-10-21,5880.0,5930.0,5880.0,5930.0,1641.0
3369,2019-10-21,5930.0,5930.0,5890.0,5930.0,3380.0
3370,2019-10-21,5930.0,5980.0,5930.0,5930.0,3981.0
3371,2019-10-22,5950.0,5950.0,5860.0,5870.0,1517.0
3372,2019-10-22,5900.0,5900.0,5880.0,5900.0,253.0
3373,2019-10-22,5900.0,5900.0,5870.0,5890.0,407.0
3374,2019-10-22,5890.0,5900.0,5890.0,5900.0,631.0
3375,2019-10-23,5840.0,5880.0,5840.0,5880.0,105.0
3376,2019-10-23,5950.0,5950.0,5840.0,5890.0,3186.0
3377,2019-10-23,5880.0,5890.0,5840.0,5880.0,2714.0
3378,2019-10-23,5840.0,5880.0,5840.0,5880.0,223.0
3379,2019-10-24,5970.0,5970.0,5850.0,5880.0,97.0
3380,2019-10-24,5850.0,5880.0,5810.0,5880.0,1741.0
3381,2019-10-24,5820.0,5880.0,5820.0,5870.0,1304.0
3382,2019-10-24,5870.0,5880.0,5790.0,5880.0,5261.0
3383,2019-10-25,5840.0,5860.0,5840.0,5850.0,173.0
3384,2019-10-25,5830.0,5850.0,5790.0,5840.0,4531.0
3385,2019-10-25,5900.0,5930.0,5830.0,5880.0,1372.0
3386,2019-10-25,5880.0,5880.0,5800.0,5850.0,2608.0
3387,2019-10-28,5830.0,5830.0,5790.0,5820.0,812.0
3388,2019-10-28,5810.0,5830.0,5810.0,5830.0,953.0
3389,2019-10-28,5900.0,5900.0,5770.0,5830.0,3986.0
3390,2019-10-28,5820.0,5830.0,5820.0,5830.0,1263.0
3391,2019-10-29,5830.0,5840.0,5820.0,5820.0,218.0
3392,2019-10-29,5870.0,5870.0,5740.0,5840.0,6395.0
3393,2019-10-29,5820.0,5820.0,5820.0,5820.0,18.0
3394,2019-10-29,5820.0,5840.0,5820.0,5840.0,85.0
3395,2019-10-30,5890.0,5890.0,5820.0,5840.0,707.0
3396,2019-10-30,5820.0,5850.0,5770.0,5850.0,2760.0
3397,2019-10-30,5850.0,5850.0,5850.0,5850.0,102.0
3398,2019-10-30,5840.0,5850.0,5840.0,5850.0,2129.0
3399,2019-10-31,5850.0,5940.0,5850.0,5880.0,3048.0
3400,2019-10-31,5860.0,5880.0,5850.0,5880.0,289.0
3401,2019-10-31,5840.0,5850.0,5790.0,5850.0,1233.0
3402,2019-10-31,5840.0,5860.0,5840.0,5860.0,104.0
3403,2019-11-01,5890.0,5890.0,5790.0,5850.0,1532.0
3404,2019-11-01,5790.0,5850.0,5700.0,5760.0,9819.0
3405,2019-11-01,5760.0,5900.0,5760.0,5900.0,1098.0
3406,2019-11-04,5830.0,5850.0,5780.0,5780.0,936.0
3407,2019-11-04,5820.0,5830.0,5820.0,5830.0,474.0
3408,2019-11-04,5920.0,5930.0,5840.0,5900.0,2735.0
3409,2019-11-04,5890.0,5900.0,5770.0,5780.0,5062.0
3410,2019-11-05,5830.0,5830.0,5760.0,5780.0,4554.0
3411,2019-11-05,5800.0,5800.0,5770.0,5800.0,2073.0
3412,2019-11-05,5770.0,5770.0,5730.0,5730.0,5943.0
3413,2019-11-05,5750.0,5780.0,5750.0,5780.0,122.0
3414,2019-11-06,5780.0,5780.0,5720.0,5780.0,2246.0
3415,2019-11-06,5760.0,5760.0,5760.0,5760.0,65.0
3416,2019-11-06,5750.0,5790.0,5710.0,5790.0,3828.0
3417,2019-11-06,5740.0,5800.0,5730.0,5800.0,338.0
3418,2019-11-07,5770.0,5770.0,5720.0,5770.0,1506.0
3419,2019-11-07,5800.0,5800.0,5720.0,5800.0,3061.0
3420,2019-11-07,5800.0,5800.0,5800.0,5800.0,8.0
3421,2019-11-07,5800.0,5800.0,5690.0,5720.0,7777.0
3422,2019-11-08,5770.0,5800.0,5720.0,5720.0,309.0
3423,2019-11-08,5730.0,5790.0,5730.0,5790.0,320.0
3424,2019-11-08,5780.0,5780.0,5730.0,5730.0,581.0
3425,2019-11-08,5780.0,5810.0,5780.0,5810.0,447.0
3426,2019-11-11,5790.0,5840.0,5780.0,5840.0,213.0
3427,2019-11-11,5860.0,5860.0,5770.0,5820.0,726.0
3428,2019-11-11,5930.0,5930.0,5790.0,5860.0,2379.0
3429,2019-11-11,5830.0,5840.0,5770.0,5840.0,2779.0
3430,2019-11-12,5840.0,5840.0,5790.0,5800.0,609.0
3431,2019-11-12,5830.0,5830.0,5790.0,5820.0,353.0
3432,2019-11-12,5780.0,5840.0,5760.0,5840.0,829.0
3433,2019-11-12,5840.0,5840.0,5840.0,5840.0,201.0
3434,2019-11-13,5890.0,5890.0,5810.0,5860.0,3940.0
3435,2019-11-13,5830.0,5860.0,5820.0,5860.0,118.0
3436,2019-11-13,5860.0,5860.0,5790.0,5850.0,1211.0
3437,2019-11-13,5830.0,5860.0,5810.0,5860.0,302.0
3438,2019-11-14,5830.0,5850.0,5830.0,5850.0,154.0
3439,2019-11-14,5860.0,5880.0,5810.0,5880.0,8960.0
3440,2019-11-14,5850.0,5880.0,5850.0,5850.0,406.0
3441,2019-11-14,5850.0,5850.0,5770.0,5830.0,5772.0
3442,2019-11-15,5870.0,5870.0,5730.0,5840.0,8380.0
3443,2019-11-15,5830.0,5850.0,5770.0,5830.0,663.0
3444,2019-11-15,5780.0,5820.0,5730.0,5780.0,3247.0
3445,2019-11-15,5780.0,5830.0,5780.0,5820.0,460.0
3446,2019-11-18,5800.0,5820.0,5800.0,5820.0,2403.0
3447,2019-11-18,5820.0,5820.0,5700.0,5810.0,4517.0
3448,2019-11-18,5770.0,5800.0,5770.0,5780.0,121.0
3449,2019-11-18,5770.0,5800.0,5750.0,5800.0,2538.0
3450,2019-11-19,5870.0,5870.0,5790.0,5790.0,1138.0
3451,2019-11-19,5840.0,5840.0,5800.0,5830.0,1053.0
3452,2019-11-19,5810.0,5810.0,5800.0,5800.0,2090.0
3453,2019-11-19,5810.0,5810.0,5790.0,5810.0,2114.0
3454,2019-11-20,5770.0,5810.0,5770.0,5810.0,2104.0
3455,2019-11-20,5780.0,5810.0,5750.0,5750.0,2996.0
3456,2019-11-20,5750.0,5800.0,5720.0,5770.0,3640.0
3457,2019-11-20,5740.0,5810.0,5740.0,5810.0,398.0
3458,2019-11-21,5810.0,5810.0,5660.0,5670.0,11159.0
3459,2019-11-21,5670.0,5900.0,5670.0,5810.0,4516.0
3460,2019-11-21,5820.0,5850.0,5810.0,5840.0,7040.0
3461,2019-11-21,5800.0,5840.0,5800.0,5840.0,1087.0
3462,2019-11-22,5910.0,5910.0,5840.0,5890.0,1613.0
3463,2019-11-22,5850.0,5890.0,5850.0,5890.0,1483.0
3464,2019-11-22,5880.0,5920.0,5830.0,5920.0,4430.0
3465,2019-11-22,5900.0,5920.0,5860.0,5920.0,4682.0
3466,2019-11-25,6010.0,6040.0,6000.0,6040.0,6770.0
3467,2019-11-25,6060.0,6070.0,6060.0,6070.0,2658.0
3468,2019-11-25,5930.0,6010.0,5910.0,6010.0,8670.0
3469,2019-11-25,6040.0,6060.0,6020.0,6060.0,4246.0
3470,2019-11-26,6100.0,6100.0,5950.0,6000.0,6817.0
3471,2019-11-26,5990.0,6010.0,5970.0,5970.0,2488.0
3472,2019-11-26,5980.0,6050.0,5970.0,6050.0,2302.0
3473,2019-11-26,5990.0,6040.0,5980.0,6040.0,3981.0
3474,2019-11-27,6040.0,6090.0,5960.0,6000.0,1880.0
3475,2019-11-27,5970.0,6010.0,5960.0,6010.0,5621.0
3476,2019-11-27,6020.0,6030.0,5970.0,5990.0,1903.0
3477,2019-11-27,5990.0,5990.0,5970.0,5990.0,3187.0
3478,2019-11-28,5990.0,6060.0,5990.0,6010.0,2803.0
3479,2019-11-28,6000.0,6010.0,5850.0,5960.0,3523.0
3480,2019-11-28,5960.0,6000.0,5950.0,5950.0,3620.0
3481,2019-11-28,5950.0,6000.0,5950.0,6000.0,2350.0
3482,2019-11-29,5760.0,5830.0,5760.0,5770.0,5195.0
3483,2019-11-29,5770.0,6000.0,5770.0,6000.0,5187.0
3484,2019-11-29,6000.0,6000.0,5850.0,5900.0,3790.0
3485,2019-11-29,5850.0,5900.0,5770.0,5770.0,7223.0
3486,2019-12-02,6000.0,6000.0,5920.0,5920.0,4871.0
3487,2019-12-02,5920.0,5920.0,5900.0,5920.0,1702.0
3488,2019-12-02,5920.0,5920.0,5870.0,5870.0,2450.0
3489,2019-12-02,5860.0,5900.0,5860.0,5900.0,763.0
3490,2019-12-03,5810.0,5890.0,5810.0,5810.0,1359.0
3491,2019-12-03,5820.0,5850.0,5820.0,5850.0,588.0
3492,2019-12-03,5840.0,5850.0,5840.0,5850.0,744.0
3493,2019-12-03,5860.0,5870.0,5860.0,5870.0,1205.0
3494,2019-12-04,5730.0,5750.0,5730.0,5740.0,435.0
3495,2019-12-04,5810.0,5850.0,5720.0,5720.0,5722.0
3496,2019-12-04,5770.0,5780.0,5680.0,5760.0,15755.0
3497,2019-12-04,5720.0,5750.0,5720.0,5750.0,594.0
3498,2019-12-05,5740.0,5800.0,5710.0,5780.0,1498.0
3499,2019-12-05,5780.0,5780.0,5600.0,5660.0,3011.0
3500,2019-12-05,5670.0,5790.0,5650.0,5760.0,832.0
3501,2019-12-05,5720.0,5760.0,5660.0,5760.0,475.0
3502,2019-12-06,5760.0,5780.0,5720.0,5770.0,422.0
3503,2019-12-06,5740.0,5780.0,5730.0,5780.0,52.0
3504,2019-12-06,5790.0,5800.0,5710.0,5720.0,2174.0
3505,2019-12-06,5760.0,5760.0,5730.0,5760.0,186.0
3506,2019-12-09,5680.0,5810.0,5680.0,5770.0,3176.0
3507,2019-12-09,5740.0,5770.0,5700.0,5760.0,648.0
3508,2019-12-09,5710.0,5770.0,5710.0,5770.0,240.0
3509,2019-12-09,5780.0,5800.0,5780.0,5800.0,1400.0
3510,2019-12-10,5800.0,5800.0,5700.0,5800.0,2655.0
3511,2019-12-10,5790.0,5790.0,5790.0,5790.0,1.0
3512,2019-12-10,5730.0,5780.0,5700.0,5780.0,2996.0
3513,2019-12-10,5790.0,5900.0,5790.0,5810.0,5874.0
3514,2019-12-11,5790.0,5810.0,5790.0,5810.0,48.0
3515,2019-12-11,5810.0,5830.0,5800.0,5820.0,876.0
3516,2019-12-11,5820.0,5820.0,5820.0,5820.0,100.0
3517,2019-12-11,5800.0,5820.0,5790.0,5810.0,419.0
3518,2019-12-12,5810.0,5820.0,5790.0,5800.0,237.0
3519,2019-12-12,5780.0,5780.0,5700.0,5740.0,5016.0
3520,2019-12-12,5700.0,5770.0,5700.0,5760.0,3832.0
3521,2019-12-12,5740.0,5760.0,5740.0,5740.0,302.0
3522,2019-12-13,5760.0,5760.0,5760.0,5760.0,300.0
3523,2019-12-13,5740.0,5790.0,5680.0,5740.0,3677.0
3524,2019-12-13,5680.0,5740.0,5680.0,5740.0,3092.0
3525,2019-12-13,5740.0,5770.0,5720.0,5770.0,691.0
3526,2019-12-16,5710.0,5770.0,5700.0,5760.0,2951.0
3527,2019-12-16,5700.0,5730.0,5690.0,5730.0,1432.0
3528,2019-12-16,5730.0,5740.0,5670.0,5720.0,6071.0
3529,2019-12-16,5720.0,5720.0,5720.0,5720.0,1115.0
3530,2019-12-17,5740.0,5750.0,5610.0,5690.0,12586.0
3531,2019-12-17,5700.0,5700.0,5670.0,5670.0,3858.0
3532,2019-12-17,5700.0,5720.0,5700.0,5720.0,2387.0
3533,2019-12-17,5720.0,5730.0,5720.0,5720.0,12.0
3534,2019-12-18,5720.0,5750.0,5700.0,5750.0,2208.0
3535,2019-12-18,5720.0,5750.0,5690.0,5750.0,3138.0
3536,2019-12-18,5710.0,5750.0,5680.0,5710.0,2854.0
3537,2019-12-18,5710.0,5750.0,5710.0,5750.0,643.0
3538,2019-12-19,5810.0,5840.0,5810.0,5840.0,1324.0
3539,2019-12-19,5740.0,5950.0,5730.0,5810.0,6837.0
3540,2019-12-19,5790.0,5790.0,5730.0,5770.0,397.0
3541,2019-12-19,5820.0,5900.0,5780.0,5820.0,8012.0
3542,2019-12-20,5760.0,5810.0,5730.0,5760.0,1479.0
3543,2019-12-20,5750.0,5770.0,5750.0,5770.0,762.0
3544,2019-12-20,5850.0,5850.0,5760.0,5760.0,2749.0
3545,2019-12-20,5760.0,5780.0,5750.0,5750.0,3163.0
3546,2019-12-23,5770.0,5770.0,5700.0,5760.0,3381.0
3547,2019-12-23,5760.0,5760.0,5710.0,5760.0,804.0
3548,2019-12-23,5720.0,5730.0,5700.0,5720.0,2111.0
3549,2019-12-23,5720.0,5740.0,5700.0,5740.0,131.0
3550,2019-12-24,5770.0,5780.0,5690.0,5730.0,1681.0
3551,2019-12-24,5690.0,5730.0,5680.0,5700.0,4132.0
3552,2019-12-24,5700.0,5720.0,5650.0,5710.0,9091.0
3553,2019-12-24,5700.0,5710.0,5650.0,5700.0,882.0
3554,2019-12-26,5700.0,5730.0,5630.0,5700.0,7274.0
3555,2019-12-26,5690.0,5750.0,5690.0,5750.0,518.0
3556,2019-12-26,5750.0,5750.0,5700.0,5710.0,2389.0
3557,2019-12-26,5710.0,5740.0,5710.0,5740.0,389.0
3558,2019-12-27,5760.0,5760.0,5760.0,5760.0,657.0
3559,2019-12-27,5750.0,5750.0,5720.0,5750.0,1800.0
3560,2019-12-27,5750.0,5770.0,5740.0,5740.0,2111.0
3561,2019-12-27,5770.0,5790.0,5710.0,5790.0,2899.0
3562,2019-12-30,5750.0,5760.0,5690.0,5760.0,799.0
3563,2019-12-30,5690.0,5800.0,5690.0,5790.0,2145.0
3564,2019-12-30,5770.0,5780.0,5730.0,5770.0,3423.0
3565,2019-12-30,5770.0,5770.0,5690.0,5760.0,5070.0
3566,2020-01-02,6100.0,6390.0,5640.0,5880.0,242039.0
3567,2020-01-02,5870.0,5990.0,5850.0,5910.0,23166.0
3568,2020-01-02,5930.0,5950.0,5850.0,5850.0,34507.0
3569,2020-01-03,5940.0,5980.0,5910.0,5940.0,7940.0
3570,2020-01-03,5940.0,5960.0,5860.0,5920.0,18015.0
3571,2020-01-03,5920.0,6000.0,5920.0,6000.0,11851.0
3572,2020-01-03,5870.0,6060.0,5870.0,5920.0,50656.0
3573,2020-01-06,5920.0,5980.0,5760.0,5870.0,20331.0
3574,2020-01-06,5930.0,5950.0,5840.0,5930.0,4715.0
3575,2020-01-06,5930.0,5940.0,5850.0,5850.0,11087.0
3576,2020-01-06,5860.0,5910.0,5820.0,5910.0,6785.0
3577,2020-01-07,5830.0,5830.0,5770.0,5780.0,4913.0
3578,2020-01-07,5810.0,5880.0,5810.0,5880.0,4682.0
3579,2020-01-07,5860.0,5900.0,5800.0,5820.0,38382.0
3580,2020-01-07,5880.0,5890.0,5800.0,5830.0,18486.0
3581,2020-01-08,5890.0,5890.0,5580.0,5650.0,17099.0
3582,2020-01-08,5620.0,5700.0,5620.0,5690.0,11311.0
3583,2020-01-08,5690.0,5700.0,5600.0,5600.0,12125.0
3584,2020-01-08,5650.0,5680.0,5600.0,5600.0,2196.0
3585,2020-01-09,5620.0,5800.0,5620.0,5710.0,4933.0
3586,2020-01-09,5750.0,5780.0,5710.0,5720.0,6073.0
3587,2020-01-09,5770.0,5780.0,5700.0,5750.0,6290.0
3588,2020-01-09,5750.0,5810.0,5750.0,5800.0,7795.0
3589,2020-01-10,5860.0,5870.0,5790.0,5790.0,2175.0
3590,2020-01-10,5800.0,5850.0,5700.0,5760.0,9806.0
3591,2020-01-10,5760.0,5820.0,5750.0,5820.0,1778.0
3592,2020-01-10,5820.0,5860.0,5810.0,5860.0,7785.0
3593,2020-01-13,5790.0,5900.0,5790.0,5860.0,9742.0
3594,2020-01-13,5890.0,5890.0,5840.0,5880.0,443.0
3595,2020-01-13,5850.0,5860.0,5800.0,5850.0,1751.0
3596,2020-01-13,5850.0,5890.0,5820.0,5850.0,3444.0
3597,2020-01-14,6010.0,6010.0,5950.0,6010.0,3107.0
3598,2020-01-14,5800.0,5920.0,5800.0,5870.0,10459.0
3599,2020-01-14,5870.0,6080.0,5870.0,5980.0,46418.0
3600,2020-01-14,6000.0,6030.0,5900.0,6000.0,20102.0
3601,2020-01-15,6010.0,6020.0,5900.0,5910.0,24206.0
3602,2020-01-15,5970.0,5970.0,5850.0,5910.0,9615.0
3603,2020-01-15,5900.0,5920.0,5850.0,5890.0,7391.0
3604,2020-01-15,5880.0,5890.0,5850.0,5850.0,2167.0
3605,2020-01-16,5920.0,5950.0,5850.0,5900.0,3969.0
3606,2020-01-16,5880.0,5900.0,5820.0,5840.0,6248.0
3607,2020-01-16,5840.0,5900.0,5820.0,5900.0,2499.0
3608,2020-01-16,5880.0,5910.0,5850.0,5910.0,2791.0
3609,2020-01-17,5950.0,6260.0,5940.0,6070.0,201363.0
3610,2020-01-17,6070.0,6290.0,6070.0,6200.0,89120.0
3611,2020-01-17,6200.0,6250.0,6140.0,6190.0,25246.0
3612,2020-01-17,6170.0,6190.0,6140.0,6140.0,9827.0
3613,2020-01-20,6020.0,6040.0,5920.0,5920.0,1847.0
3614,2020-01-20,5980.0,6070.0,5910.0,6060.0,14010.0
3615,2020-01-20,6060.0,6100.0,5890.0,5950.0,61091.0
3616,2020-01-20,5940.0,5980.0,5920.0,5950.0,8215.0
3617,2020-01-21,5930.0,5950.0,5840.0,5900.0,3017.0
3618,2020-01-21,5900.0,5920.0,5780.0,5890.0,11726.0
3619,2020-01-21,5870.0,5870.0,5800.0,5850.0,1118.0
3620,2020-01-21,5940.0,6040.0,5770.0,5940.0,24547.0
3621,2020-01-22,5840.0,5940.0,5790.0,5830.0,18694.0
3622,2020-01-22,5830.0,5870.0,5800.0,5840.0,3960.0
3623,2020-01-22,5860.0,5900.0,5840.0,5860.0,3708.0
3624,2020-01-22,5860.0,5880.0,5840.0,5880.0,1847.0
3625,2020-01-23,5840.0,5860.0,5840.0,5860.0,1166.0
3626,2020-01-23,5870.0,5870.0,5790.0,5810.0,6089.0
3627,2020-01-23,5820.0,5860.0,5820.0,5820.0,1838.0
3628,2020-01-23,5870.0,5880.0,5800.0,5870.0,6701.0
3629,2020-01-28,5680.0,5800.0,5600.0,5690.0,25140.0
3630,2020-01-28,5690.0,5740.0,5610.0,5700.0,15387.0
3631,2020-01-28,5700.0,5720.0,5660.0,5710.0,3962.0
3632,2020-01-28,5670.0,5710.0,5670.0,5710.0,1084.0
3633,2020-01-29,5770.0,5790.0,5770.0,5780.0,341.0
3634,2020-01-29,5780.0,5790.0,5740.0,5770.0,3555.0
3635,2020-01-29,5710.0,5790.0,5600.0,5720.0,9370.0
3636,2020-01-29,5760.0,5790.0,5740.0,5780.0,5552.0
3637,2020-01-30,5800.0,5800.0,5730.0,5730.0,4538.0
3638,2020-01-30,5780.0,5790.0,5720.0,5720.0,7987.0
3639,2020-01-30,5730.0,5760.0,5690.0,5700.0,10741.0
3640,2020-01-30,5700.0,5720.0,5640.0,5640.0,4703.0
3641,2020-01-31,5650.0,5790.0,5650.0,5780.0,5293.0
3642,2020-01-31,5730.0,5750.0,5600.0,5650.0,4343.0
3643,2020-01-31,5650.0,5700.0,5610.0,5680.0,6646.0
3644,2020-01-31,5620.0,5670.0,5600.0,5600.0,3562.0
3645,2020-02-03,5600.0,5630.0,5600.0,5620.0,780.0
3646,2020-02-03,5450.0,5630.0,5420.0,5570.0,22404.0
3647,2020-02-03,5580.0,5630.0,5540.0,5610.0,3013.0
3648,2020-02-03,5610.0,5630.0,5540.0,5590.0,2228.0
3649,2020-02-04,5620.0,5760.0,5620.0,5720.0,2346.0
3650,2020-02-04,5720.0,5720.0,5630.0,5630.0,1533.0
3651,2020-02-04,5630.0,5670.0,5550.0,5600.0,4059.0
3652,2020-02-04,5600.0,5650.0,5600.0,5650.0,824.0
3653,2020-02-05,5690.0,5690.0,5660.0,5690.0,69.0
3654,2020-02-05,5740.0,5740.0,5650.0,5670.0,5270.0
3655,2020-02-05,5670.0,5710.0,5660.0,5660.0,2411.0
3656,2020-02-05,5700.0,5710.0,5650.0,5650.0,890.0
3657,2020-02-06,5730.0,5730.0,5670.0,5680.0,1722.0
3658,2020-02-06,5690.0,5710.0,5680.0,5690.0,1333.0
3659,2020-02-06,5690.0,5730.0,5670.0,5710.0,10404.0
3660,2020-02-06,5710.0,5710.0,5670.0,5670.0,418.0
3661,2020-02-07,5670.0,5710.0,5600.0,5630.0,4523.0
3662,2020-02-07,5650.0,5690.0,5650.0,5690.0,492.0
3663,2020-02-07,5660.0,5680.0,5600.0,5680.0,2248.0
3664,2020-02-07,5670.0,5680.0,5630.0,5680.0,1677.0
3665,2020-02-10,5640.0,5660.0,5640.0,5660.0,226.0
3666,2020-02-10,5640.0,5680.0,5610.0,5660.0,400.0
3667,2020-02-10,5660.0,5670.0,5560.0,5600.0,1110.0
3668,2020-02-10,5640.0,5660.0,5600.0,5660.0,1378.0
3669,2020-02-11,5630.0,5690.0,5630.0,5650.0,1711.0
3670,2020-02-11,5640.0,5680.0,5620.0,5670.0,2640.0
3671,2020-02-11,5670.0,5680.0,5640.0,5650.0,669.0
3672,2020-02-11,5670.0,5700.0,5670.0,5690.0,2464.0
3673,2020-02-12,5660.0,5700.0,5650.0,5700.0,136.0
3674,2020-02-12,5690.0,5690.0,5620.0,5680.0,1935.0
3675,2020-02-12,5690.0,5710.0,5670.0,5700.0,4263.0
3676,2020-02-12,5680.0,5700.0,5650.0,5700.0,4054.0
3677,2020-02-13,5700.0,5720.0,5640.0,5650.0,7018.0
3678,2020-02-13,5650.0,5670.0,5650.0,5670.0,1432.0
3679,2020-02-13,5670.0,5690.0,5630.0,5690.0,3460.0
3680,2020-02-13,5640.0,5690.0,5620.0,5690.0,1149.0
3681,2020-02-14,5620.0,5690.0,5620.0,5690.0,1063.0
3682,2020-02-14,5680.0,5700.0,5680.0,5680.0,1943.0
3683,2020-02-14,5700.0,5710.0,5660.0,5690.0,1872.0
3684,2020-02-14,5700.0,5700.0,5700.0,5700.0,158.0
3685,2020-02-17,5720.0,5720.0,5640.0,5640.0,3043.0
3686,2020-02-17,5640.0,5680.0,5630.0,5680.0,1615.0
3687,2020-02-17,5670.0,5680.0,5630.0,5640.0,959.0
3688,2020-02-17,5660.0,5700.0,5660.0,5700.0,456.0
3689,2020-02-18,5600.0,5630.0,5580.0,5590.0,4972.0
3690,2020-02-18,5600.0,5620.0,5590.0,5600.0,968.0
3691,2020-02-18,5640.0,5720.0,5600.0,5690.0,4756.0
3692,2020-02-18,5670.0,5670.0,5550.0,5600.0,7014.0
3693,2020-02-19,5630.0,5680.0,5610.0,5610.0,976.0
3694,2020-02-19,5630.0,5650.0,5630.0,5650.0,104.0
3695,2020-02-19,5580.0,5660.0,5580.0,5630.0,2993.0
3696,2020-02-19,5670.0,5670.0,5650.0,5660.0,1515.0
3697,2020-02-20,5600.0,5620.0,5590.0,5620.0,115.0
3698,2020-02-20,5610.0,5680.0,5600.0,5600.0,2367.0
3699,2020-02-20,5600.0,5660.0,5590.0,5660.0,3198.0
3700,2020-02-20,5660.0,5670.0,5590.0,5630.0,1729.0
3701,2020-02-21,5570.0,5610.0,5560.0,5590.0,1324.0
3702,2020-02-21,5580.0,5600.0,5550.0,5600.0,2852.0
3703,2020-02-21,5560.0,5620.0,5520.0,5580.0,2883.0
3704,2020-02-21,5560.0,5610.0,5560.0,5570.0,1242.0
3705,2020-02-24,5570.0,5580.0,5430.0,5470.0,5448.0
3706,2020-02-24,5450.0,5530.0,5420.0,5510.0,9116.0
3707,2020-02-24,5510.0,5530.0,5440.0,5460.0,2803.0
3708,2020-02-24,5460.0,5460.0,5400.0,5430.0,2157.0
3709,2020-02-25,5220.0,5520.0,5220.0,5460.0,10339.0
3710,2020-02-25,5470.0,5530.0,5430.0,5530.0,13105.0
3711,2020-02-25,5530.0,5580.0,5530.0,5530.0,1142.0
3712,2020-02-25,5450.0,5510.0,5410.0,5470.0,11413.0
3713,2020-02-26,5640.0,5840.0,5420.0,5460.0,27576.0
3714,2020-02-26,5500.0,5560.0,5440.0,5470.0,2261.0
3715,2020-02-26,5460.0,5500.0,5430.0,5500.0,3986.0
3716,2020-02-26,5450.0,5480.0,5450.0,5480.0,528.0
3717,2020-02-27,5350.0,5420.0,5260.0,5370.0,3590.0
3718,2020-02-27,5460.0,5460.0,5410.0,5430.0,1434.0
3719,2020-02-27,5410.0,5410.0,5240.0,5360.0,5174.0
3720,2020-02-27,5520.0,5520.0,5450.0,5490.0,751.0
3721,2020-02-28,5360.0,5360.0,5160.0,5260.0,10847.0
3722,2020-02-28,5200.0,5260.0,5000.0,5090.0,7727.0
3723,2020-02-28,5070.0,5210.0,5070.0,5080.0,5112.0
3724,2020-02-28,5090.0,5150.0,5070.0,5120.0,1651.0
3725,2020-03-02,5120.0,5150.0,4950.0,5080.0,21013.0
3726,2020-03-02,5070.0,5120.0,5060.0,5120.0,1584.0
3727,2020-03-02,5120.0,5120.0,5090.0,5120.0,2458.0
3728,2020-03-02,5090.0,5090.0,5050.0,5050.0,2543.0
3729,2020-03-03,5180.0,5220.0,5120.0,5190.0,12888.0
3730,2020-03-03,5190.0,5200.0,5150.0,5200.0,831.0
3731,2020-03-03,5200.0,5280.0,5180.0,5220.0,2964.0
3732,2020-03-03,5200.0,5220.0,5200.0,5200.0,2077.0
3733,2020-03-04,5430.0,5430.0,5340.0,5400.0,2511.0
3734,2020-03-04,5430.0,5490.0,5390.0,5450.0,3285.0
3735,2020-03-04,5260.0,5380.0,5150.0,5320.0,6070.0
3736,2020-03-04,5360.0,5450.0,5350.0,5430.0,17566.0
3737,2020-03-05,5490.0,5520.0,5440.0,5510.0,4142.0
3738,2020-03-05,5470.0,5540.0,5470.0,5520.0,4754.0
3739,2020-03-05,5520.0,5520.0,5450.0,5500.0,2544.0
3740,2020-03-05,5470.0,5500.0,5470.0,5500.0,340.0
3741,2020-03-06,5560.0,5560.0,5390.0,5430.0,9869.0
3742,2020-03-06,5390.0,5410.0,5350.0,5350.0,835.0
3743,2020-03-06,5360.0,5370.0,5290.0,5350.0,4100.0
3744,2020-03-06,5340.0,5410.0,5340.0,5410.0,268.0
3745,2020-03-09,5240.0,5240.0,5190.0,5220.0,619.0
3746,2020-03-09,5450.0,5490.0,5220.0,5240.0,22890.0
3747,2020-03-09,5240.0,5290.0,5210.0,5230.0,9969.0
3748,2020-03-09,5260.0,5270.0,5190.0,5190.0,2835.0
3749,2020-03-10,5220.0,5220.0,5000.0,5050.0,29742.0
3750,2020-03-10,5050.0,5110.0,5000.0,5010.0,16712.0
3751,2020-03-10,5000.0,5120.0,4985.0,5110.0,5348.0
3752,2020-03-10,5110.0,5200.0,5060.0,5060.0,2375.0
3753,2020-03-11,4835.0,4855.0,4825.0,4855.0,3283.0
3754,2020-03-11,5070.0,5130.0,4945.0,4980.0,10198.0
3755,2020-03-11,4980.0,5000.0,4920.0,4945.0,9416.0
3756,2020-03-11,4940.0,4955.0,4735.0,4825.0,27863.0
3757,2020-03-12,4670.0,4845.0,4640.0,4700.0,28600.0
3758,2020-03-12,4700.0,4715.0,4480.0,4505.0,18251.0
3759,2020-03-12,4510.0,4585.0,4455.0,4575.0,12303.0
3760,2020-03-12,4545.0,4545.0,4495.0,4500.0,8683.0
3761,2020-03-13,4340.0,4340.0,3740.0,3795.0,17954.0
3762,2020-03-13,3730.0,3870.0,3540.0,3750.0,8253.0
3763,2020-03-13,3640.0,3935.0,3605.0,3930.0,13222.0
3764,2020-03-13,3920.0,3925.0,3800.0,3925.0,4125.0
3765,2020-03-16,3900.0,4170.0,3750.0,3900.0,24757.0
3766,2020-03-16,3910.0,3915.0,3760.0,3850.0,7249.0
3767,2020-03-16,3815.0,3815.0,3660.0,3695.0,16965.0
3768,2020-03-16,3695.0,3705.0,3575.0,3575.0,7148.0
3769,2020-03-17,3345.0,3700.0,3150.0,3700.0,20291.0
3770,2020-03-17,3350.0,3405.0,3295.0,3405.0,12324.0
3771,2020-03-17,3330.0,3365.0,3200.0,3350.0,16410.0
3772,2020-03-17,3075.0,3460.0,3075.0,3380.0,41484.0
3773,2020-03-18,3845.0,3860.0,3840.0,3840.0,5848.0
3774,2020-03-18,4000.0,4000.0,3775.0,3830.0,27050.0
3775,2020-03-18,3780.0,3890.0,3780.0,3880.0,9355.0
3776,2020-03-18,3845.0,3905.0,3840.0,3840.0,40713.0
3777,2020-03-19,3690.0,3745.0,3675.0,3675.0,26299.0
3778,2020-03-19,3685.0,3725.0,3685.0,3725.0,6630.0
3779,2020-03-19,3840.0,3980.0,3650.0,3685.0,30952.0
3780,2020-03-19,3675.0,3790.0,3675.0,3685.0,38359.0
3781,2020-03-20,3595.0,4035.0,3595.0,3965.0,5252.0
3782,2020-03-20,3970.0,4075.0,3970.0,4015.0,5818.0
3783,2020-03-20,4010.0,4090.0,4005.0,4090.0,12470.0
3784,2020-03-20,4080.0,4090.0,4010.0,4090.0,14412.0
3785,2020-03-23,4085.0,4085.0,3705.0,4050.0,17346.0
3786,2020-03-23,3995.0,4060.0,3995.0,4050.0,6940.0
3787,2020-03-23,4050.0,4090.0,4040.0,4080.0,9517.0
3788,2020-03-23,4055.0,4055.0,3970.0,4000.0,36170.0
3789,2020-03-24,4300.0,4305.0,4050.0,4235.0,17497.0
3790,2020-03-24,4235.0,4245.0,4155.0,4180.0,59632.0
3791,2020-03-24,4175.0,4190.0,4160.0,4190.0,41939.0
3792,2020-03-24,4175.0,4270.0,4145.0,4145.0,20745.0
3793,2020-03-25,4435.0,4475.0,4430.0,4435.0,12742.0
3794,2020-03-25,4350.0,4490.0,4350.0,4420.0,7749.0
3795,2020-03-25,4400.0,4495.0,4395.0,4430.0,8617.0
3796,2020-03-25,4290.0,4350.0,4200.0,4350.0,9336.0
3797,2020-03-26,4600.0,4600.0,4430.0,4535.0,13168.0
3798,2020-03-26,4535.0,4645.0,4535.0,4640.0,6226.0
3799,2020-03-26,4640.0,4790.0,4605.0,4765.0,12340.0
3800,2020-03-26,4715.0,4760.0,4700.0,4700.0,5371.0
3801,2020-03-27,4805.0,4860.0,4730.0,4780.0,12333.0
3802,2020-03-27,4765.0,4805.0,4765.0,4775.0,19339.0
3803,2020-03-27,4800.0,4800.0,4740.0,4785.0,26610.0
3804,2020-03-27,4775.0,4785.0,4770.0,4785.0,910.0
3805,2020-03-30,4730.0,4765.0,4530.0,4730.0,35724.0
3806,2020-03-30,4700.0,4730.0,4660.0,4715.0,45425.0
3807,2020-03-30,4670.0,4725.0,4660.0,4720.0,5313.0
3808,2020-03-30,4720.0,4740.0,4720.0,4740.0,2403.0
3809,2020-03-31,4810.0,4810.0,4790.0,4810.0,3009.0
3810,2020-03-31,4810.0,4815.0,4785.0,4785.0,7778.0
3811,2020-03-31,4840.0,4840.0,4750.0,4785.0,33080.0
3812,2020-03-31,4810.0,4810.0,4785.0,4810.0,2329.0
3813,2020-04-01,4995.0,4995.0,4785.0,4840.0,7525.0
3814,2020-04-01,4830.0,4845.0,4805.0,4805.0,1331.0
3815,2020-04-01,4835.0,4890.0,4795.0,4830.0,28238.0
3816,2020-04-01,4825.0,4855.0,4825.0,4825.0,19085.0
3817,2020-04-02,4825.0,5000.0,4715.0,4830.0,7681.0
3818,2020-04-02,4870.0,4875.0,4840.0,4855.0,855.0
3819,2020-04-02,4855.0,4950.0,4835.0,4900.0,17142.0
3820,2020-04-02,4910.0,4945.0,4900.0,4945.0,1490.0
3821,2020-04-03,5000.0,5000.0,5000.0,5000.0,656.0
3822,2020-04-03,5080.0,5080.0,4905.0,4995.0,11423.0
3823,2020-04-03,4995.0,4995.0,4955.0,4975.0,416.0
3824,2020-04-03,4965.0,5000.0,4950.0,4995.0,5873.0
3825,2020-04-06,5080.0,5300.0,5000.0,5180.0,12591.0
3826,2020-04-06,5230.0,5480.0,5180.0,5280.0,6064.0
3827,2020-04-06,5320.0,5370.0,5280.0,5310.0,7379.0
3828,2020-04-06,5350.0,5420.0,5320.0,5410.0,4898.0
3829,2020-04-07,5840.0,5840.0,5750.0,5800.0,8313.0
3830,2020-04-07,5480.0,5980.0,5480.0,5970.0,118357.0
3831,2020-04-07,5970.0,6200.0,5730.0,6060.0,99508.0
3832,2020-04-07,6060.0,6090.0,5690.0,5840.0,64399.0
3833,2020-04-08,5750.0,5750.0,5570.0,5680.0,18661.0
3834,2020-04-08,5680.0,5800.0,5630.0,5710.0,6356.0
3835,2020-04-08,5710.0,5790.0,5600.0,5650.0,17206.0
3836,2020-04-08,5650.0,5680.0,5500.0,5500.0,10238.0
3837,2020-04-09,5500.0,5790.0,5350.0,5420.0,36400.0
3838,2020-04-09,5350.0,5420.0,5330.0,5370.0,2536.0
3839,2020-04-09,5350.0,5360.0,5310.0,5340.0,7571.0
3840,2020-04-09,5350.0,5390.0,5320.0,5390.0,4180.0
3841,2020-04-10,5390.0,5390.0,5260.0,5320.0,8013.0
3842,2020-04-10,5250.0,5280.0,5170.0,5250.0,6022.0
3843,2020-04-10,5250.0,5250.0,5170.0,5170.0,1818.0
3844,2020-04-10,5170.0,5230.0,5110.0,5230.0,3575.0
3845,2020-04-13,5150.0,5190.0,5150.0,5180.0,444.0
3846,2020-04-13,5250.0,5260.0,5100.0,5170.0,331.0
3847,2020-04-13,5270.0,5270.0,5000.0,5150.0,10222.0
3848,2020-04-13,5150.0,5250.0,5060.0,5250.0,3027.0
3849,2020-04-14,5160.0,5210.0,5120.0,5200.0,1339.0
3850,2020-04-14,5180.0,5190.0,5100.0,5190.0,1252.0
3851,2020-04-14,5180.0,5240.0,5100.0,5160.0,2048.0
3852,2020-04-14,5180.0,5200.0,5170.0,5200.0,13042.0
3853,2020-04-16,5290.0,5290.0,5000.0,5150.0,11298.0
3854,2020-04-16,5180.0,5180.0,5120.0,5150.0,1927.0
3855,2020-04-16,5140.0,5460.0,5120.0,5320.0,8633.0
3856,2020-04-16,5350.0,5390.0,5320.0,5350.0,877.0
3857,2020-04-17,5490.0,5490.0,5320.0,5320.0,1332.0
3858,2020-04-17,5350.0,5520.0,5350.0,5370.0,3930.0
3859,2020-04-17,5360.0,5420.0,5300.0,5400.0,2791.0
3860,2020-04-17,5390.0,5400.0,5370.0,5400.0,1659.0
3861,2020-04-20,5420.0,5550.0,5420.0,5470.0,8083.0
3862,2020-04-20,5450.0,5610.0,5440.0,5580.0,7415.0
3863,2020-04-20,5550.0,5580.0,5480.0,5490.0,3162.0
3864,2020-04-20,5530.0,5550.0,5490.0,5550.0,1544.0
3865,2020-04-21,5380.0,5450.0,5280.0,5300.0,2404.0
3866,2020-04-21,5360.0,5400.0,5360.0,5400.0,644.0
3867,2020-04-21,5530.0,5610.0,5350.0,5470.0,10527.0
3868,2020-04-21,5460.0,5460.0,4925.0,5380.0,8629.0
3869,2020-04-22,5400.0,5430.0,5220.0,5370.0,7929.0
3870,2020-04-22,5330.0,5590.0,5330.0,5490.0,13429.0
3871,2020-04-22,5490.0,5650.0,5430.0,5580.0,9592.0
3872,2020-04-22,5610.0,5610.0,5560.0,5600.0,3112.0
3873,2020-04-23,5620.0,5740.0,5540.0,5700.0,9035.0
3874,2020-04-23,5690.0,5690.0,5570.0,5660.0,5572.0
3875,2020-04-23,5630.0,5680.0,5510.0,5570.0,2718.0
3876,2020-04-23,5560.0,5700.0,5500.0,5680.0,4595.0
3877,2020-04-24,5980.0,6090.0,5930.0,6040.0,24012.0
3878,2020-04-24,5640.0,5880.0,5530.0,5880.0,21318.0
3879,2020-04-24,5860.0,6800.0,5810.0,6140.0,218209.0
3880,2020-04-24,6100.0,6120.0,5830.0,5930.0,32853.0
3881,2020-04-27,6130.0,6140.0,5870.0,6060.0,47821.0
3882,2020-04-27,6050.0,6180.0,6000.0,6090.0,18203.0
3883,2020-04-27,6040.0,6090.0,5950.0,6000.0,11972.0
3884,2020-04-27,5980.0,6000.0,5970.0,5980.0,3003.0
3885,2020-04-28,5970.0,6010.0,5960.0,6010.0,2847.0
3886,2020-04-28,5910.0,5980.0,5900.0,5960.0,6995.0
3887,2020-04-28,5930.0,6140.0,5890.0,5970.0,35673.0
3888,2020-04-28,5960.0,6030.0,5950.0,6020.0,10829.0
3889,2020-04-29,6030.0,6790.0,6000.0,6330.0,241223.0
3890,2020-04-29,6340.0,6480.0,6320.0,6350.0,45953.0
3891,2020-04-29,6360.0,6570.0,6350.0,6490.0,41236.0
3892,2020-04-29,6490.0,6510.0,6370.0,6420.0,14837.0
3893,2020-05-04,6330.0,6410.0,6160.0,6260.0,41315.0
3894,2020-05-04,6260.0,6330.0,6220.0,6290.0,7979.0
3895,2020-05-04,6320.0,6330.0,6190.0,6260.0,17797.0
3896,2020-05-04,6250.0,6330.0,6220.0,6330.0,5610.0
3897,2020-05-06,6460.0,6490.0,6440.0,6490.0,5253.0
3898,2020-05-06,6330.0,6520.0,6300.0,6360.0,29321.0
3899,2020-05-06,6360.0,6470.0,6330.0,6430.0,11264.0
3900,2020-05-06,6430.0,6470.0,6400.0,6460.0,13673.0
3901,2020-05-07,6460.0,6530.0,6420.0,6500.0,13352.0
3902,2020-05-07,6490.0,6500.0,6420.0,6470.0,2155.0
3903,2020-05-07,6440.0,6470.0,6380.0,6440.0,6865.0
3904,2020-05-07,6430.0,6450.0,6410.0,6450.0,1907.0
3905,2020-05-08,6550.0,6560.0,6510.0,6520.0,5958.0
3906,2020-05-08,6420.0,6520.0,6380.0,6390.0,8573.0
3907,2020-05-08,6400.0,6450.0,6340.0,6430.0,11425.0
3908,2020-05-08,6380.0,6590.0,6380.0,6560.0,18639.0
3909,2020-05-11,6510.0,6740.0,6390.0,6640.0,37831.0
3910,2020-05-11,6630.0,6860.0,6620.0,6830.0,26425.0
3911,2020-05-11,6830.0,6850.0,6720.0,6800.0,12452.0
3912,2020-05-11,6720.0,6820.0,6710.0,6820.0,4453.0
3913,2020-05-12,6760.0,6900.0,6620.0,6720.0,30343.0
3914,2020-05-12,6730.0,6750.0,6640.0,6700.0,14032.0
3915,2020-05-12,6670.0,6860.0,6670.0,6820.0,18350.0
3916,2020-05-12,6800.0,6830.0,6730.0,6830.0,3549.0
3917,2020-05-13,6730.0,6820.0,6580.0,6700.0,9546.0
3918,2020-05-13,6700.0,6720.0,6620.0,6700.0,6871.0
3919,2020-05-13,6670.0,6710.0,6660.0,6660.0,5399.0
3920,2020-05-13,6660.0,6680.0,6630.0,6630.0,4998.0
3921,2020-05-14,6350.0,6520.0,6330.0,6500.0,7971.0
3922,2020-05-14,6350.0,6350.0,6250.0,6300.0,16157.0
3923,2020-05-14,6540.0,6600.0,6330.0,6340.0,26017.0
3924,2020-05-14,6300.0,6450.0,6280.0,6430.0,6733.0
3925,2020-05-15,6310.0,6390.0,6240.0,6270.0,16171.0
3926,2020-05-15,6280.0,6330.0,6240.0,6270.0,5076.0
3927,2020-05-15,6270.0,6310.0,6190.0,6270.0,17059.0
3928,2020-05-15,6240.0,6310.0,6240.0,6310.0,2036.0
3929,2020-05-18,6310.0,6310.0,6130.0,6230.0,10776.0
3930,2020-05-18,6240.0,6300.0,6160.0,6200.0,7089.0
3931,2020-05-18,6220.0,6220.0,6130.0,6200.0,6133.0
3932,2020-05-18,6210.0,6250.0,6160.0,6250.0,2908.0
3933,2020-05-19,6530.0,6560.0,6460.0,6530.0,17798.0
3934,2020-05-19,6280.0,6840.0,6200.0,6410.0,108776.0
3935,2020-05-19,6460.0,7150.0,6370.0,6590.0,229794.0
3936,2020-05-19,6590.0,6640.0,6420.0,6520.0,78104.0
3937,2020-05-20,6620.0,6650.0,6420.0,6650.0,47062.0
3938,2020-05-20,6650.0,6730.0,6580.0,6650.0,30243.0
3939,2020-05-20,6660.0,6860.0,6630.0,6820.0,51717.0
3940,2020-05-20,6840.0,6870.0,6810.0,6810.0,6114.0
3941,2020-05-21,6680.0,6690.0,6640.0,6670.0,3837.0
3942,2020-05-21,6850.0,6900.0,6630.0,6690.0,25676.0
3943,2020-05-21,6680.0,6740.0,6630.0,6720.0,12277.0
3944,2020-05-21,6670.0,6730.0,6630.0,6680.0,14097.0
3945,2020-05-22,6670.0,6800.0,6610.0,6670.0,17069.0
3946,2020-05-22,6700.0,6780.0,6520.0,6660.0,25199.0
3947,2020-05-22,6640.0,6650.0,6490.0,6610.0,11012.0
3948,2020-05-22,6610.0,6750.0,6570.0,6750.0,7540.0
3949,2020-05-25,6730.0,6800.0,6630.0,6670.0,11022.0
3950,2020-05-25,6720.0,6720.0,6610.0,6610.0,7902.0
3951,2020-05-25,6660.0,6680.0,6630.0,6680.0,3358.0
3952,2020-05-25,6680.0,6700.0,6660.0,6700.0,2455.0
3953,2020-05-26,6780.0,6780.0,6550.0,6590.0,17677.0
3954,2020-05-26,6600.0,6640.0,6500.0,6530.0,15009.0
3955,2020-05-26,6530.0,6530.0,6230.0,6400.0,45111.0
3956,2020-05-26,6390.0,6510.0,6390.0,6500.0,7679.0
3957,2020-05-27,6150.0,6260.0,6100.0,6150.0,28886.0
3958,2020-05-27,6130.0,6230.0,6110.0,6110.0,14635.0
3959,2020-05-27,6500.0,6500.0,6180.0,6210.0,35819.0
3960,2020-05-27,6190.0,6230.0,6100.0,6150.0,24483.0
3961,2020-05-28,6200.0,6250.0,6090.0,6120.0,11761.0
3962,2020-05-28,6110.0,6170.0,6090.0,6130.0,5738.0
3963,2020-05-28,6160.0,6190.0,6130.0,6140.0,966.0
3964,2020-05-28,6160.0,6420.0,6120.0,6150.0,44340.0
3965,2020-05-29,6140.0,6170.0,5880.0,5960.0,10737.0
3966,2020-05-29,6000.0,6080.0,5960.0,6050.0,7501.0
3967,2020-05-29,6060.0,6120.0,5980.0,6110.0,2348.0
3968,2020-05-29,6050.0,6080.0,6020.0,6030.0,964.0
3969,2020-06-01,6190.0,6230.0,6190.0,6200.0,2781.0
3970,2020-06-01,6140.0,6190.0,6120.0,6180.0,3675.0
3971,2020-06-01,6180.0,6200.0,6130.0,6190.0,2706.0
3972,2020-06-01,6030.0,6200.0,5950.0,6140.0,10557.0
3973,2020-06-02,6200.0,6270.0,6190.0,6220.0,4404.0
3974,2020-06-02,6220.0,6240.0,6080.0,6180.0,11249.0
3975,2020-06-02,6160.0,6190.0,6130.0,6160.0,2530.0
3976,2020-06-02,6160.0,6190.0,6160.0,6160.0,1042.0
3977,2020-06-03,6030.0,6060.0,6010.0,6060.0,1907.0
3978,2020-06-03,6100.0,6100.0,6020.0,6070.0,1541.0
3979,2020-06-03,6160.0,6180.0,5920.0,6090.0,7792.0
3980,2020-06-03,6070.0,6150.0,6020.0,6070.0,7058.0
3981,2020-06-04,6090.0,6230.0,6060.0,6200.0,7944.0
3982,2020-06-04,6170.0,6200.0,6130.0,6200.0,6015.0
3983,2020-06-04,6180.0,6260.0,6150.0,6220.0,4014.0
3984,2020-06-04,6170.0,6220.0,6170.0,6220.0,164.0
3985,2020-06-05,6180.0,6270.0,6180.0,6270.0,17678.0
3986,2020-06-05,6260.0,6280.0,6260.0,6260.0,9711.0
3987,2020-06-05,6180.0,6220.0,6120.0,6130.0,7457.0
3988,2020-06-05,6180.0,6200.0,6160.0,6180.0,1797.0
3989,2020-06-08,6260.0,6440.0,6240.0,6370.0,30035.0
3990,2020-06-08,6360.0,6390.0,6350.0,6390.0,4612.0
3991,2020-06-08,6370.0,6480.0,6360.0,6440.0,14966.0
3992,2020-06-08,6440.0,6450.0,6410.0,6410.0,3805.0
3993,2020-06-09,6410.0,6460.0,6340.0,6350.0,3587.0
3994,2020-06-09,6350.0,6390.0,6260.0,6340.0,6905.0
3995,2020-06-09,6300.0,6430.0,6250.0,6380.0,16044.0
3996,2020-06-09,6380.0,6410.0,6330.0,6400.0,2556.0
3997,2020-06-10,6130.0,6200.0,6040.0,6110.0,12764.0
3998,2020-06-10,6280.0,6320.0,6060.0,6140.0,13785.0
3999,2020-06-10,6310.0,6310.0,6250.0,6290.0,1291.0
4000,2020-06-10,6400.0,6440.0,6250.0,6340.0,18772.0
4001,2020-06-11,6050.0,6400.0,5960.0,6210.0,16713.0
4002,2020-06-11,6260.0,6330.0,6210.0,6210.0,4867.0
4003,2020-06-11,6220.0,6220.0,6160.0,6190.0,2531.0
4004,2020-06-11,6200.0,6230.0,6180.0,6230.0,1566.0
4005,2020-06-12,5730.0,6060.0,5730.0,6000.0,25560.0
4006,2020-06-12,6000.0,6170.0,5900.0,6000.0,6723.0
4007,2020-06-12,5990.0,6070.0,5950.0,6020.0,2822.0
4008,2020-06-12,6020.0,6070.0,5990.0,6040.0,2065.0
4009,2020-06-15,5710.0,5890.0,5650.0,5700.0,17146.0
4010,2020-06-15,6040.0,6500.0,5930.0,6290.0,78325.0
4011,2020-06-15,6290.0,6350.0,6110.0,6130.0,15462.0
4012,2020-06-15,6190.0,6210.0,5660.0,5700.0,33870.0
4013,2020-06-16,5770.0,5960.0,5770.0,5930.0,6605.0
4014,2020-06-16,5880.0,5900.0,5800.0,5870.0,7748.0
4015,2020-06-16,5830.0,5870.0,5800.0,5870.0,4186.0
4016,2020-06-16,5860.0,5910.0,5840.0,5910.0,2311.0
4017,2020-06-17,5700.0,5750.0,5690.0,5750.0,1765.0
4018,2020-06-17,5800.0,5910.0,5700.0,5820.0,8396.0
4019,2020-06-17,5760.0,5760.0,5580.0,5670.0,14072.0
4020,2020-06-17,5650.0,5750.0,5590.0,5710.0,3783.0
4021,2020-06-18,5650.0,5750.0,5600.0,5700.0,5504.0
4022,2020-06-18,5720.0,5750.0,5620.0,5740.0,1863.0
4023,2020-06-18,5720.0,5760.0,5610.0,5610.0,5962.0
4024,2020-06-18,5660.0,5730.0,5620.0,5660.0,3575.0
4025,2020-06-19,5600.0,5690.0,5590.0,5690.0,12338.0
4026,2020-06-19,5640.0,5690.0,5620.0,5680.0,6418.0
4027,2020-06-19,5680.0,6000.0,5600.0,5820.0,14826.0
4028,2020-06-19,5850.0,5860.0,5790.0,5830.0,532.0
4029,2020-06-22,5830.0,5870.0,5760.0,5850.0,3321.0
4030,2020-06-22,5800.0,5850.0,5770.0,5840.0,4153.0
4031,2020-06-22,5840.0,5840.0,5770.0,5840.0,2348.0
4032,2020-06-22,5770.0,5810.0,5750.0,5750.0,1840.0
4033,2020-06-23,5760.0,5760.0,5710.0,5750.0,919.0
4034,2020-06-23,5760.0,5760.0,5760.0,5760.0,241.0
4035,2020-06-23,5760.0,5770.0,5730.0,5760.0,1419.0
4036,2020-06-23,5760.0,5900.0,5710.0,5760.0,4385.0
4037,2020-06-24,5890.0,5890.0,5890.0,5890.0,2331.0
4038,2020-06-24,5810.0,5910.0,5760.0,5820.0,2882.0
4039,2020-06-24,5770.0,5940.0,5730.0,5880.0,14021.0
4040,2020-06-24,5880.0,5930.0,5840.0,5870.0,23936.0
4041,2020-06-25,5900.0,5900.0,5700.0,5760.0,4598.0
4042,2020-06-25,5780.0,5800.0,5740.0,5770.0,787.0
4043,2020-06-25,5770.0,5830.0,5770.0,5830.0,1782.0
4044,2020-06-25,5830.0,5830.0,5780.0,5830.0,1348.0
4045,2020-06-26,5850.0,5850.0,5760.0,5840.0,1159.0
4046,2020-06-26,5840.0,5840.0,5750.0,5810.0,4197.0
4047,2020-06-26,5810.0,5830.0,5800.0,5830.0,200.0
4048,2020-06-26,5880.0,5880.0,5800.0,5850.0,635.0
4049,2020-06-29,5680.0,5870.0,5680.0,5840.0,5738.0
4050,2020-06-29,5840.0,5840.0,5700.0,5780.0,2495.0
4051,2020-06-29,5770.0,5790.0,5760.0,5790.0,268.0
4052,2020-06-29,5790.0,5810.0,5760.0,5770.0,1262.0
4053,2020-06-30,6060.0,6130.0,6000.0,6120.0,3902.0
4054,2020-06-30,5910.0,6190.0,5840.0,6080.0,23701.0
4055,2020-06-30,5780.0,5990.0,5770.0,5960.0,13952.0
4056,2020-06-30,5890.0,5930.0,5840.0,5920.0,5246.0
4057,2020-07-01,6190.0,6190.0,5950.0,6020.0,11581.0
4058,2020-07-01,5980.0,6030.0,5960.0,6000.0,4647.0
4059,2020-07-01,6000.0,6030.0,5950.0,6000.0,4599.0
4060,2020-07-01,5950.0,6000.0,5940.0,6000.0,4251.0
4061,2020-07-02,6010.0,6180.0,6000.0,6140.0,16175.0
4062,2020-07-02,6140.0,6280.0,6080.0,6200.0,31074.0
4063,2020-07-02,6210.0,6260.0,6140.0,6200.0,7960.0
4064,2020-07-02,6180.0,6200.0,6160.0,6170.0,2764.0
4065,2020-07-03,6070.0,6180.0,6070.0,6150.0,3266.0
4066,2020-07-03,6170.0,6200.0,6080.0,6140.0,11472.0
4067,2020-07-03,6120.0,6130.0,6060.0,6090.0,6252.0
4068,2020-07-03,6080.0,6080.0,5980.0,6080.0,13358.0
4069,2020-07-06,6100.0,6150.0,6030.0,6140.0,7468.0
4070,2020-07-06,6090.0,6120.0,6030.0,6090.0,4655.0
4071,2020-07-06,6090.0,6100.0,6050.0,6090.0,1054.0
4072,2020-07-06,6090.0,6350.0,6080.0,6290.0,9219.0
4073,2020-07-07,6020.0,6070.0,5970.0,5970.0,3523.0
4074,2020-07-07,6120.0,6180.0,6070.0,6130.0,1331.0
4075,2020-07-07,6290.0,6290.0,6080.0,6180.0,4331.0
4076,2020-07-07,6100.0,6120.0,5940.0,6030.0,9778.0
4077,2020-07-08,6060.0,7700.0,6060.0,7640.0,1485900.0
4078,2020-07-08,7640.0,7760.0,7330.0,7650.0,1129193.0
4079,2020-07-08,7650.0,7740.0,7450.0,7450.0,213447.0
4080,2020-07-08,5970.0,6130.0,5910.0,6060.0,25095.0
4081,2020-07-09,7250.0,7390.0,6970.0,7160.0,456874.0
4082,2020-07-09,7170.0,7250.0,7050.0,7100.0,90356.0
4083,2020-07-09,7110.0,7140.0,6940.0,7000.0,63852.0
4084,2020-07-09,7010.0,7190.0,6980.0,7190.0,55839.0
4085,2020-07-10,7110.0,7190.0,7030.0,7050.0,26679.0
4086,2020-07-10,7570.0,7620.0,7210.0,7360.0,94130.0
4087,2020-07-10,7360.0,7360.0,7050.0,7190.0,50555.0
4088,2020-07-10,7470.0,7970.0,7260.0,7520.0,595716.0
4089,2020-07-13,7000.0,7180.0,6950.0,7120.0,79028.0
4090,2020-07-13,7110.0,7150.0,7000.0,7070.0,17436.0
4091,2020-07-13,7070.0,7130.0,7010.0,7100.0,16322.0
4092,2020-07-13,7090.0,7120.0,6970.0,7100.0,14078.0
4093,2020-07-14,7690.0,8060.0,7650.0,7710.0,172750.0
4094,2020-07-14,7520.0,8610.0,7370.0,7690.0,1438715.0
4095,2020-07-14,7650.0,7790.0,7350.0,7560.0,555798.0
4096,2020-07-14,7560.0,7680.0,7480.0,7530.0,115434.0
4097,2020-07-15,7680.0,7700.0,7130.0,7200.0,244960.0
4098,2020-07-15,7250.0,7260.0,7070.0,7200.0,75031.0
4099,2020-07-15,7190.0,7440.0,7070.0,7120.0,175399.0
4100,2020-07-15,7130.0,7170.0,7050.0,7120.0,38937.0
4101,2020-07-16,7240.0,7490.0,7060.0,7410.0,320798.0
4102,2020-07-16,7410.0,8360.0,7330.0,7960.0,1075137.0
4103,2020-07-16,7960.0,9150.0,7380.0,8120.0,1799621.0
4104,2020-07-16,8160.0,8280.0,7520.0,8170.0,220519.0
4105,2020-07-17,8410.0,8450.0,8350.0,8450.0,39048.0
4106,2020-07-17,8940.0,9100.0,8340.0,8670.0,736629.0
4107,2020-07-17,8640.0,8650.0,8430.0,8440.0,51257.0
4108,2020-07-17,8440.0,8510.0,8240.0,8380.0,82626.0
4109,2020-07-20,8460.0,10850.0,8400.0,10350.0,1463670.0
4110,2020-07-20,10300.0,10600.0,10150.0,10500.0,254537.0
4111,2020-07-20,10500.0,10900.0,10350.0,10700.0,381128.0
4112,2020-07-20,10650.0,10750.0,10400.0,10400.0,99824.0
4113,2020-07-21,10600.0,10600.0,10450.0,10550.0,33061.0
4114,2020-07-21,10250.0,10750.0,10100.0,10400.0,401916.0
4115,2020-07-21,10400.0,10550.0,10150.0,10350.0,103779.0
4116,2020-07-21,10350.0,10700.0,10250.0,10600.0,91268.0
4117,2020-07-22,10300.0,10750.0,10050.0,10600.0,245086.0
4118,2020-07-22,10600.0,10750.0,10400.0,10600.0,73394.0
4119,2020-07-22,10550.0,10900.0,10400.0,10800.0,114183.0
4120,2020-07-22,10800.0,11050.0,10700.0,11050.0,77684.0
4121,2020-07-23,10750.0,10750.0,10100.0,10200.0,203494.0
4122,2020-07-23,10250.0,10300.0,9950.0,9950.0,80493.0
4123,2020-07-23,9980.0,10050.0,9810.0,9920.0,73788.0
4124,2020-07-23,9930.0,10050.0,9930.0,10000.0,34860.0
4125,2020-07-24,9710.0,9810.0,9710.0,9720.0,12596.0
4126,2020-07-24,9800.0,10250.0,9800.0,9950.0,69149.0
4127,2020-07-24,9990.0,10050.0,9570.0,9570.0,57710.0
4128,2020-07-24,9620.0,9980.0,9430.0,9730.0,88886.0
4129,2020-07-27,9720.0,9950.0,9550.0,9830.0,38513.0
4130,2020-07-27,9830.0,10450.0,9680.0,9950.0,152287.0
4131,2020-07-27,9950.0,9970.0,9640.0,9850.0,25846.0
4132,2020-07-27,9820.0,9850.0,9700.0,9700.0,4883.0
4133,2020-07-28,9590.0,9680.0,9540.0,9600.0,6635.0
4134,2020-07-28,9760.0,10100.0,9600.0,9620.0,68439.0
4135,2020-07-28,9630.0,9780.0,9500.0,9510.0,34786.0
4136,2020-07-28,9510.0,9920.0,9420.0,9580.0,58970.0
4137,2020-07-29,9900.0,9900.0,9410.0,9690.0,78863.0
4138,2020-07-29,9680.0,9780.0,9600.0,9620.0,14916.0
4139,2020-07-29,9700.0,9720.0,9520.0,9710.0,17435.0
4140,2020-07-29,9710.0,9720.0,9620.0,9690.0,10821.0
4141,2020-07-30,9850.0,9850.0,9490.0,9500.0,66217.0
4142,2020-07-30,9500.0,9630.0,9400.0,9520.0,43223.0
4143,2020-07-30,9510.0,9750.0,9450.0,9550.0,50342.0
4144,2020-07-30,9520.0,9550.0,9460.0,9470.0,15044.0
4145,2020-07-31,9480.0,9730.0,9400.0,9600.0,52588.0
4146,2020-07-31,9600.0,9660.0,9530.0,9630.0,11147.0
4147,2020-07-31,9600.0,9650.0,9540.0,9630.0,18551.0
4148,2020-07-31,9630.0,9690.0,9550.0,9690.0,9857.0
4149,2020-08-03,10050.0,10200.0,9970.0,10000.0,45110.0
4150,2020-08-03,10000.0,10600.0,9990.0,10450.0,166078.0
4151,2020-08-03,9680.0,10150.0,9590.0,10100.0,94350.0
4152,2020-08-03,10100.0,10150.0,9910.0,10050.0,37941.0
4153,2020-08-04,10050.0,10150.0,9970.0,9970.0,22951.0
4154,2020-08-04,9990.0,10000.0,9850.0,9910.0,48382.0
4155,2020-08-04,9910.0,9940.0,9810.0,9810.0,18202.0
4156,2020-08-04,10450.0,10450.0,9970.0,10100.0,104198.0
4157,2020-08-05,9790.0,9950.0,9370.0,9390.0,97607.0
4158,2020-08-05,9370.0,9500.0,9360.0,9450.0,31405.0
4159,2020-08-05,9480.0,9750.0,9430.0,9730.0,41855.0
4160,2020-08-05,9740.0,9770.0,9730.0,9730.0,4878.0
4161,2020-08-06,9560.0,9650.0,9490.0,9530.0,38299.0
4162,2020-08-06,9530.0,9530.0,9330.0,9450.0,33310.0
4163,2020-08-06,9450.0,9480.0,9300.0,9340.0,28445.0
4164,2020-08-06,9350.0,9390.0,9250.0,9250.0,23598.0
4165,2020-08-07,9340.0,10200.0,9300.0,10050.0,356198.0
4166,2020-08-07,10050.0,10150.0,9560.0,9720.0,112622.0
4167,2020-08-07,9720.0,10200.0,9570.0,10000.0,250230.0
4168,2020-08-07,10000.0,10050.0,9830.0,10000.0,63769.0
4169,2020-08-10,10000.0,10050.0,9950.0,9950.0,11119.0
4170,2020-08-10,10150.0,10150.0,9950.0,10000.0,28097.0
4171,2020-08-10,9940.0,10550.0,9780.0,10000.0,203852.0
4172,2020-08-10,10000.0,10250.0,9990.0,10150.0,43506.0
4173,2020-08-11,10100.0,10150.0,9740.0,9810.0,56793.0
4174,2020-08-11,9810.0,9810.0,9690.0,9790.0,14497.0
4175,2020-08-11,9790.0,9810.0,9680.0,9680.0,31229.0
4176,2020-08-11,9690.0,9760.0,9670.0,9760.0,5644.0
4177,2020-08-12,9790.0,9930.0,9600.0,9730.0,28037.0
4178,2020-08-12,9720.0,9790.0,9660.0,9670.0,8671.0
4179,2020-08-12,9830.0,10050.0,9520.0,9790.0,92413.0
4180,2020-08-12,9780.0,9950.0,9710.0,9800.0,23869.0
4181,2020-08-13,9800.0,10300.0,9540.0,10000.0,147346.0
4182,2020-08-13,10000.0,10900.0,10000.0,10700.0,484418.0
4183,2020-08-13,10650.0,12550.0,10450.0,11950.0,2154187.0
4184,2020-08-13,11950.0,12550.0,11700.0,11800.0,504066.0
4185,2020-08-14,11400.0,12850.0,11050.0,12200.0,1429654.0
4186,2020-08-14,12200.0,12800.0,11850.0,12450.0,576421.0
4187,2020-08-14,12450.0,13450.0,11400.0,12000.0,957483.0
4188,2020-08-14,11950.0,12200.0,11850.0,12050.0,60211.0
4189,2020-08-18,11150.0,11400.0,11100.0,11200.0,33260.0
4190,2020-08-18,11550.0,11700.0,10450.0,11100.0,184484.0
4191,2020-08-18,12050.0,12550.0,11650.0,11850.0,254274.0
4192,2020-08-18,11850.0,12000.0,11550.0,11650.0,57439.0
4193,2020-08-19,11150.0,11200.0,10500.0,11050.0,72614.0
4194,2020-08-19,11050.0,11500.0,10950.0,11250.0,73051.0
4195,2020-08-19,11350.0,11450.0,11200.0,11450.0,19560.0
4196,2020-08-19,11250.0,11700.0,10950.0,11150.0,182017.0
4197,2020-08-20,11400.0,11450.0,10400.0,10700.0,132436.0
4198,2020-08-20,10750.0,11050.0,10650.0,11050.0,56582.0
4199,2020-08-20,11050.0,11250.0,10800.0,10850.0,39499.0
4200,2020-08-20,10850.0,11150.0,10700.0,11150.0,27052.0
4201,2020-08-21,10900.0,11000.0,10800.0,10800.0,15323.0
4202,2020-08-21,10950.0,11000.0,10700.0,10950.0,27365.0
4203,2020-08-21,10900.0,11450.0,10750.0,10950.0,107738.0
4204,2020-08-21,11050.0,11300.0,10800.0,10900.0,67587.0
4205,2020-08-24,10950.0,11300.0,10550.0,10800.0,76010.0
4206,2020-08-24,10750.0,10850.0,10600.0,10650.0,28922.0
4207,2020-08-24,10600.0,10650.0,10350.0,10500.0,46766.0
4208,2020-08-24,10500.0,10500.0,10300.0,10500.0,17330.0
4209,2020-08-25,10850.0,10850.0,10650.0,10650.0,3181.0
4210,2020-08-25,10800.0,11050.0,10650.0,10750.0,30635.0
4211,2020-08-25,10300.0,10850.0,10200.0,10700.0,65763.0
4212,2020-08-25,10700.0,10850.0,10700.0,10750.0,19166.0
4213,2020-08-26,10600.0,10900.0,10400.0,10550.0,54681.0
4214,2020-08-26,10500.0,10600.0,10250.0,10500.0,34310.0
4215,2020-08-26,10550.0,10550.0,10400.0,10500.0,13310.0
4216,2020-08-26,10450.0,10550.0,10450.0,10450.0,4691.0
4217,2020-08-27,10900.0,12300.0,10750.0,11000.0,1025599.0
4218,2020-08-27,10950.0,11100.0,10800.0,10850.0,102647.0
4219,2020-08-27,10850.0,10900.0,10300.0,10600.0,129828.0
4220,2020-08-27,10600.0,10600.0,10450.0,10500.0,16738.0
4221,2020-08-28,10650.0,10650.0,10550.0,10600.0,12086.0
4222,2020-08-28,10700.0,10750.0,10300.0,10700.0,94961.0
4223,2020-08-28,10700.0,10700.0,10500.0,10550.0,28655.0
4224,2020-08-28,10550.0,10700.0,10350.0,10650.0,54266.0
4225,2020-08-31,10450.0,10700.0,10400.0,10600.0,45454.0
4226,2020-08-31,10500.0,10700.0,10450.0,10600.0,20108.0
4227,2020-08-31,10600.0,10600.0,10400.0,10600.0,23264.0
4228,2020-08-31,10500.0,10550.0,10450.0,10500.0,14214.0
4229,2020-09-01,10750.0,10850.0,10650.0,10800.0,8092.0
4230,2020-09-01,10450.0,11050.0,10450.0,10800.0,158887.0
4231,2020-09-01,10750.0,10850.0,10500.0,10650.0,38833.0
4232,2020-09-01,10650.0,11050.0,10550.0,10650.0,107754.0
4233,2020-09-02,10750.0,10800.0,10600.0,10750.0,10595.0
4234,2020-09-02,10700.0,10750.0,10600.0,10750.0,13011.0
4235,2020-09-02,10750.0,10750.0,10650.0,10750.0,10715.0
4236,2020-09-02,10800.0,10950.0,10650.0,10800.0,31029.0
4237,2020-09-03,10750.0,10850.0,10600.0,10700.0,26765.0
4238,2020-09-03,10650.0,10700.0,10300.0,10500.0,47145.0
4239,2020-09-03,10500.0,10600.0,10450.0,10550.0,12410.0
4240,2020-09-03,10550.0,10600.0,10500.0,10550.0,6499.0
4241,2020-09-04,10450.0,10500.0,10400.0,10400.0,4787.0
4242,2020-09-04,10250.0,10300.0,10100.0,10300.0,24293.0
4243,2020-09-04,10300.0,10450.0,10200.0,10450.0,10855.0
4244,2020-09-04,10050.0,10450.0,10050.0,10300.0,36080.0
4245,2020-09-07,10500.0,10500.0,10000.0,10350.0,51609.0
4246,2020-09-07,10350.0,10350.0,10200.0,10250.0,16460.0
4247,2020-09-07,10250.0,10300.0,9900.0,9980.0,60289.0
4248,2020-09-07,9980.0,10050.0,9890.0,10000.0,20626.0
4249,2020-09-08,9620.0,9620.0,9540.0,9550.0,8824.0
4250,2020-09-08,9550.0,9760.0,9500.0,9550.0,34479.0
4251,2020-09-08,10100.0,10100.0,9680.0,9790.0,54529.0
4252,2020-09-08,9780.0,9790.0,9450.0,9570.0,74565.0
4253,2020-09-09,9460.0,9710.0,9300.0,9650.0,39470.0
4254,2020-09-09,9650.0,9680.0,9600.0,9670.0,8740.0
4255,2020-09-09,9660.0,9700.0,9590.0,9590.0,11617.0
4256,2020-09-09,9590.0,9620.0,9570.0,9570.0,5917.0
4257,2020-09-10,9600.0,9660.0,9330.0,9490.0,27144.0
4258,2020-09-10,9480.0,9630.0,9410.0,9590.0,22767.0
4259,2020-09-10,9590.0,9830.0,9540.0,9790.0,39626.0
4260,2020-09-10,9810.0,9880.0,9780.0,9850.0,6931.0
4261,2020-09-11,9860.0,9930.0,9840.0,9840.0,7198.0
4262,2020-09-11,9810.0,10050.0,9770.0,9850.0,29683.0
4263,2020-09-11,9860.0,9950.0,9830.0,9870.0,8502.0
4264,2020-09-11,9860.0,9930.0,9820.0,9860.0,4892.0
4265,2020-09-14,9860.0,9980.0,9500.0,9530.0,49907.0
4266,2020-09-14,9530.0,9600.0,9490.0,9530.0,14859.0
4267,2020-09-14,9540.0,9590.0,9540.0,9550.0,4927.0
4268,2020-09-14,9550.0,9600.0,9550.0,9560.0,4223.0
4269,2020-09-15,9500.0,9500.0,9470.0,9480.0,2963.0
4270,2020-09-15,9570.0,9620.0,9380.0,9470.0,20218.0
4271,2020-09-15,9470.0,9560.0,9440.0,9500.0,5568.0
4272,2020-09-15,9500.0,9510.0,9440.0,9500.0,12832.0
4273,2020-09-16,9480.0,9580.0,9400.0,9500.0,9121.0
4274,2020-09-16,9490.0,9570.0,9480.0,9540.0,8792.0
4275,2020-09-16,9560.0,9610.0,9460.0,9510.0,8674.0
4276,2020-09-16,9500.0,9530.0,9430.0,9430.0,7460.0
4277,2020-09-17,9430.0,9520.0,9150.0,9250.0,31166.0
4278,2020-09-17,9240.0,9270.0,9130.0,9260.0,13062.0
4279,2020-09-17,9250.0,9250.0,9170.0,9230.0,4473.0
4280,2020-09-17,9230.0,9240.0,9150.0,9160.0,9545.0
4281,2020-09-18,9760.0,9820.0,9740.0,9800.0,8848.0
4282,2020-09-18,9170.0,9540.0,9170.0,9450.0,41480.0
4283,2020-09-18,9410.0,9600.0,9410.0,9580.0,16337.0
4284,2020-09-18,9550.0,9940.0,9550.0,9770.0,46060.0
4285,2020-09-21,9880.0,9880.0,9350.0,9370.0,56434.0
4286,2020-09-21,9400.0,9970.0,9290.0,9650.0,63427.0
4287,2020-09-21,9690.0,9700.0,9330.0,9400.0,23680.0
4288,2020-09-21,9400.0,9490.0,9350.0,9350.0,5689.0
4289,2020-09-22,8530.0,8530.0,8430.0,8460.0,6908.0
4290,2020-09-22,9250.0,9260.0,8690.0,8870.0,71611.0
4291,2020-09-22,8810.0,8810.0,8460.0,8680.0,40165.0
4292,2020-09-22,8680.0,8680.0,8340.0,8560.0,24111.0
4293,2020-09-23,8480.0,8660.0,8010.0,8390.0,32941.0
4294,2020-09-23,8390.0,8600.0,8310.0,8600.0,12192.0
4295,2020-09-23,8510.0,8590.0,8370.0,8470.0,9360.0
4296,2020-09-23,8460.0,8500.0,8420.0,8490.0,4369.0
4297,2020-09-24,8310.0,8470.0,8210.0,8330.0,8003.0
4298,2020-09-24,8210.0,8260.0,7920.0,8100.0,24636.0
4299,2020-09-24,8080.0,8130.0,7920.0,8040.0,16536.0
4300,2020-09-24,8020.0,8050.0,7940.0,7970.0,5578.0
4301,2020-09-25,8040.0,8480.0,7970.0,8370.0,27254.0
4302,2020-09-25,8360.0,8700.0,8120.0,8620.0,14701.0
4303,2020-09-25,8630.0,8930.0,8510.0,8590.0,43036.0
4304,2020-09-25,8590.0,8620.0,8530.0,8550.0,2728.0
4305,2020-09-28,9000.0,9030.0,8900.0,8940.0,10790.0
4306,2020-09-28,8800.0,8800.0,8600.0,8710.0,3725.0
4307,2020-09-28,8560.0,8830.0,8550.0,8730.0,11876.0
4308,2020-09-28,8700.0,9100.0,8640.0,9000.0,24961.0
4309,2020-09-29,9040.0,9100.0,9040.0,9090.0,1783.0
4310,2020-09-29,9070.0,9090.0,8990.0,9050.0,2197.0
4311,2020-09-29,9130.0,9220.0,8940.0,9070.0,23235.0
4312,2020-09-29,9060.0,9080.0,9000.0,9050.0,4307.0
4313,2020-10-05,9020.0,9100.0,8870.0,9100.0,26195.0
4314,2020-10-05,9100.0,9110.0,9010.0,9060.0,3329.0
4315,2020-10-05,9040.0,9060.0,8910.0,9050.0,5234.0
4316,2020-10-05,9020.0,9040.0,8930.0,8930.0,2371.0
4317,2020-10-06,8900.0,9140.0,8900.0,9090.0,14107.0
4318,2020-10-06,9090.0,9150.0,9020.0,9130.0,6098.0
4319,2020-10-06,9120.0,9160.0,8960.0,9080.0,13123.0
4320,2020-10-06,9080.0,9080.0,9040.0,9080.0,1714.0
4321,2020-10-07,9020.0,9240.0,9020.0,9110.0,10806.0
4322,2020-10-07,9130.0,9240.0,9130.0,9150.0,11883.0
4323,2020-10-07,9160.0,9170.0,9090.0,9120.0,4940.0
4324,2020-10-07,9120.0,9160.0,9120.0,9160.0,769.0
4325,2020-10-08,9310.0,9420.0,9260.0,9350.0,7913.0
4326,2020-10-08,9300.0,9380.0,9280.0,9370.0,2451.0
4327,2020-10-08,9170.0,9350.0,9090.0,9320.0,13127.0
4328,2020-10-08,9310.0,9640.0,9260.0,9310.0,29238.0
4329,2020-10-12,9440.0,9600.0,9370.0,9530.0,8442.0
4330,2020-10-12,9530.0,9580.0,9500.0,9530.0,5528.0
4331,2020-10-12,9550.0,9630.0,9510.0,9540.0,8394.0
4332,2020-10-12,9540.0,9580.0,9500.0,9570.0,2551.0
4333,2020-10-13,9610.0,9860.0,9570.0,9710.0,50135.0
4334,2020-10-13,9710.0,9830.0,9590.0,9810.0,18833.0
4335,2020-10-13,9810.0,9830.0,9600.0,9720.0,9841.0
4336,2020-10-13,9720.0,10150.0,9690.0,9750.0,72983.0
4337,2020-10-14,9680.0,9710.0,9610.0,9700.0,11334.0
4338,2020-10-14,9710.0,9820.0,9500.0,9730.0,34529.0
4339,2020-10-14,9680.0,9750.0,9500.0,9750.0,7779.0
4340,2020-10-14,9740.0,9740.0,9500.0,9680.0,14174.0
4341,2020-10-15,9710.0,9740.0,9340.0,9550.0,28914.0
4342,2020-10-15,9450.0,9540.0,9390.0,9460.0,6298.0
4343,2020-10-15,9460.0,9470.0,9240.0,9430.0,11938.0
4344,2020-10-15,9420.0,9540.0,9310.0,9540.0,5425.0
4345,2020-10-16,8870.0,8870.0,8730.0,8740.0,15166.0
4346,2020-10-16,9680.0,9850.0,9000.0,9110.0,57484.0
4347,2020-10-16,9540.0,10000.0,9400.0,9570.0,116510.0
4348,2020-10-16,9080.0,9100.0,8730.0,8840.0,50414.0
4349,2020-10-19,8740.0,8950.0,8400.0,8730.0,25572.0
4350,2020-10-19,8730.0,8730.0,8570.0,8650.0,3310.0
4351,2020-10-19,8650.0,8670.0,8500.0,8540.0,5354.0
4352,2020-10-19,8510.0,8510.0,8400.0,8410.0,4366.0
4353,2020-10-20,8280.0,8690.0,8280.0,8400.0,19839.0
4354,2020-10-20,8400.0,8580.0,8340.0,8580.0,2513.0
4355,2020-10-20,8580.0,8620.0,8360.0,8510.0,1702.0
4356,2020-10-20,8570.0,8590.0,8210.0,8450.0,7535.0
4357,2020-10-21,8600.0,8630.0,8590.0,8630.0,1611.0
4358,2020-10-21,8550.0,8640.0,8380.0,8600.0,11940.0
4359,2020-10-21,8600.0,8640.0,8520.0,8630.0,4602.0
4360,2020-10-21,8610.0,8620.0,8550.0,8610.0,7904.0
4361,2020-10-22,8630.0,8630.0,8180.0,8430.0,18701.0
4362,2020-10-22,8400.0,8420.0,8240.0,8280.0,14468.0
4363,2020-10-22,8270.0,8280.0,8100.0,8180.0,13755.0
4364,2020-10-22,8180.0,8240.0,8120.0,8130.0,2276.0
4365,2020-10-23,8070.0,8100.0,8020.0,8050.0,3612.0
4366,2020-10-23,8140.0,8270.0,7990.0,8050.0,34956.0
4367,2020-10-23,8050.0,8290.0,8000.0,8100.0,14523.0
4368,2020-10-23,8060.0,8130.0,8030.0,8090.0,6840.0
4369,2020-10-26,7980.0,8390.0,7980.0,8140.0,19756.0
4370,2020-10-26,8140.0,8230.0,8100.0,8180.0,2622.0
4371,2020-10-26,8170.0,8170.0,8070.0,8150.0,3143.0
4372,2020-10-26,8150.0,8220.0,8060.0,8150.0,4139.0
4373,2020-10-27,8070.0,8340.0,8010.0,8060.0,11982.0
4374,2020-10-27,8060.0,8070.0,8000.0,8050.0,7818.0
4375,2020-10-27,8050.0,8050.0,7910.0,7960.0,12594.0
4376,2020-10-27,7960.0,8020.0,7920.0,7920.0,2871.0
4377,2020-10-28,7920.0,8190.0,7910.0,8140.0,10238.0
4378,2020-10-28,8140.0,8150.0,8080.0,8150.0,4514.0
4379,2020-10-28,8140.0,8300.0,8140.0,8300.0,5692.0
4380,2020-10-28,8300.0,8310.0,8250.0,8290.0,747.0
4381,2020-10-29,8000.0,8130.0,8000.0,8130.0,3307.0
4382,2020-10-29,8130.0,8190.0,8130.0,8130.0,1538.0
4383,2020-10-29,8020.0,8260.0,7930.0,8100.0,11327.0
4384,2020-10-29,8100.0,8110.0,8010.0,8010.0,1552.0
4385,2020-10-30,8130.0,8190.0,8110.0,8110.0,1281.0
4386,2020-10-30,8100.0,8150.0,8000.0,8070.0,8180.0
4387,2020-10-30,8020.0,8020.0,7850.0,7970.0,4683.0
4388,2020-10-30,8020.0,8320.0,8020.0,8190.0,4016.0
4389,2020-11-02,8100.0,8210.0,7970.0,8030.0,4213.0
4390,2020-11-02,8090.0,8170.0,8040.0,8140.0,3896.0
4391,2020-11-02,8120.0,8600.0,8120.0,8520.0,14582.0
4392,2020-11-02,8540.0,8740.0,8420.0,8520.0,14681.0
4393,2020-11-03,8480.0,8480.0,8410.0,8420.0,2221.0
4394,2020-11-03,8550.0,8620.0,8460.0,8550.0,3049.0
4395,2020-11-03,8550.0,8550.0,8400.0,8480.0,4661.0
4396,2020-11-03,8520.0,8670.0,8430.0,8570.0,12295.0
4397,2020-11-04,8420.0,8690.0,8400.0,8690.0,21178.0
4398,2020-11-04,8690.0,8740.0,8510.0,8510.0,7238.0
4399,2020-11-04,8520.0,8650.0,8480.0,8590.0,2735.0
4400,2020-11-04,8570.0,8610.0,8550.0,8610.0,583.0
4401,2020-11-05,8680.0,8750.0,8650.0,8750.0,2426.0
4402,2020-11-05,8700.0,8800.0,8660.0,8730.0,4412.0
4403,2020-11-05,8600.0,8850.0,8530.0,8630.0,9689.0
4404,2020-11-05,8630.0,8750.0,8570.0,8700.0,4201.0
4405,2020-11-06,8670.0,8900.0,8620.0,8690.0,7660.0
4406,2020-11-06,8690.0,8860.0,8630.0,8850.0,16711.0
4407,2020-11-06,8810.0,8860.0,8710.0,8830.0,4071.0
4408,2020-11-06,8830.0,8830.0,8730.0,8730.0,3292.0
4409,2020-11-09,8670.0,8850.0,8670.0,8790.0,8062.0
4410,2020-11-09,8770.0,8780.0,8680.0,8710.0,5749.0
4411,2020-11-09,8710.0,8760.0,8700.0,8740.0,2438.0
4412,2020-11-09,8720.0,8850.0,8710.0,8850.0,2405.0
4413,2020-11-10,8760.0,8770.0,8760.0,8770.0,702.0
4414,2020-11-10,8850.0,8880.0,8670.0,8700.0,5757.0
4415,2020-11-10,8700.0,8750.0,8630.0,8670.0,8316.0
4416,2020-11-10,8630.0,8780.0,8620.0,8770.0,3729.0
4417,2020-11-11,8690.0,8690.0,8420.0,8590.0,21971.0
4418,2020-11-11,8550.0,8590.0,8380.0,8390.0,11510.0
4419,2020-11-11,8390.0,8390.0,8240.0,8280.0,24899.0
4420,2020-11-11,8310.0,8310.0,8190.0,8240.0,13375.0
4421,2020-11-12,8390.0,8390.0,8300.0,8380.0,2030.0
4422,2020-11-12,8240.0,8410.0,8190.0,8400.0,15834.0
4423,2020-11-12,8400.0,8410.0,8300.0,8300.0,1379.0
4424,2020-11-12,8290.0,8390.0,8290.0,8390.0,6542.0
4425,2020-11-13,8380.0,8420.0,8180.0,8330.0,5831.0
4426,2020-11-13,8330.0,8360.0,8220.0,8340.0,1234.0
4427,2020-11-13,8340.0,8340.0,8240.0,8290.0,5529.0
4428,2020-11-13,8290.0,8370.0,8250.0,8350.0,4253.0
4429,2020-11-16,8350.0,8490.0,8280.0,8350.0,2215.0
4430,2020-11-16,8350.0,8350.0,8240.0,8240.0,1903.0
4431,2020-11-16,8250.0,8300.0,8210.0,8220.0,2669.0
4432,2020-11-16,8220.0,8280.0,8210.0,8280.0,1992.0
4433,2020-11-17,8430.0,8470.0,8370.0,8470.0,1078.0
4434,2020-11-17,8200.0,8360.0,8170.0,8350.0,12432.0
4435,2020-11-17,8340.0,8350.0,8270.0,8350.0,4285.0
4436,2020-11-17,8350.0,8490.0,8300.0,8440.0,8411.0
4437,2020-11-18,8390.0,8530.0,8350.0,8400.0,5212.0
4438,2020-11-18,8450.0,8450.0,8250.0,8330.0,7612.0
4439,2020-11-18,8330.0,8370.0,8310.0,8360.0,1356.0
4440,2020-11-18,8350.0,8380.0,8350.0,8380.0,855.0
4441,2020-11-19,8390.0,8400.0,8380.0,8400.0,968.0
4442,2020-11-19,8380.0,8390.0,8290.0,8370.0,4014.0
4443,2020-11-19,8370.0,8370.0,8300.0,8370.0,2237.0
4444,2020-11-19,8370.0,8410.0,8350.0,8400.0,1049.0
4445,2020-11-20,8320.0,8400.0,8230.0,8370.0,4921.0
4446,2020-11-20,8370.0,8420.0,8340.0,8390.0,1200.0
4447,2020-11-20,8390.0,8390.0,8310.0,8360.0,1126.0
4448,2020-11-20,8360.0,8400.0,8310.0,8400.0,933.0
4449,2020-11-23,8400.0,8400.0,8260.0,8350.0,5637.0
4450,2020-11-23,8330.0,8350.0,8280.0,8310.0,1220.0
4451,2020-11-23,8300.0,8350.0,8280.0,8330.0,755.0
4452,2020-11-23,8330.0,8400.0,8270.0,8400.0,908.0
4453,2020-11-24,8400.0,8440.0,8300.0,8320.0,2604.0
4454,2020-11-24,8320.0,8410.0,8320.0,8400.0,5952.0
4455,2020-11-24,8400.0,8410.0,8370.0,8410.0,2330.0
4456,2020-11-24,8380.0,8410.0,8380.0,8410.0,183.0
4457,2020-11-25,8360.0,8360.0,8100.0,8300.0,12245.0
4458,2020-11-25,8270.0,8400.0,8200.0,8400.0,1049.0
4459,2020-11-25,8440.0,8440.0,8310.0,8360.0,2272.0
4460,2020-11-25,8440.0,8620.0,8210.0,8430.0,15233.0
4461,2020-11-26,8250.0,8250.0,8180.0,8180.0,4895.0
4462,2020-11-26,8330.0,8420.0,8110.0,8280.0,13412.0
4463,2020-11-26,8260.0,8290.0,8210.0,8270.0,1040.0
4464,2020-11-26,8230.0,8280.0,8180.0,8250.0,4247.0
4465,2020-11-27,8270.0,8270.0,8060.0,8190.0,13432.0
4466,2020-11-27,8170.0,8190.0,8080.0,8170.0,2908.0
4467,2020-11-27,8170.0,8170.0,8100.0,8150.0,3132.0
4468,2020-11-27,8140.0,8180.0,8140.0,8170.0,2963.0
4469,2020-11-30,8190.0,8200.0,8140.0,8140.0,2045.0
4470,2020-11-30,8140.0,8180.0,8130.0,8150.0,2382.0
4471,2020-11-30,8150.0,8190.0,8140.0,8190.0,1280.0
4472,2020-11-30,8110.0,8210.0,8100.0,8190.0,3980.0
4473,2020-12-01,8080.0,8180.0,8050.0,8070.0,8532.0
4474,2020-12-01,8060.0,8100.0,8040.0,8090.0,827.0
4475,2020-12-01,8090.0,8100.0,8040.0,8080.0,2178.0
4476,2020-12-01,8080.0,8080.0,7980.0,8020.0,5981.0
4477,2020-12-02,7950.0,7990.0,7940.0,7990.0,1076.0
4478,2020-12-02,7960.0,7990.0,7930.0,7980.0,4094.0
4479,2020-12-02,8150.0,8150.0,7860.0,7990.0,7100.0
4480,2020-12-02,7990.0,8060.0,7930.0,8000.0,7629.0
4481,2020-12-03,7970.0,7970.0,7730.0,7760.0,19064.0
4482,2020-12-03,7760.0,7810.0,7670.0,7770.0,11486.0
4483,2020-12-03,7760.0,8230.0,7740.0,8000.0,22904.0
4484,2020-12-03,8000.0,8000.0,7980.0,7980.0,651.0
4485,2020-12-04,8370.0,10300.0,8290.0,10050.0,1768333.0
4486,2020-12-04,10050.0,10350.0,9980.0,10350.0,431936.0
4487,2020-12-04,10350.0,10350.0,10350.0,10350.0,11606.0
4488,2020-12-04,10350.0,10350.0,10350.0,10350.0,2350.0
4489,2020-12-07,10250.0,10500.0,10250.0,10350.0,76946.0
4490,2020-12-07,10400.0,10700.0,10100.0,10400.0,1078869.0
4491,2020-12-07,10350.0,10550.0,10250.0,10300.0,98828.0
4492,2020-12-07,10250.0,10400.0,10200.0,10300.0,70277.0
4493,2020-12-08,10550.0,13400.0,10450.0,12950.0,2197962.0
4494,2020-12-08,13000.0,13050.0,12050.0,12500.0,502549.0
4495,2020-12-08,12500.0,13000.0,11650.0,11850.0,467522.0
4496,2020-12-08,11850.0,12150.0,11550.0,12050.0,210754.0
4497,2020-12-09,11200.0,11300.0,11000.0,11000.0,33661.0
4498,2020-12-09,11700.0,11800.0,11100.0,11500.0,446611.0
4499,2020-12-09,11400.0,11500.0,11100.0,11250.0,82659.0
4500,2020-12-09,11250.0,11350.0,11000.0,11200.0,65189.0
4501,2020-12-10,11150.0,13150.0,10950.0,12300.0,1809230.0
4502,2020-12-10,12300.0,12450.0,12100.0,12250.0,184191.0
4503,2020-12-10,12250.0,12300.0,11350.0,11850.0,304969.0
4504,2020-12-10,11850.0,12000.0,11750.0,11900.0,53209.0
4505,2020-12-11,11700.0,11950.0,11500.0,11650.0,136917.0
4506,2020-12-11,11650.0,12150.0,11650.0,12150.0,71614.0
4507,2020-12-11,12150.0,12150.0,11800.0,11950.0,67249.0
4508,2020-12-11,11850.0,12000.0,11850.0,11850.0,18820.0
4509,2020-12-14,11600.0,11800.0,11550.0,11800.0,27891.0
4510,2020-12-14,11700.0,11800.0,11200.0,11400.0,101808.0
4511,2020-12-14,11400.0,11550.0,11350.0,11500.0,22362.0
4512,2020-12-14,11500.0,11750.0,11450.0,11650.0,47113.0
4513,2020-12-15,11750.0,15250.0,11700.0,13800.0,2232166.0
4514,2020-12-15,13900.0,14450.0,13700.0,14200.0,418960.0
4515,2020-12-15,14200.0,14850.0,13000.0,13300.0,1049747.0
4516,2020-12-15,13350.0,13500.0,12800.0,13500.0,185841.0
4517,2020-12-16,13400.0,13550.0,13400.0,13450.0,39459.0
4518,2020-12-16,14000.0,14150.0,13300.0,13500.0,556278.0
4519,2020-12-16,13500.0,13750.0,13400.0,13550.0,77104.0
4520,2020-12-16,13500.0,13650.0,13400.0,13400.0,60681.0
4521,2020-12-17,13300.0,13300.0,12700.0,12700.0,134349.0
4522,2020-12-17,12750.0,13200.0,12700.0,13200.0,55894.0
4523,2020-12-17,13150.0,17000.0,13150.0,15450.0,4174193.0
4524,2020-12-17,15400.0,15800.0,14350.0,14400.0,289912.0
4525,2020-12-18,15700.0,15800.0,14900.0,15800.0,233878.0
4526,2020-12-18,15700.0,15700.0,15300.0,15600.0,72616.0
4527,2020-12-18,15300.0,15300.0,15100.0,15250.0,58957.0
4528,2020-12-18,15000.0,15000.0,15000.0,15000.0,44896.0
4529,2020-12-21,15600.0,18300.0,15600.0,18300.0,249321.0
4530,2020-12-21,19100.0,19350.0,17900.0,19100.0,150462.0
4531,2020-12-21,19000.0,19250.0,18750.0,19250.0,71715.0
4532,2020-12-21,19450.0,19500.0,19450.0,19500.0,116327.0
4533,2020-12-22,19200.0,19250.0,18500.0,19250.0,73161.0
4534,2020-12-22,18950.0,19450.0,18950.0,19450.0,48545.0
4535,2020-12-22,21000.0,22200.0,17600.0,17600.0,278348.0
4536,2020-12-22,19800.0,19800.0,18750.0,19000.0,127514.0
4537,2020-12-23,18250.0,18450.0,17700.0,17700.0,40527.0
4538,2020-12-23,15500.0,15800.0,15500.0,15800.0,48313.0
4539,2020-12-23,19350.0,19350.0,18350.0,18450.0,58172.0
4540,2020-12-23,17850.0,17850.0,15100.0,15100.0,107514.0
4541,2020-12-24,15600.0,17800.0,13300.0,13850.0,149774.0
4542,2020-12-24,14000.0,14400.0,13850.0,14400.0,53362.0
4543,2020-12-24,14700.0,14700.0,14000.0,14000.0,36471.0
4544,2020-12-24,14100.0,14300.0,14100.0,14300.0,20370.0
4545,2020-12-28,14500.0,14750.0,14350.0,14350.0,92093.0
4546,2020-12-28,13750.0,13750.0,13450.0,13750.0,68876.0
4547,2020-12-28,14000.0,14200.0,14000.0,14200.0,49795.0
4548,2020-12-28,14700.0,14700.0,14050.0,14050.0,47167.0
4549,2020-12-29,13850.0,14850.0,13750.0,14150.0,327723.0
4550,2020-12-29,14100.0,14350.0,13950.0,14050.0,60484.0
4551,2020-12-29,14050.0,14400.0,13950.0,14150.0,58341.0
4552,2020-12-29,14200.0,14400.0,14100.0,14350.0,25728.0
4553,2020-12-30,15950.0,16300.0,15850.0,16300.0,73703.0
4554,2020-12-30,16550.0,17000.0,15550.0,15950.0,715569.0
4555,2020-12-30,14150.0,14550.0,14100.0,14300.0,83931.0
4556,2020-12-30,14200.0,17600.0,14200.0,16550.0,1029051.0
4557,2021-01-04,19100.0,19300.0,18400.0,18700.0,162541.0
4558,2021-01-04,18800.0,19200.0,18400.0,19000.0,117098.0
4559,2021-01-04,17200.0,19550.0,16700.0,19100.0,1085192.0
4560,2021-01-05,20100.0,21050.0,18200.0,18900.0,677877.0
4561,2021-01-05,18950.0,19100.0,18700.0,19000.0,48532.0
4562,2021-01-05,19000.0,20600.0,19000.0,20500.0,614307.0
4563,2021-01-05,20450.0,24500.0,20050.0,23350.0,1423029.0
4564,2021-01-06,22950.0,23450.0,22150.0,22500.0,175821.0
4565,2021-01-06,22500.0,23850.0,22350.0,22600.0,200234.0
4566,2021-01-06,22600.0,22650.0,21850.0,22000.0,74333.0
4567,2021-01-06,22250.0,25000.0,20600.0,23000.0,1386142.0
4568,2021-01-07,21600.0,22850.0,21600.0,21950.0,201253.0
4569,2021-01-07,21900.0,22200.0,21600.0,21850.0,63621.0
4570,2021-01-07,21900.0,22000.0,20150.0,21600.0,105973.0
4571,2021-01-07,21550.0,21650.0,21150.0,21150.0,16354.0
4572,2021-01-08,19900.0,19900.0,19600.0,19750.0,13098.0
4573,2021-01-08,19900.0,20100.0,19300.0,19850.0,56472.0
4574,2021-01-08,21500.0,21650.0,19100.0,19950.0,202653.0
4575,2021-01-08,19950.0,20200.0,19600.0,19900.0,30360.0
4576,2021-01-11,18500.0,20500.0,18350.0,19550.0,166718.0
4577,2021-01-11,19550.0,19750.0,18800.0,19500.0,43490.0
4578,2021-01-11,19500.0,19500.0,19250.0,19400.0,13348.0
4579,2021-01-11,19050.0,19900.0,18500.0,18500.0,88200.0
4580,2021-01-12,17800.0,18100.0,17300.0,17350.0,236859.0
4581,2021-01-12,17350.0,17500.0,16650.0,16900.0,192213.0
4582,2021-01-12,16950.0,17000.0,16300.0,16550.0,112838.0
4583,2021-01-12,16500.0,16750.0,16350.0,16650.0,24971.0
4584,2021-01-13,16600.0,16650.0,16350.0,16650.0,22217.0
4585,2021-01-13,16700.0,16800.0,16450.0,16600.0,36412.0
4586,2021-01-13,16600.0,16700.0,16300.0,16600.0,41549.0
4587,2021-01-13,16650.0,17050.0,15950.0,16700.0,239174.0
4588,2021-01-14,17200.0,17650.0,16650.0,17150.0,279460.0
4589,2021-01-14,17150.0,17200.0,16850.0,17050.0,34010.0
4590,2021-01-14,17000.0,19150.0,17000.0,18200.0,430014.0
4591,2021-01-14,18200.0,19000.0,17850.0,19000.0,55862.0
4592,2021-01-15,19300.0,19500.0,19200.0,19450.0,26657.0
4593,2021-01-15,19900.0,20850.0,19150.0,19350.0,359996.0
4594,2021-01-15,18400.0,18750.0,17750.0,18300.0,248399.0
4595,2021-01-15,18300.0,20900.0,18100.0,19750.0,869094.0
4596,2021-01-18,19100.0,19250.0,18350.0,18700.0,199589.0
4597,2021-01-18,18700.0,19050.0,18450.0,18550.0,40303.0
4598,2021-01-18,18550.0,18700.0,18100.0,18200.0,53245.0
4599,2021-01-18,18250.0,18450.0,18200.0,18300.0,9373.0
4600,2021-01-19,18350.0,18350.0,16750.0,17600.0,207064.0
4601,2021-01-19,17600.0,18150.0,17300.0,17400.0,71533.0
4602,2021-01-19,17450.0,17800.0,17300.0,17650.0,35410.0
4603,2021-01-19,17600.0,17650.0,17450.0,17600.0,16453.0
4604,2021-01-20,17850.0,17900.0,17650.0,17650.0,14010.0
4605,2021-01-20,17100.0,18450.0,16900.0,18100.0,182495.0
4606,2021-01-20,18100.0,18350.0,17550.0,17650.0,56022.0
4607,2021-01-20,17700.0,18000.0,17450.0,17850.0,36024.0
4608,2021-01-21,17750.0,18150.0,17500.0,17800.0,174399.0
4609,2021-01-21,17800.0,18100.0,17650.0,17900.0,61931.0
4610,2021-01-21,17850.0,19250.0,17850.0,18500.0,231996.0
4611,2021-01-21,18500.0,18800.0,18400.0,18800.0,26018.0
4612,2021-01-22,18000.0,18150.0,17800.0,17800.0,34399.0
4613,2021-01-22,18300.0,18350.0,17950.0,17950.0,43857.0
4614,2021-01-22,19000.0,19150.0,18200.0,18300.0,156964.0
4615,2021-01-22,18350.0,18550.0,18300.0,18350.0,22917.0
4616,2021-01-25,17400.0,17450.0,17150.0,17200.0,17052.0
4617,2021-01-25,17050.0,17150.0,17000.0,17000.0,9110.0
4618,2021-01-25,17800.0,17850.0,17050.0,17350.0,67749.0
4619,2021-01-25,17250.0,17300.0,16950.0,17050.0,54387.0
4620,2021-01-26,17200.0,18000.0,17150.0,17400.0,85820.0
4621,2021-01-26,17400.0,17450.0,17150.0,17300.0,15131.0
4622,2021-01-26,17300.0,17400.0,17000.0,17100.0,28004.0
4623,2021-01-26,17100.0,17100.0,16850.0,16850.0,17045.0
4624,2021-01-27,16850.0,17100.0,16600.0,16750.0,48286.0
4625,2021-01-27,16800.0,17000.0,16650.0,17000.0,11748.0
4626,2021-01-27,16950.0,18150.0,16950.0,17500.0,134787.0
4627,2021-01-27,17500.0,17500.0,17250.0,17300.0,11558.0
4628,2021-01-28,16800.0,17150.0,16350.0,16550.0,85997.0
4629,2021-01-28,16600.0,16750.0,16150.0,16350.0,43726.0
4630,2021-01-28,16350.0,16350.0,15850.0,16250.0,41360.0
4631,2021-01-28,16150.0,16300.0,16100.0,16200.0,12582.0
4632,2021-01-29,15350.0,15400.0,14700.0,15250.0,61366.0
4633,2021-01-29,15350.0,15450.0,15150.0,15300.0,7183.0
4634,2021-01-29,16550.0,16550.0,15300.0,15550.0,65409.0
4635,2021-01-29,15550.0,15900.0,15000.0,15300.0,42487.0
4636,2021-02-01,15650.0,16350.0,15500.0,15500.0,83741.0
4637,2021-02-01,15500.0,15750.0,15450.0,15650.0,24685.0
4638,2021-02-01,15650.0,15750.0,15500.0,15550.0,15785.0
4639,2021-02-01,15550.0,15600.0,15400.0,15400.0,8536.0
4640,2021-02-02,15250.0,16300.0,15250.0,16150.0,64347.0
4641,2021-02-02,16150.0,16450.0,15800.0,15900.0,41332.0
4642,2021-02-02,15900.0,15950.0,15700.0,15900.0,20307.0
4643,2021-02-02,15950.0,16200.0,15800.0,15800.0,10615.0
4644,2021-02-03,16100.0,16400.0,16050.0,16250.0,11864.0
4645,2021-02-03,16200.0,16300.0,15750.0,15800.0,37335.0
4646,2021-02-03,15900.0,15950.0,15750.0,15800.0,9710.0
4647,2021-02-03,15800.0,16100.0,15700.0,16050.0,13685.0
4648,2021-02-04,16400.0,16800.0,16200.0,16400.0,30616.0
4649,2021-02-04,16300.0,16400.0,15900.0,16150.0,19072.0
4650,2021-02-04,16150.0,16200.0,15600.0,16050.0,18216.0
4651,2021-02-04,15950.0,16050.0,15850.0,15900.0,3296.0
4652,2021-02-05,15250.0,15600.0,15200.0,15400.0,13384.0
4653,2021-02-05,15450.0,15600.0,14800.0,15150.0,75750.0
4654,2021-02-05,15850.0,16100.0,15300.0,15450.0,39664.0
4655,2021-02-05,15150.0,15300.0,14950.0,15250.0,26791.0
4656,2021-02-08,15400.0,15400.0,14450.0,14700.0,66787.0
4657,2021-02-08,14750.0,14800.0,14600.0,14700.0,6974.0
4658,2021-02-08,14700.0,14800.0,14600.0,14700.0,9372.0
4659,2021-02-08,14650.0,14700.0,14550.0,14650.0,9359.0
4660,2021-02-09,14800.0,15350.0,14600.0,15150.0,41175.0
4661,2021-02-09,15250.0,15350.0,15000.0,15100.0,10138.0
4662,2021-02-09,15100.0,15300.0,15100.0,15300.0,17175.0
4663,2021-02-09,15250.0,15300.0,15100.0,15100.0,4082.0
4664,2021-02-10,17150.0,17500.0,17000.0,17500.0,62664.0
4665,2021-02-10,15050.0,16000.0,15050.0,15800.0,36411.0
4666,2021-02-10,15800.0,17100.0,15550.0,16550.0,179540.0
4667,2021-02-10,16550.0,18750.0,16300.0,17200.0,727933.0
4668,2021-02-15,17800.0,18100.0,17250.0,17800.0,163233.0
4669,2021-02-15,17700.0,17800.0,17550.0,17700.0,20537.0
4670,2021-02-15,17650.0,18050.0,17600.0,17850.0,41456.0
4671,2021-02-15,17850.0,18000.0,17800.0,17800.0,23563.0
4672,2021-02-16,17200.0,17200.0,16850.0,16850.0,13187.0
4673,2021-02-16,17450.0,17550.0,16700.0,16950.0,102100.0
4674,2021-02-16,17000.0,17200.0,16900.0,17100.0,17267.0
4675,2021-02-16,17100.0,17300.0,17000.0,17050.0,31438.0
4676,2021-02-17,17050.0,17600.0,16400.0,17000.0,102691.0
4677,2021-02-17,17000.0,17300.0,16800.0,17300.0,30132.0
4678,2021-02-17,17300.0,17350.0,17050.0,17300.0,29508.0
4679,2021-02-17,17300.0,17800.0,17250.0,17800.0,31507.0
4680,2021-02-18,17500.0,17900.0,17300.0,17650.0,53518.0
4681,2021-02-18,17650.0,17650.0,17150.0,17300.0,25132.0
4682,2021-02-18,17250.0,17350.0,17000.0,17100.0,32367.0
4683,2021-02-18,17050.0,17100.0,16800.0,16800.0,13374.0
4684,2021-02-19,16800.0,18950.0,16750.0,17900.0,519922.0
4685,2021-02-19,17900.0,18000.0,17450.0,17700.0,60610.0
4686,2021-02-19,17700.0,17950.0,17550.0,17800.0,45004.0
4687,2021-02-19,17800.0,17850.0,17600.0,17600.0,18604.0
4688,2021-02-22,17600.0,17800.0,17500.0,17500.0,14069.0
4689,2021-02-22,17450.0,17650.0,17250.0,17550.0,27884.0
4690,2021-02-22,17350.0,17900.0,16850.0,17500.0,71595.0
4691,2021-02-22,17500.0,17700.0,17300.0,17450.0,18442.0
4692,2021-02-23,18200.0,18700.0,17750.0,17950.0,228980.0
4693,2021-02-23,18000.0,18050.0,17300.0,17500.0,74351.0
4694,2021-02-23,17500.0,17600.0,17200.0,17300.0,22221.0
4695,2021-02-23,17600.0,18800.0,17150.0,18200.0,286836.0
4696,2021-02-24,17100.0,17900.0,17050.0,17350.0,95879.0
4697,2021-02-24,17450.0,17500.0,17050.0,17150.0,40515.0
4698,2021-02-24,17150.0,17200.0,16450.0,16650.0,64379.0
4699,2021-02-24,16650.0,16750.0,16400.0,16600.0,22782.0
4700,2021-02-25,17650.0,17800.0,17500.0,17700.0,21661.0
4701,2021-02-25,16850.0,17100.0,16600.0,16900.0,22065.0
4702,2021-02-25,16850.0,17800.0,16700.0,17600.0,124467.0
4703,2021-02-25,16900.0,17100.0,16650.0,16900.0,32176.0
4704,2021-02-26,17250.0,17900.0,16800.0,17350.0,119499.0
4705,2021-02-26,17350.0,17850.0,17250.0,17750.0,64160.0
4706,2021-02-26,17750.0,17750.0,17000.0,17100.0,40225.0
4707,2021-02-26,17100.0,17500.0,17100.0,17500.0,9318.0
4708,2021-03-02,17550.0,17600.0,17350.0,17600.0,8400.0
4709,2021-03-02,17650.0,17650.0,17150.0,17550.0,27574.0
4710,2021-03-02,17750.0,18100.0,17500.0,17850.0,102374.0
4711,2021-03-02,17850.0,17850.0,17500.0,17650.0,23878.0
4712,2021-03-03,17300.0,17600.0,17100.0,17350.0,43208.0
4713,2021-03-03,17250.0,17350.0,17050.0,17200.0,24197.0
4714,2021-03-03,17200.0,17300.0,17100.0,17150.0,12677.0
4715,2021-03-03,17150.0,17200.0,17000.0,17200.0,11648.0
4716,2021-03-04,16900.0,17750.0,16400.0,17250.0,112981.0
4717,2021-03-04,17200.0,17800.0,16950.0,17250.0,84448.0
4718,2021-03-04,17200.0,18100.0,17100.0,18050.0,202045.0
4719,2021-03-04,18100.0,18200.0,17800.0,17950.0,86516.0
4720,2021-03-05,17750.0,18150.0,17750.0,18150.0,17473.0
4721,2021-03-05,17600.0,18400.0,17450.0,18050.0,154887.0
4722,2021-03-05,18000.0,18100.0,17850.0,17950.0,36395.0
4723,2021-03-05,17900.0,17950.0,17600.0,17750.0,26545.0
4724,2021-03-08,18000.0,18500.0,17450.0,17850.0,108915.0
4725,2021-03-08,17800.0,17850.0,17550.0,17600.0,21033.0
4726,2021-03-08,17550.0,17600.0,17050.0,17100.0,49279.0
4727,2021-03-08,17150.0,17200.0,16900.0,17050.0,15956.0
4728,2021-03-09,17200.0,17300.0,17050.0,17250.0,14109.0
4729,2021-03-09,17000.0,18450.0,16750.0,17650.0,317809.0
4730,2021-03-09,17600.0,17650.0,17100.0,17250.0,56926.0
4731,2021-03-09,17300.0,17400.0,17000.0,17100.0,27634.0
4732,2021-03-10,17200.0,17650.0,17100.0,17350.0,31072.0
4733,2021-03-10,17300.0,17400.0,16950.0,17200.0,24086.0
4734,2021-03-10,17100.0,17200.0,16650.0,16750.0,40922.0
4735,2021-03-10,16750.0,16750.0,16500.0,16500.0,14255.0
4736,2021-03-11,16500.0,16800.0,16100.0,16200.0,34921.0
4737,2021-03-11,16250.0,16300.0,16050.0,16100.0,27404.0
4738,2021-03-11,16100.0,16100.0,15400.0,15750.0,62084.0
4739,2021-03-11,15750.0,15900.0,15650.0,15650.0,14339.0
4740,2021-03-12,16350.0,16450.0,16300.0,16300.0,3966.0
4741,2021-03-12,15650.0,16700.0,15650.0,16500.0,40172.0
4742,2021-03-12,16500.0,16700.0,16250.0,16400.0,11323.0
4743,2021-03-12,16400.0,16700.0,16250.0,16350.0,18437.0
4744,2021-03-15,16200.0,16500.0,16000.0,16250.0,26561.0
4745,2021-03-15,16300.0,16300.0,16000.0,16000.0,10491.0
4746,2021-03-15,16000.0,16250.0,15950.0,15950.0,17804.0
4747,2021-03-15,15950.0,16000.0,15750.0,16000.0,9952.0
4748,2021-03-16,15650.0,15700.0,15600.0,15600.0,6730.0
4749,2021-03-16,16250.0,16250.0,15700.0,15950.0,27498.0
4750,2021-03-16,15950.0,16050.0,15800.0,15850.0,15262.0
4751,2021-03-16,15850.0,15950.0,15450.0,15650.0,33983.0
4752,2021-03-17,15850.0,16350.0,15750.0,16100.0,34203.0
4753,2021-03-17,16150.0,16250.0,16050.0,16050.0,8133.0
4754,2021-03-17,16050.0,16100.0,15900.0,15950.0,12663.0
4755,2021-03-17,15950.0,16050.0,15800.0,15800.0,10926.0
4756,2021-03-18,15900.0,16350.0,15900.0,16000.0,22500.0
4757,2021-03-18,16050.0,16350.0,15800.0,16150.0,21015.0
4758,2021-03-18,16100.0,16250.0,16050.0,16200.0,15744.0
4759,2021-03-18,16200.0,16250.0,16050.0,16250.0,6481.0
4760,2021-03-19,16000.0,16900.0,15950.0,16550.0,27927.0
4761,2021-03-19,16500.0,16700.0,16300.0,16500.0,11464.0
4762,2021-03-19,16500.0,16600.0,16350.0,16450.0,9848.0
4763,2021-03-19,16400.0,16400.0,16250.0,16300.0,8426.0
4764,2021-03-22,16050.0,16100.0,15750.0,15800.0,37275.0
4765,2021-03-22,15800.0,15950.0,15800.0,15800.0,4909.0
4766,2021-03-22,16300.0,16450.0,15900.0,16100.0,26508.0
4767,2021-03-22,16150.0,16200.0,15950.0,16050.0,13011.0
4768,2021-03-23,15100.0,15200.0,14950.0,15050.0,20240.0
4769,2021-03-23,15100.0,15150.0,14700.0,14800.0,34003.0
4770,2021-03-23,14900.0,15000.0,14700.0,15000.0,7438.0
4771,2021-03-23,15950.0,15950.0,15050.0,15100.0,54116.0
4772,2021-03-24,14900.0,15550.0,14350.0,15400.0,77916.0
4773,2021-03-24,15450.0,15750.0,15400.0,15450.0,24629.0
4774,2021-03-24,15450.0,15750.0,15250.0,15650.0,38820.0
4775,2021-03-24,15600.0,15700.0,15550.0,15650.0,5122.0
4776,2021-03-25,15550.0,15550.0,15400.0,15400.0,2568.0
4777,2021-03-25,15550.0,15650.0,15400.0,15450.0,8161.0
4778,2021-03-25,15500.0,15550.0,15400.0,15550.0,5805.0
4779,2021-03-25,15550.0,15750.0,15400.0,15550.0,16643.0
4780,2021-03-26,15600.0,15750.0,15150.0,15250.0,25657.0
4781,2021-03-26,15250.0,15250.0,14950.0,15100.0,16009.0
4782,2021-03-26,15100.0,15200.0,14950.0,15050.0,13415.0
4783,2021-03-26,15050.0,15150.0,15000.0,15000.0,4518.0
4784,2021-03-29,16050.0,16050.0,15950.0,15950.0,4479.0
4785,2021-03-29,15750.0,16200.0,15700.0,16050.0,61375.0
4786,2021-03-29,15250.0,15850.0,15100.0,15600.0,41369.0
4787,2021-03-29,15600.0,15850.0,15450.0,15750.0,18078.0
4788,2021-03-30,15750.0,16250.0,15750.0,15800.0,22611.0
4789,2021-03-30,15950.0,16250.0,15900.0,16150.0,21652.0
4790,2021-03-30,16150.0,16200.0,16000.0,16000.0,7793.0
4791,2021-03-30,16100.0,16150.0,16000.0,16150.0,5898.0
4792,2021-03-31,16000.0,18450.0,16000.0,17200.0,718861.0
4793,2021-03-31,17100.0,17850.0,17050.0,17450.0,111313.0
4794,2021-03-31,17500.0,17850.0,17450.0,17650.0,109280.0
4795,2021-03-31,17650.0,17750.0,17500.0,17650.0,27515.0
4796,2021-04-01,17900.0,18000.0,17850.0,17850.0,17478.0
4797,2021-04-01,17600.0,17800.0,17000.0,17750.0,80502.0
4798,2021-04-01,17800.0,18000.0,17600.0,17800.0,46746.0
4799,2021-04-01,17800.0,18000.0,17650.0,17900.0,38730.0
4800,2021-04-02,17700.0,18900.0,17700.0,18150.0,223179.0
4801,2021-04-02,18200.0,18450.0,18050.0,18350.0,25875.0
4802,2021-04-02,18350.0,18750.0,18300.0,18550.0,98911.0
4803,2021-04-02,18550.0,18650.0,18450.0,18500.0,34632.0
4804,2021-04-05,19450.0,19500.0,19350.0,19400.0,25219.0
4805,2021-04-05,18350.0,19050.0,18250.0,18850.0,124254.0
4806,2021-04-05,18850.0,21300.0,18850.0,19350.0,652482.0
4807,2021-04-05,19350.0,19500.0,18850.0,19450.0,129314.0
4808,2021-04-06,19250.0,19850.0,18950.0,19250.0,127583.0
4809,2021-04-06,19300.0,19650.0,19150.0,19450.0,34051.0
4810,2021-04-06,19450.0,19600.0,19200.0,19350.0,41714.0
4811,2021-04-06,19250.0,19400.0,19050.0,19050.0,24740.0
4812,2021-04-07,18950.0,19700.0,18900.0,19250.0,90154.0
4813,2021-04-07,19350.0,19750.0,19200.0,19600.0,31352.0
4814,2021-04-07,19600.0,20500.0,19600.0,20450.0,170754.0
4815,2021-04-07,20450.0,20450.0,20150.0,20300.0,42356.0
4816,2021-04-08,26350.0,26350.0,26350.0,26350.0,1500.0
4817,2021-04-08,20450.0,20750.0,19300.0,20650.0,172528.0
4818,2021-04-08,20600.0,26350.0,20300.0,26350.0,1757969.0
4819,2021-04-08,26350.0,26350.0,26350.0,26350.0,37873.0
4820,2021-04-09,30400.0,31900.0,27600.0,28650.0,2107008.0
4821,2021-04-09,28650.0,30750.0,27400.0,27850.0,917341.0
4822,2021-04-09,27850.0,29500.0,27750.0,28600.0,416779.0
4823,2021-04-09,28550.0,29700.0,28400.0,29700.0,192786.0
4824,2021-04-12,30350.0,30650.0,30150.0,30400.0,90374.0
4825,2021-04-12,30500.0,31500.0,29050.0,30200.0,770646.0
4826,2021-04-12,30200.0,31300.0,29700.0,30000.0,312770.0
4827,2021-04-12,30000.0,30450.0,29600.0,30400.0,143562.0
4828,2021-04-13,28600.0,29900.0,28150.0,28850.0,357392.0
4829,2021-04-13,28850.0,29250.0,28750.0,28950.0,49116.0
4830,2021-04-13,28900.0,29250.0,28450.0,28600.0,81904.0
4831,2021-04-13,28500.0,28550.0,27700.0,28300.0,82831.0
4832,2021-04-14,28300.0,29350.0,26950.0,27650.0,279393.0
4833,2021-04-14,27700.0,28050.0,27650.0,27700.0,33427.0
4834,2021-04-14,27700.0,27800.0,27100.0,27350.0,54498.0
4835,2021-04-14,27350.0,27600.0,27300.0,27300.0,22223.0
4836,2021-04-15,26850.0,28250.0,26700.0,26900.0,156982.0
4837,2021-04-15,26900.0,33600.0,26000.0,31550.0,2954611.0
4838,2021-04-15,31550.0,31800.0,27300.0,27950.0,1227862.0
4839,2021-04-15,27950.0,28150.0,27500.0,27700.0,100289.0
4840,2021-04-16,29850.0,30300.0,29050.0,29950.0,311110.0
4841,2021-04-16,29900.0,30300.0,29600.0,30250.0,106976.0
4842,2021-04-16,28200.0,31000.0,27400.0,29100.0,997336.0
4843,2021-04-16,29050.0,31500.0,28950.0,29850.0,851479.0
4844,2021-04-19,29400.0,29750.0,29200.0,29300.0,68463.0
4845,2021-04-19,29350.0,29650.0,28800.0,29000.0,75939.0
4846,2021-04-19,29000.0,29100.0,28650.0,28650.0,47058.0
4847,2021-04-19,29300.0,30600.0,29100.0,29400.0,312318.0
4848,2021-04-20,28200.0,29450.0,27450.0,28950.0,233385.0
4849,2021-04-20,28950.0,29350.0,28600.0,28700.0,66384.0
4850,2021-04-20,28750.0,28800.0,28350.0,28650.0,40651.0
4851,2021-04-20,28600.0,29350.0,28550.0,29350.0,45556.0
4852,2021-04-21,28950.0,32750.0,28950.0,31050.0,978178.0
4853,2021-04-21,31050.0,32450.0,30800.0,31200.0,382556.0
4854,2021-04-21,31250.0,31850.0,30000.0,31650.0,239610.0
4855,2021-04-21,31650.0,31750.0,30900.0,31550.0,86550.0
4856,2021-04-22,31200.0,34700.0,30800.0,32850.0,924120.0
4857,2021-04-22,32800.0,34850.0,32200.0,32200.0,838586.0
4858,2021-04-22,32400.0,32700.0,31200.0,31550.0,395151.0
4859,2021-04-22,31550.0,31650.0,31250.0,31650.0,44844.0
4860,2021-04-23,31000.0,31100.0,30700.0,31050.0,32533.0
4861,2021-04-23,31550.0,31900.0,31000.0,31000.0,82253.0
4862,2021-04-23,31300.0,32350.0,31000.0,31450.0,267130.0
4863,2021-04-23,31450.0,32000.0,31000.0,31550.0,102976.0
4864,2021-04-26,30800.0,31100.0,28950.0,29450.0,193940.0
4865,2021-04-26,29450.0,29450.0,28600.0,29250.0,80456.0
4866,2021-04-26,29250.0,29300.0,27750.0,28350.0,168214.0
4867,2021-04-26,28350.0,28400.0,27500.0,27500.0,73426.0
4868,2021-04-27,28100.0,28200.0,27500.0,27600.0,58993.0
4869,2021-04-27,27600.0,28100.0,27500.0,27950.0,17311.0
4870,2021-04-27,27900.0,28850.0,26950.0,27950.0,195046.0
4871,2021-04-27,27950.0,29800.0,27800.0,28100.0,269771.0
4872,2021-04-28,27800.0,29300.0,27350.0,28550.0,119690.0
4873,2021-04-28,28550.0,29000.0,28350.0,28800.0,40414.0
4874,2021-04-28,28800.0,28900.0,28000.0,28250.0,45131.0
4875,2021-04-28,28250.0,28900.0,28250.0,28800.0,29308.0
4876,2021-04-29,29200.0,31000.0,29150.0,29700.0,382227.0
4877,2021-04-29,29700.0,30800.0,29650.0,29850.0,112258.0
4878,2021-04-29,29800.0,30500.0,29050.0,29500.0,113614.0
4879,2021-04-29,29500.0,29750.0,29300.0,29500.0,21777.0
4880,2021-04-30,28700.0,28850.0,28550.0,28600.0,13849.0
4881,2021-04-30,28900.0,29100.0,27500.0,28850.0,63657.0
4882,2021-04-30,29950.0,30700.0,28700.0,28900.0,166976.0
4883,2021-04-30,28800.0,28900.0,28250.0,28700.0,31149.0
4884,2021-05-03,29500.0,30450.0,29500.0,29950.0,63186.0
4885,2021-05-03,29900.0,29950.0,29200.0,29300.0,44863.0
4886,2021-05-03,29400.0,29450.0,29150.0,29450.0,22261.0
4887,2021-05-03,29800.0,30850.0,28800.0,29500.0,199011.0
4888,2021-05-04,29550.0,30100.0,27800.0,28350.0,156594.0
4889,2021-05-04,28500.0,29050.0,27950.0,28900.0,48969.0
4890,2021-05-04,28900.0,29550.0,28600.0,29500.0,46393.0
4891,2021-05-04,29500.0,29700.0,29400.0,29600.0,26438.0
4892,2021-05-06,29150.0,29350.0,29000.0,29000.0,20185.0
4893,2021-05-06,29350.0,30050.0,29300.0,29500.0,53309.0
4894,2021-05-06,29500.0,29650.0,29150.0,29150.0,46120.0
4895,2021-05-06,29300.0,30200.0,29300.0,29350.0,88535.0
4896,2021-05-07,28650.0,31550.0,28400.0,29900.0,497056.0
4897,2021-05-07,29900.0,30200.0,29700.0,29800.0,79058.0
4898,2021-05-07,29800.0,30750.0,29550.0,30650.0,156543.0
4899,2021-05-07,30650.0,30700.0,30200.0,30600.0,46790.0
4900,2021-05-10,28900.0,28900.0,28500.0,28650.0,59158.0
4901,2021-05-10,28950.0,29350.0,28900.0,29200.0,59844.0
4902,2021-05-10,30350.0,30350.0,28750.0,29000.0,258666.0
4903,2021-05-10,29200.0,29250.0,28800.0,28900.0,50541.0
4904,2021-05-11,28650.0,29800.0,28100.0,29250.0,171820.0
4905,2021-05-11,29250.0,29250.0,28800.0,28950.0,25655.0
4906,2021-05-11,28950.0,28950.0,28500.0,28900.0,26699.0
4907,2021-05-11,28900.0,30000.0,28900.0,30000.0,81779.0
4908,2021-05-12,29050.0,29300.0,28700.0,29000.0,42739.0
4909,2021-05-12,29000.0,29050.0,28800.0,28800.0,19026.0
4910,2021-05-12,29950.0,29950.0,29100.0,29150.0,105624.0
4911,2021-05-12,29150.0,29350.0,29050.0,29050.0,24990.0
4912,2021-05-13,28100.0,29450.0,28000.0,29050.0,86520.0
4913,2021-05-13,29050.0,30800.0,28500.0,28800.0,238558.0
4914,2021-05-13,28750.0,28800.0,28100.0,28250.0,57290.0
4915,2021-05-13,28250.0,28450.0,28100.0,28400.0,18592.0
4916,2021-05-14,29700.0,31000.0,29150.0,30600.0,825271.0
4917,2021-05-14,30550.0,30600.0,29300.0,29600.0,184748.0
4918,2021-05-14,29600.0,29950.0,28800.0,29200.0,159585.0
4919,2021-05-14,29200.0,29250.0,28700.0,28900.0,63339.0
