,Datetime,Open,High,Low,Close,Volume
0,2016-04-14,8508.0,8676.0,8272.0,8272.0,38350.0
1,2016-04-14,8272.0,8306.0,8172.0,8306.0,18340.0
2,2016-04-14,8306.0,8340.0,8104.0,8138.0,41302.0
3,2016-04-15,8138.0,8205.0,8071.0,8104.0,22588.0
4,2016-04-15,8138.0,8239.0,7869.0,8104.0,54478.0
5,2016-04-15,8138.0,8306.0,8071.0,8172.0,24300.0
6,2016-04-18,8104.0,8272.0,8104.0,8138.0,24566.0
7,2016-04-18,8172.0,8205.0,8003.0,8037.0,44235.0
8,2016-04-18,8003.0,8138.0,8003.0,8071.0,17119.0
9,2016-04-19,8071.0,8340.0,8071.0,8239.0,38362.0
10,2016-04-19,8239.0,8306.0,8205.0,8239.0,10062.0
11,2016-04-19,8272.0,8306.0,8172.0,8272.0,30367.0
12,2016-04-20,8340.0,8340.0,8138.0,8172.0,39782.0
13,2016-04-20,8172.0,8239.0,8138.0,8172.0,17006.0
14,2016-04-20,8172.0,8205.0,8104.0,8172.0,21699.0
15,2016-04-21,8071.0,8172.0,8003.0,8104.0,32131.0
16,2016-04-21,8071.0,8138.0,8003.0,8104.0,15576.0
17,2016-04-21,8071.0,8239.0,8037.0,8071.0,47119.0
18,2016-04-22,8071.0,8138.0,8003.0,8104.0,26923.0
19,2016-04-22,8104.0,8104.0,8037.0,8037.0,8658.0
20,2016-04-22,8071.0,8138.0,8003.0,8037.0,20600.0
21,2016-04-25,8003.0,8003.0,7869.0,7936.0,35239.0
22,2016-04-25,7936.0,8037.0,7869.0,8003.0,23221.0
23,2016-04-25,8037.0,8071.0,7835.0,7936.0,50347.0
24,2016-04-26,7869.0,7936.0,7835.0,7903.0,17930.0
25,2016-04-26,7869.0,7903.0,7734.0,7768.0,40644.0
26,2016-04-26,8037.0,8071.0,7835.0,7903.0,29162.0
27,2016-04-27,7734.0,7869.0,7701.0,7802.0,31416.0
28,2016-04-27,7802.0,7835.0,7734.0,7802.0,12033.0
29,2016-04-27,7768.0,7802.0,7701.0,7802.0,22036.0
30,2016-04-28,7768.0,7869.0,7768.0,7802.0,28517.0
31,2016-04-28,7802.0,7802.0,7701.0,7768.0,18761.0
32,2016-04-28,7734.0,7802.0,7634.0,7802.0,40517.0
33,2016-04-29,7835.0,7835.0,7566.0,7600.0,29853.0
34,2016-04-29,7600.0,7667.0,7566.0,7600.0,12808.0
35,2016-04-29,7600.0,7667.0,7533.0,7600.0,31063.0
36,2016-05-02,7600.0,7768.0,7398.0,7533.0,73408.0
37,2016-05-02,7533.0,7533.0,7365.0,7465.0,26612.0
38,2016-05-02,7432.0,7566.0,7398.0,7533.0,39869.0
39,2016-05-03,7432.0,7465.0,7365.0,7398.0,23429.0
40,2016-05-03,7465.0,7566.0,7398.0,7432.0,41616.0
41,2016-05-03,7465.0,7465.0,7398.0,7432.0,15074.0
42,2016-05-04,7465.0,7600.0,7465.0,7566.0,15658.0
43,2016-05-04,7600.0,7768.0,7533.0,7768.0,30347.0
44,2016-05-04,7398.0,7566.0,7365.0,7432.0,26387.0
45,2016-05-09,7835.0,7835.0,7499.0,7600.0,42456.0
46,2016-05-09,7566.0,7600.0,7499.0,7533.0,12668.0
47,2016-05-09,7533.0,7566.0,7465.0,7465.0,19680.0
48,2016-05-10,7432.0,7600.0,7432.0,7499.0,6479.0
49,2016-05-10,7499.0,7533.0,7465.0,7499.0,10983.0
50,2016-05-10,7499.0,7566.0,7499.0,7499.0,2490.0
51,2016-05-11,7499.0,7533.0,7365.0,7432.0,27842.0
52,2016-05-11,7432.0,7499.0,7398.0,7465.0,12125.0
53,2016-05-11,7465.0,7566.0,7432.0,7499.0,17629.0
54,2016-05-12,7499.0,7936.0,7465.0,7802.0,58426.0
55,2016-05-12,7768.0,7835.0,7667.0,7667.0,10775.0
56,2016-05-12,7634.0,7970.0,7634.0,7936.0,35563.0
57,2016-05-13,8003.0,8003.0,7903.0,7970.0,19242.0
58,2016-05-13,7936.0,8071.0,7936.0,8003.0,15376.0
59,2016-05-13,7903.0,8138.0,7869.0,7936.0,44383.0
60,2016-05-16,7970.0,8003.0,7768.0,8003.0,14536.0
61,2016-05-16,7970.0,8003.0,7835.0,7869.0,10456.0
62,2016-05-16,7869.0,7903.0,7835.0,7835.0,8197.0
63,2016-05-17,7835.0,7936.0,7634.0,7802.0,20080.0
64,2016-05-17,7734.0,7802.0,7634.0,7802.0,7267.0
65,2016-05-17,7768.0,7802.0,7634.0,7701.0,21015.0
66,2016-05-18,7667.0,7768.0,7600.0,7734.0,15935.0
67,2016-05-18,7634.0,7768.0,7600.0,7667.0,26861.0
68,2016-05-18,7634.0,7667.0,7566.0,7634.0,10642.0
69,2016-05-19,7701.0,7701.0,7566.0,7600.0,12488.0
70,2016-05-19,7634.0,7667.0,7533.0,7533.0,6426.0
71,2016-05-19,7566.0,7600.0,7432.0,7566.0,35071.0
72,2016-05-20,7566.0,7667.0,7365.0,7499.0,24759.0
73,2016-05-20,7499.0,7566.0,7398.0,7566.0,14030.0
74,2016-05-20,7566.0,7634.0,7499.0,7533.0,10251.0
75,2016-05-23,7970.0,8003.0,7768.0,7869.0,18679.0
76,2016-05-23,7667.0,7869.0,7566.0,7835.0,28087.0
77,2016-05-23,7802.0,8037.0,7802.0,7970.0,58947.0
78,2016-05-24,7936.0,8037.0,7768.0,7802.0,23318.0
79,2016-05-24,7802.0,7802.0,7667.0,7701.0,9676.0
80,2016-05-24,7667.0,7802.0,7667.0,7802.0,21162.0
81,2016-05-25,7802.0,7903.0,7701.0,7802.0,24381.0
82,2016-05-25,7768.0,7802.0,7701.0,7802.0,12742.0
83,2016-05-25,7802.0,7869.0,7768.0,7802.0,25224.0
84,2016-05-26,7835.0,7903.0,7701.0,7869.0,26053.0
85,2016-05-26,7835.0,7835.0,7701.0,7734.0,25727.0
86,2016-05-26,7734.0,7768.0,7634.0,7734.0,29398.0
87,2016-05-27,7802.0,7802.0,7264.0,7499.0,74275.0
88,2016-05-27,7533.0,7566.0,7465.0,7499.0,10409.0
89,2016-05-27,7499.0,7499.0,7331.0,7398.0,56978.0
90,2016-05-30,7331.0,7499.0,7230.0,7365.0,46622.0
91,2016-05-30,7331.0,7600.0,7331.0,7600.0,18201.0
92,2016-05-30,7600.0,7600.0,7331.0,7331.0,29785.0
93,2016-05-31,7398.0,7667.0,7398.0,7667.0,60879.0
94,2016-05-31,7331.0,7533.0,7264.0,7331.0,48740.0
95,2016-05-31,7331.0,7432.0,7297.0,7398.0,44169.0
96,2016-06-01,7667.0,7835.0,7634.0,7667.0,34954.0
97,2016-06-01,7667.0,7667.0,7566.0,7600.0,25343.0
98,2016-06-01,7566.0,7634.0,7432.0,7600.0,29980.0
99,2016-06-02,7533.0,7634.0,7499.0,7533.0,13530.0
100,2016-06-02,7533.0,7600.0,7465.0,7465.0,10781.0
101,2016-06-02,7465.0,7499.0,7365.0,7499.0,35253.0
102,2016-06-03,7365.0,7432.0,7331.0,7398.0,33618.0
103,2016-06-03,7398.0,7465.0,7365.0,7398.0,17926.0
104,2016-06-03,7398.0,7499.0,7331.0,7398.0,34182.0
105,2016-06-07,7432.0,7533.0,7398.0,7432.0,21143.0
106,2016-06-07,7432.0,7465.0,7331.0,7398.0,17722.0
107,2016-06-07,7398.0,7465.0,7365.0,7465.0,24665.0
108,2016-06-08,7465.0,7499.0,7331.0,7432.0,14739.0
109,2016-06-08,7398.0,7432.0,7331.0,7365.0,19128.0
110,2016-06-08,7365.0,7432.0,7297.0,7365.0,27520.0
111,2016-06-09,7163.0,7230.0,7129.0,7129.0,28760.0
112,2016-06-09,7297.0,7365.0,7196.0,7297.0,53222.0
113,2016-06-09,7297.0,7297.0,7129.0,7163.0,21818.0
114,2016-06-10,7230.0,7264.0,7062.0,7096.0,39377.0
115,2016-06-10,7062.0,7129.0,7062.0,7129.0,13114.0
116,2016-06-10,7129.0,7163.0,7096.0,7163.0,20279.0
117,2016-06-13,7163.0,7163.0,6961.0,7062.0,16549.0
118,2016-06-13,7028.0,7129.0,7028.0,7129.0,13531.0
119,2016-06-13,7129.0,7129.0,6927.0,7062.0,31205.0
120,2016-06-14,6961.0,7062.0,6927.0,7062.0,11327.0
121,2016-06-14,6961.0,7196.0,6927.0,6961.0,24439.0
122,2016-06-14,6961.0,6995.0,6927.0,6961.0,6131.0
123,2016-06-15,7062.0,7096.0,6927.0,6995.0,19840.0
124,2016-06-15,6961.0,7062.0,6961.0,7062.0,3118.0
125,2016-06-15,7096.0,7129.0,6995.0,7096.0,15708.0
126,2016-06-16,7096.0,7096.0,6995.0,7028.0,18122.0
127,2016-06-16,7096.0,7096.0,6826.0,6927.0,38843.0
128,2016-06-16,6894.0,6927.0,6826.0,6860.0,25710.0
129,2016-06-17,6927.0,7062.0,6826.0,6995.0,29898.0
130,2016-06-17,6860.0,7028.0,6860.0,6995.0,25022.0
131,2016-06-17,6995.0,7096.0,6927.0,6927.0,12646.0
132,2016-06-20,6894.0,6995.0,6860.0,6860.0,17886.0
133,2016-06-20,6860.0,6927.0,6826.0,6860.0,11689.0
134,2016-06-20,6860.0,6927.0,6826.0,6894.0,23470.0
135,2016-06-21,6927.0,6961.0,6860.0,6927.0,18170.0
136,2016-06-21,6927.0,6995.0,6894.0,6995.0,12433.0
137,2016-06-21,6995.0,6995.0,6894.0,6927.0,6354.0
138,2016-06-22,6927.0,7028.0,6860.0,6995.0,27190.0
139,2016-06-22,6995.0,6995.0,6894.0,6894.0,6099.0
140,2016-06-22,6927.0,6961.0,6860.0,6894.0,20304.0
141,2016-06-23,6826.0,6860.0,6719.0,6759.0,39914.0
142,2016-06-23,6759.0,6793.0,6578.0,6584.0,44639.0
143,2016-06-23,6584.0,6793.0,6584.0,6793.0,28261.0
144,2016-06-24,6557.0,6645.0,6389.0,6504.0,23720.0
145,2016-06-24,6726.0,6860.0,6557.0,6712.0,24057.0
146,2016-06-24,6672.0,6672.0,6551.0,6557.0,110117.0
147,2016-06-27,6685.0,6726.0,6645.0,6705.0,11732.0
148,2016-06-27,6262.0,6658.0,6262.0,6625.0,49317.0
149,2016-06-27,6645.0,6692.0,6564.0,6685.0,14209.0
150,2016-06-28,6719.0,6793.0,6705.0,6793.0,10912.0
151,2016-06-28,6524.0,6726.0,6524.0,6705.0,19056.0
152,2016-06-28,6726.0,6759.0,6712.0,6719.0,8384.0
153,2016-06-29,6826.0,6826.0,6705.0,6726.0,26631.0
154,2016-06-29,6726.0,6759.0,6699.0,6719.0,12442.0
155,2016-06-29,6726.0,6759.0,6692.0,6726.0,24051.0
156,2016-06-30,6759.0,7432.0,6726.0,7264.0,124825.0
157,2016-06-30,7264.0,7264.0,6995.0,7096.0,31679.0
158,2016-06-30,7096.0,7129.0,6961.0,7129.0,28741.0
159,2016-07-01,7196.0,7331.0,7163.0,7264.0,38044.0
160,2016-07-01,7230.0,7398.0,7230.0,7365.0,34512.0
161,2016-07-01,7398.0,7465.0,7365.0,7365.0,29616.0
162,2016-07-04,7465.0,7465.0,7230.0,7230.0,31606.0
163,2016-07-04,7264.0,7297.0,7230.0,7264.0,3777.0
164,2016-07-04,7297.0,7331.0,7230.0,7297.0,19031.0
165,2016-07-05,7196.0,7230.0,7163.0,7196.0,24570.0
166,2016-07-05,7230.0,7297.0,7163.0,7163.0,13191.0
167,2016-07-05,7196.0,7297.0,7196.0,7230.0,12725.0
168,2016-07-06,7297.0,7297.0,7096.0,7096.0,9838.0
169,2016-07-06,7129.0,7196.0,7028.0,7096.0,15977.0
170,2016-07-06,7096.0,7196.0,7062.0,7129.0,19250.0
171,2016-07-07,7196.0,7196.0,7062.0,7196.0,23550.0
172,2016-07-07,7196.0,7297.0,7196.0,7196.0,13780.0
173,2016-07-07,7196.0,7230.0,7163.0,7163.0,13507.0
174,2016-07-08,7230.0,7230.0,7062.0,7163.0,29938.0
175,2016-07-08,7096.0,7129.0,7028.0,7096.0,12988.0
176,2016-07-08,7096.0,7129.0,7028.0,7129.0,9615.0
177,2016-07-11,7062.0,7129.0,6894.0,7028.0,36702.0
178,2016-07-11,6961.0,7028.0,6894.0,6927.0,15155.0
179,2016-07-11,6995.0,6995.0,6894.0,6894.0,21208.0
180,2016-07-12,6961.0,6995.0,6894.0,6894.0,9343.0
181,2016-07-12,6961.0,7028.0,6927.0,6961.0,10376.0
182,2016-07-12,6961.0,7062.0,6927.0,6927.0,16273.0
183,2016-07-13,6860.0,6927.0,6826.0,6860.0,15720.0
184,2016-07-13,6894.0,6995.0,6860.0,6894.0,19978.0
185,2016-07-13,6894.0,6894.0,6826.0,6860.0,12310.0
186,2016-07-14,6860.0,6894.0,6793.0,6894.0,21473.0
187,2016-07-14,6894.0,7062.0,6860.0,6961.0,28357.0
188,2016-07-14,6961.0,7096.0,6927.0,7096.0,21469.0
189,2016-07-15,7096.0,7264.0,6995.0,6995.0,23539.0
190,2016-07-15,7028.0,7096.0,6995.0,7062.0,8292.0
191,2016-07-15,7028.0,7196.0,7028.0,7196.0,6761.0
192,2016-07-18,7297.0,7297.0,6995.0,7062.0,13127.0
193,2016-07-18,7062.0,7062.0,6927.0,6961.0,25416.0
194,2016-07-18,6927.0,7196.0,6927.0,7196.0,78879.0
195,2016-07-19,7163.0,7230.0,7062.0,7163.0,21794.0
196,2016-07-19,7163.0,7297.0,7163.0,7230.0,21764.0
197,2016-07-19,7230.0,7264.0,7129.0,7196.0,28307.0
198,2016-07-20,7062.0,7062.0,6927.0,6927.0,23607.0
199,2016-07-20,7062.0,7129.0,6995.0,7062.0,34597.0
200,2016-07-20,7196.0,7196.0,7028.0,7062.0,20086.0
201,2016-07-21,6961.0,7062.0,6927.0,6961.0,11542.0
202,2016-07-21,6961.0,6995.0,6961.0,6995.0,16297.0
203,2016-07-21,6961.0,6995.0,6894.0,6961.0,6332.0
204,2016-07-22,6961.0,7028.0,6894.0,7028.0,3878.0
205,2016-07-22,6995.0,7096.0,6961.0,6961.0,13794.0
206,2016-07-22,6961.0,7129.0,6961.0,7129.0,19038.0
207,2016-07-25,7129.0,7230.0,6995.0,7096.0,34488.0
208,2016-07-25,7096.0,7129.0,7028.0,7028.0,6949.0
209,2016-07-25,7062.0,7163.0,7028.0,7028.0,19468.0
210,2016-07-26,6995.0,7196.0,6995.0,7129.0,33323.0
211,2016-07-26,7096.0,7096.0,7028.0,7096.0,4909.0
212,2016-07-26,7096.0,7163.0,7096.0,7096.0,18675.0
213,2016-07-27,8272.0,8407.0,7970.0,8003.0,532767.0
214,2016-07-27,7129.0,7734.0,7129.0,7634.0,177181.0
215,2016-07-27,7600.0,8575.0,7533.0,8272.0,1187800.0
216,2016-07-28,7936.0,7970.0,7802.0,7835.0,83134.0
217,2016-07-28,7903.0,7936.0,7734.0,7869.0,115537.0
218,2016-07-28,7970.0,8172.0,7835.0,7936.0,229799.0
219,2016-07-29,7936.0,8104.0,7432.0,7465.0,469330.0
220,2016-07-29,7499.0,7600.0,7465.0,7533.0,42043.0
221,2016-07-29,7533.0,7566.0,7432.0,7432.0,96228.0
222,2016-08-01,7230.0,7365.0,7096.0,7264.0,221504.0
223,2016-08-01,7264.0,7297.0,7163.0,7196.0,40382.0
224,2016-08-01,7230.0,7230.0,7196.0,7230.0,22450.0
225,2016-08-01,7230.0,7264.0,7196.0,7230.0,41665.0
226,2016-08-02,7196.0,7499.0,7163.0,7432.0,130400.0
227,2016-08-02,7432.0,7465.0,7331.0,7331.0,31223.0
228,2016-08-02,7331.0,7365.0,7264.0,7331.0,49725.0
229,2016-08-02,7365.0,7398.0,7331.0,7398.0,12453.0
230,2016-08-03,7398.0,7398.0,7297.0,7331.0,16921.0
231,2016-08-03,7297.0,7365.0,7264.0,7297.0,14611.0
232,2016-08-03,7398.0,7398.0,7230.0,7297.0,60087.0
233,2016-08-03,7297.0,7398.0,7230.0,7398.0,41368.0
234,2016-08-04,7331.0,7398.0,7264.0,7331.0,56708.0
235,2016-08-04,7331.0,7365.0,7264.0,7297.0,31134.0
236,2016-08-04,7297.0,7365.0,7230.0,7297.0,29015.0
237,2016-08-04,7297.0,7331.0,7297.0,7331.0,9788.0
238,2016-08-05,7365.0,7667.0,7331.0,7600.0,170416.0
239,2016-08-05,7600.0,8037.0,7566.0,7734.0,237215.0
240,2016-08-05,7734.0,7768.0,7566.0,7634.0,68908.0
241,2016-08-05,7634.0,7667.0,7600.0,7667.0,12171.0
242,2016-08-08,7768.0,7835.0,7600.0,7667.0,55849.0
243,2016-08-08,7634.0,7734.0,7365.0,7566.0,94635.0
244,2016-08-08,7533.0,7634.0,7499.0,7600.0,29790.0
245,2016-08-08,7600.0,7634.0,7600.0,7600.0,9263.0
246,2016-08-09,7936.0,8239.0,7802.0,8037.0,147293.0
247,2016-08-09,8003.0,8306.0,7970.0,8239.0,88192.0
248,2016-08-09,7634.0,7869.0,7499.0,7734.0,65042.0
249,2016-08-09,7734.0,8003.0,7734.0,7835.0,126172.0
250,2016-08-10,8272.0,8272.0,8003.0,8205.0,81534.0
251,2016-08-10,8205.0,8272.0,8172.0,8239.0,33210.0
252,2016-08-10,8239.0,8340.0,8172.0,8239.0,46298.0
253,2016-08-10,8239.0,8306.0,8239.0,8272.0,19005.0
254,2016-08-11,8272.0,8441.0,8138.0,8340.0,113077.0
255,2016-08-11,8340.0,8878.0,8340.0,8441.0,280858.0
256,2016-08-11,8407.0,8441.0,8272.0,8407.0,54682.0
257,2016-08-11,8407.0,8609.0,8373.0,8609.0,33087.0
258,2016-08-12,8710.0,8777.0,8676.0,8743.0,22409.0
259,2016-08-12,8508.0,8642.0,8407.0,8508.0,59640.0
260,2016-08-12,8508.0,8844.0,8508.0,8710.0,81206.0
261,2016-08-12,8710.0,8811.0,8642.0,8710.0,51738.0
262,2016-08-16,8710.0,8743.0,8306.0,8474.0,125079.0
263,2016-08-16,8474.0,8508.0,8373.0,8407.0,17044.0
264,2016-08-16,8441.0,8441.0,7936.0,7970.0,168561.0
265,2016-08-16,7970.0,8071.0,7936.0,8003.0,46777.0
266,2016-08-17,7734.0,7802.0,7701.0,7768.0,15553.0
267,2016-08-17,7970.0,8104.0,7701.0,7835.0,95179.0
268,2016-08-17,7835.0,7869.0,7701.0,7802.0,35619.0
269,2016-08-17,7802.0,7869.0,7634.0,7768.0,53249.0
270,2016-08-18,7768.0,7903.0,7734.0,7835.0,35300.0
271,2016-08-18,7802.0,7835.0,7600.0,7667.0,54373.0
272,2016-08-18,7667.0,8542.0,7365.0,7936.0,541332.0
273,2016-08-18,7936.0,7970.0,7600.0,7768.0,131836.0
274,2016-08-19,7734.0,7768.0,7398.0,7566.0,179371.0
275,2016-08-19,7533.0,7566.0,7297.0,7398.0,138635.0
276,2016-08-19,7365.0,7432.0,7028.0,7163.0,194951.0
277,2016-08-19,7163.0,7196.0,7062.0,7129.0,45352.0
278,2016-08-22,6826.0,6995.0,6719.0,6961.0,299357.0
279,2016-08-22,6961.0,7062.0,6927.0,6961.0,59863.0
280,2016-08-22,6927.0,7028.0,6894.0,6995.0,38230.0
281,2016-08-22,6995.0,7028.0,6961.0,7028.0,13834.0
282,2016-08-23,6961.0,7129.0,6961.0,7096.0,72786.0
283,2016-08-23,7062.0,7096.0,7028.0,7096.0,24666.0
284,2016-08-23,7028.0,7096.0,6961.0,7028.0,38744.0
285,2016-08-23,7062.0,7196.0,6995.0,7062.0,74169.0
286,2016-08-24,7096.0,7163.0,7062.0,7129.0,18460.0
287,2016-08-24,7062.0,7196.0,6961.0,7062.0,62505.0
288,2016-08-24,7062.0,7096.0,7028.0,7028.0,19913.0
289,2016-08-24,7062.0,7163.0,7028.0,7062.0,32866.0
290,2016-08-25,7129.0,7129.0,6860.0,6927.0,81810.0
291,2016-08-25,6961.0,6995.0,6860.0,6927.0,28450.0
292,2016-08-25,6927.0,6961.0,6726.0,6759.0,120096.0
293,2016-08-25,6793.0,6826.0,6759.0,6793.0,20314.0
294,2016-08-26,6826.0,6860.0,6584.0,6591.0,94763.0
295,2016-08-26,6598.0,6658.0,6578.0,6611.0,30649.0
296,2016-08-26,6611.0,6638.0,6571.0,6618.0,23137.0
297,2016-08-26,6618.0,6665.0,6605.0,6665.0,10163.0
298,2016-08-29,6625.0,6719.0,6517.0,6517.0,38905.0
299,2016-08-29,6510.0,6510.0,6349.0,6443.0,38120.0
300,2016-08-29,6450.0,6463.0,6369.0,6416.0,29102.0
301,2016-08-29,6416.0,6457.0,6362.0,6416.0,20250.0
302,2016-08-30,6443.0,6490.0,6436.0,6490.0,5139.0
303,2016-08-30,6517.0,6524.0,6423.0,6457.0,18159.0
304,2016-08-30,6383.0,6605.0,6356.0,6537.0,42350.0
305,2016-08-30,6564.0,6591.0,6504.0,6510.0,12169.0
306,2016-08-31,6544.0,6557.0,6336.0,6463.0,36096.0
307,2016-08-31,6409.0,6423.0,6322.0,6369.0,18496.0
308,2016-08-31,6342.0,6396.0,6288.0,6342.0,42064.0
309,2016-08-31,6342.0,6463.0,6342.0,6463.0,9738.0
310,2016-09-01,6356.0,6510.0,6356.0,6457.0,42663.0
311,2016-09-01,6430.0,6470.0,6409.0,6450.0,6866.0
312,2016-09-01,6450.0,6490.0,6436.0,6490.0,11743.0
313,2016-09-01,6490.0,6510.0,6457.0,6510.0,4616.0
314,2016-09-02,6483.0,6531.0,6443.0,6470.0,28600.0
315,2016-09-02,6463.0,6470.0,6409.0,6409.0,11588.0
316,2016-09-02,6409.0,6463.0,6403.0,6430.0,8877.0
317,2016-09-02,6443.0,6457.0,6376.0,6457.0,14963.0
318,2016-09-05,6248.0,6309.0,6248.0,6268.0,22465.0
319,2016-09-05,6255.0,6295.0,6188.0,6241.0,21073.0
320,2016-09-05,6275.0,6295.0,6140.0,6255.0,49259.0
321,2016-09-05,6403.0,6430.0,6262.0,6275.0,25066.0
322,2016-09-06,6201.0,6255.0,6174.0,6255.0,7352.0
323,2016-09-06,6315.0,6315.0,6174.0,6275.0,44847.0
324,2016-09-06,6275.0,6282.0,6194.0,6241.0,15632.0
325,2016-09-06,6221.0,6248.0,6167.0,6201.0,23789.0
326,2016-09-07,6248.0,6255.0,6174.0,6188.0,8597.0
327,2016-09-07,6188.0,6201.0,5912.0,5993.0,93465.0
328,2016-09-07,5986.0,6040.0,5939.0,5972.0,58635.0
329,2016-09-07,5972.0,5993.0,5932.0,5986.0,19763.0
330,2016-09-08,5952.0,6221.0,5952.0,6161.0,70341.0
331,2016-09-08,6167.0,6188.0,6107.0,6147.0,16839.0
332,2016-09-08,6161.0,6181.0,6046.0,6147.0,23016.0
333,2016-09-08,6147.0,6161.0,5959.0,5959.0,42721.0
334,2016-09-09,5986.0,6053.0,5865.0,6046.0,52961.0
335,2016-09-09,6040.0,6134.0,5979.0,6120.0,14034.0
336,2016-09-09,6127.0,6369.0,6087.0,6322.0,78144.0
337,2016-09-09,6322.0,6457.0,6315.0,6457.0,48617.0
338,2016-09-12,6181.0,6221.0,6167.0,6167.0,9354.0
339,2016-09-12,6194.0,6268.0,6181.0,6181.0,34427.0
340,2016-09-12,6268.0,6282.0,6161.0,6194.0,54451.0
341,2016-09-12,6349.0,6389.0,6201.0,6248.0,54374.0
342,2016-09-13,6167.0,6356.0,6053.0,6087.0,38254.0
343,2016-09-13,6087.0,6120.0,6046.0,6053.0,18746.0
344,2016-09-13,6046.0,6181.0,6046.0,6107.0,29418.0
345,2016-09-13,6114.0,6154.0,5986.0,6046.0,18372.0
346,2016-09-19,6053.0,6161.0,5993.0,6053.0,31487.0
347,2016-09-19,6080.0,6107.0,6046.0,6107.0,17197.0
348,2016-09-19,6107.0,6134.0,6006.0,6120.0,42303.0
349,2016-09-19,6120.0,6134.0,6080.0,6080.0,5578.0
350,2016-09-20,6040.0,6114.0,6040.0,6053.0,21920.0
351,2016-09-20,6053.0,6134.0,6046.0,6127.0,22155.0
352,2016-09-20,6127.0,6228.0,6107.0,6174.0,24266.0
353,2016-09-20,6174.0,6255.0,6167.0,6255.0,10055.0
354,2016-09-21,6692.0,6712.0,6645.0,6712.0,10985.0
355,2016-09-21,6679.0,6793.0,6578.0,6692.0,53430.0
356,2016-09-21,6235.0,6826.0,6235.0,6598.0,173496.0
357,2016-09-21,6605.0,6726.0,6578.0,6679.0,30686.0
358,2016-09-22,6726.0,6793.0,6705.0,6705.0,16943.0
359,2016-09-22,6665.0,6672.0,6658.0,6658.0,2208.0
360,2016-09-22,6712.0,6793.0,6618.0,6726.0,70129.0
361,2016-09-22,6705.0,6712.0,6665.0,6665.0,16421.0
362,2016-09-23,6611.0,6894.0,6611.0,6793.0,25534.0
363,2016-09-23,6793.0,6894.0,6719.0,6793.0,27487.0
364,2016-09-23,6793.0,7028.0,6793.0,6995.0,42815.0
365,2016-09-23,6995.0,7028.0,6961.0,6995.0,12758.0
366,2016-09-26,6995.0,7297.0,6961.0,7028.0,100917.0
367,2016-09-26,7096.0,7129.0,6995.0,7129.0,25145.0
368,2016-09-26,7028.0,7129.0,7028.0,7062.0,7424.0
369,2016-09-26,7028.0,7129.0,6995.0,7096.0,17018.0
370,2016-09-27,6961.0,7129.0,6961.0,7062.0,20201.0
371,2016-09-27,7096.0,7096.0,6927.0,6961.0,25004.0
372,2016-09-27,6961.0,7028.0,6961.0,7028.0,6382.0
373,2016-09-27,6995.0,7062.0,6961.0,7028.0,7565.0
374,2016-09-28,6961.0,6995.0,6961.0,6995.0,4358.0
375,2016-09-28,7028.0,7062.0,6927.0,7028.0,13851.0
376,2016-09-28,6927.0,7028.0,6927.0,6961.0,8823.0
377,2016-09-28,7028.0,7129.0,6961.0,7062.0,15587.0
378,2016-09-29,7028.0,7331.0,6995.0,7230.0,58178.0
379,2016-09-29,7196.0,7331.0,7196.0,7264.0,32222.0
380,2016-09-29,7264.0,7297.0,7129.0,7230.0,22209.0
381,2016-09-29,7196.0,7230.0,7196.0,7196.0,4465.0
382,2016-09-30,7196.0,7196.0,6995.0,6995.0,33651.0
383,2016-09-30,6995.0,7028.0,6826.0,6860.0,26359.0
384,2016-09-30,6860.0,6995.0,6759.0,6894.0,37481.0
385,2016-09-30,6894.0,6927.0,6793.0,6793.0,13872.0
386,2016-10-04,6793.0,7129.0,6793.0,6927.0,31127.0
387,2016-10-04,6961.0,6995.0,6894.0,6894.0,7235.0
388,2016-10-04,6894.0,6927.0,6860.0,6927.0,4728.0
389,2016-10-04,6927.0,6927.0,6894.0,6894.0,2571.0
390,2016-10-05,6826.0,6894.0,6793.0,6860.0,5519.0
391,2016-10-05,6826.0,6860.0,6793.0,6860.0,3685.0
392,2016-10-05,6793.0,6961.0,6793.0,6860.0,15807.0
393,2016-10-05,6894.0,6894.0,6793.0,6860.0,6132.0
394,2016-10-06,6860.0,6961.0,6793.0,6927.0,23752.0
395,2016-10-06,6927.0,6927.0,6793.0,6826.0,8961.0
396,2016-10-06,6826.0,7062.0,6759.0,6995.0,27647.0
397,2016-10-06,6995.0,7028.0,6961.0,7028.0,7916.0
398,2016-10-07,7096.0,8272.0,7096.0,7903.0,797400.0
399,2016-10-07,7936.0,8003.0,7499.0,7566.0,548623.0
400,2016-10-07,7566.0,7600.0,7331.0,7365.0,132671.0
401,2016-10-07,7398.0,7398.0,7331.0,7331.0,41823.0
402,2016-10-10,7264.0,7432.0,7264.0,7398.0,23475.0
403,2016-10-10,7264.0,7398.0,7096.0,7196.0,144461.0
404,2016-10-10,7196.0,7264.0,7163.0,7196.0,12747.0
405,2016-10-10,7163.0,7331.0,7163.0,7297.0,18913.0
406,2016-10-11,7365.0,7701.0,7365.0,7566.0,102440.0
407,2016-10-11,7533.0,7566.0,7398.0,7432.0,37356.0
408,2016-10-11,7465.0,7600.0,7398.0,7566.0,45764.0
409,2016-10-11,7566.0,7566.0,7465.0,7465.0,19802.0
410,2016-10-12,7432.0,7432.0,7331.0,7398.0,26060.0
411,2016-10-12,7365.0,7566.0,7365.0,7432.0,26787.0
412,2016-10-12,7432.0,7533.0,7432.0,7465.0,12499.0
413,2016-10-12,7465.0,7634.0,7432.0,7432.0,29966.0
414,2016-10-13,7365.0,7499.0,7365.0,7398.0,22179.0
415,2016-10-13,7398.0,7398.0,7264.0,7331.0,19155.0
416,2016-10-13,7331.0,7398.0,7163.0,7264.0,32098.0
417,2016-10-13,7297.0,7365.0,7264.0,7297.0,8567.0
418,2016-10-14,7264.0,7465.0,7230.0,7365.0,24391.0
419,2016-10-14,7365.0,7398.0,7297.0,7331.0,13077.0
420,2016-10-14,7365.0,7365.0,7230.0,7331.0,27389.0
421,2016-10-14,7297.0,7398.0,7264.0,7365.0,6528.0
422,2016-10-17,7264.0,7365.0,7230.0,7264.0,37607.0
423,2016-10-17,7264.0,7297.0,7129.0,7230.0,46973.0
424,2016-10-17,7196.0,7297.0,7196.0,7264.0,10746.0
425,2016-10-17,7264.0,7264.0,7196.0,7196.0,10453.0
426,2016-10-18,7163.0,7163.0,7129.0,7129.0,7542.0
427,2016-10-18,7129.0,7297.0,7129.0,7196.0,21110.0
428,2016-10-18,7196.0,7230.0,7096.0,7163.0,18880.0
429,2016-10-18,7163.0,7196.0,7129.0,7163.0,12450.0
430,2016-10-19,7163.0,7196.0,7096.0,7196.0,9830.0
431,2016-10-19,7062.0,7129.0,6995.0,6995.0,17956.0
432,2016-10-19,7096.0,7264.0,7096.0,7163.0,39390.0
433,2016-10-19,7196.0,7196.0,7028.0,7062.0,56965.0
434,2016-10-20,6927.0,7129.0,6860.0,6894.0,60481.0
435,2016-10-20,6860.0,6894.0,6605.0,6719.0,83819.0
436,2016-10-20,6726.0,6860.0,6705.0,6826.0,22452.0
437,2016-10-20,6826.0,6894.0,6719.0,6726.0,59447.0
438,2016-10-21,6658.0,7297.0,6658.0,7129.0,147479.0
439,2016-10-21,7096.0,7196.0,7096.0,7163.0,42752.0
440,2016-10-21,7196.0,7230.0,7163.0,7230.0,24531.0
441,2016-10-21,7129.0,7196.0,7028.0,7096.0,24937.0
442,2016-10-24,7730.0,8340.0,7180.0,7190.0,216736.0
443,2016-10-24,7190.0,7340.0,7140.0,7320.0,39306.0
444,2016-10-24,7330.0,7350.0,7300.0,7330.0,34056.0
445,2016-10-24,7320.0,7330.0,7180.0,7180.0,22905.0
446,2016-10-25,7170.0,7170.0,7080.0,7150.0,12880.0
447,2016-10-25,7140.0,7140.0,7050.0,7100.0,17156.0
448,2016-10-25,7110.0,7200.0,7070.0,7120.0,7875.0
449,2016-10-25,7190.0,7310.0,7100.0,7150.0,35468.0
450,2016-10-26,7080.0,7090.0,6870.0,6980.0,31852.0
451,2016-10-26,6980.0,6980.0,6550.0,6700.0,45054.0
452,2016-10-26,6690.0,6880.0,6640.0,6760.0,29916.0
453,2016-10-26,6770.0,6800.0,6690.0,6760.0,15112.0
454,2016-10-27,6670.0,6960.0,6670.0,6850.0,23298.0
455,2016-10-27,6840.0,6900.0,6820.0,6840.0,4140.0
456,2016-10-27,6840.0,6880.0,6670.0,6810.0,36736.0
457,2016-10-27,6790.0,6810.0,6760.0,6800.0,4084.0
458,2016-10-28,6750.0,6880.0,6700.0,6700.0,9403.0
459,2016-10-28,6700.0,6810.0,6670.0,6790.0,8880.0
460,2016-10-28,6740.0,6790.0,6690.0,6770.0,10234.0
461,2016-10-28,6710.0,6770.0,6660.0,6760.0,7067.0
462,2016-10-31,6430.0,6440.0,6360.0,6430.0,9565.0
463,2016-10-31,6490.0,6490.0,6350.0,6450.0,24210.0
464,2016-10-31,6760.0,6760.0,6430.0,6480.0,22692.0
465,2016-10-31,6470.0,6490.0,6400.0,6450.0,18907.0
466,2016-11-01,6650.0,6650.0,6200.0,6400.0,13051.0
467,2016-11-01,6400.0,6490.0,6400.0,6420.0,2694.0
468,2016-11-01,6420.0,6440.0,6390.0,6390.0,11471.0
469,2016-11-01,6390.0,6480.0,6390.0,6480.0,5255.0
470,2016-11-02,6340.0,6360.0,6210.0,6220.0,12569.0
471,2016-11-02,6220.0,6220.0,6050.0,6110.0,26878.0
472,2016-11-02,6100.0,6110.0,5960.0,6000.0,19237.0
473,2016-11-02,6000.0,6140.0,6000.0,6090.0,9091.0
474,2016-11-03,6100.0,6100.0,6080.0,6100.0,2492.0
475,2016-11-03,5920.0,6150.0,5920.0,6080.0,9519.0
476,2016-11-03,6080.0,6120.0,6050.0,6050.0,18117.0
477,2016-11-03,6070.0,6100.0,6050.0,6100.0,5629.0
478,2016-11-04,6100.0,6250.0,6080.0,6220.0,11722.0
479,2016-11-04,6230.0,6230.0,6190.0,6190.0,7575.0
480,2016-11-04,6190.0,6270.0,6190.0,6260.0,4650.0
481,2016-11-04,6250.0,6260.0,6240.0,6260.0,1206.0
482,2016-11-07,6880.0,6890.0,6800.0,6870.0,12278.0
483,2016-11-07,6260.0,6520.0,6260.0,6490.0,15386.0
484,2016-11-07,6490.0,6600.0,6490.0,6590.0,13081.0
485,2016-11-07,6590.0,6980.0,6570.0,6890.0,33749.0
486,2016-11-08,7200.0,8110.0,6930.0,8010.0,239049.0
487,2016-11-08,8030.0,8060.0,7420.0,7650.0,261530.0
488,2016-11-08,7650.0,7650.0,7120.0,7140.0,93580.0
489,2016-11-08,7130.0,7370.0,7130.0,7370.0,33424.0
490,2016-11-09,7360.0,7720.0,7250.0,7470.0,102410.0
491,2016-11-09,7460.0,7460.0,6670.0,6960.0,89239.0
492,2016-11-09,6960.0,7240.0,6900.0,7240.0,57252.0
493,2016-11-09,7220.0,7270.0,7190.0,7270.0,5251.0
494,2016-11-10,7320.0,7570.0,7280.0,7430.0,40630.0
495,2016-11-10,7400.0,7460.0,7310.0,7460.0,8375.0
496,2016-11-10,7450.0,7480.0,7410.0,7460.0,12118.0
497,2016-11-10,7460.0,7500.0,7450.0,7500.0,14112.0
498,2016-11-11,7700.0,7800.0,7690.0,7800.0,9079.0
499,2016-11-11,7600.0,7650.0,7500.0,7620.0,28024.0
500,2016-11-11,7580.0,7620.0,7560.0,7600.0,14998.0
501,2016-11-11,7600.0,7920.0,7580.0,7780.0,41332.0
502,2016-11-14,7800.0,8130.0,7800.0,7960.0,78914.0
503,2016-11-14,7960.0,7970.0,7800.0,7870.0,49636.0
504,2016-11-14,7880.0,7970.0,7880.0,7950.0,15238.0
505,2016-11-14,7950.0,7970.0,7930.0,7970.0,11511.0
506,2016-11-15,7970.0,7990.0,7860.0,7950.0,29460.0
507,2016-11-15,7940.0,8250.0,7900.0,8150.0,92565.0
508,2016-11-15,8150.0,8190.0,8000.0,8120.0,44804.0
509,2016-11-15,8070.0,8110.0,8070.0,8110.0,8544.0
510,2016-11-16,7870.0,7900.0,7840.0,7900.0,10154.0
511,2016-11-16,8160.0,8230.0,7990.0,8040.0,59574.0
512,2016-11-16,8050.0,8050.0,7940.0,7950.0,18594.0
513,2016-11-16,7950.0,7960.0,7780.0,7840.0,56837.0
514,2016-11-17,7500.0,7670.0,7320.0,7450.0,183667.0
515,2016-11-17,7450.0,7610.0,7410.0,7590.0,53067.0
516,2016-11-17,7590.0,7600.0,7490.0,7550.0,35755.0
517,2016-11-17,7530.0,7530.0,7490.0,7500.0,15715.0
518,2016-11-18,7220.0,7240.0,7200.0,7210.0,5573.0
519,2016-11-18,7500.0,7570.0,7250.0,7320.0,69158.0
520,2016-11-18,7320.0,7320.0,7150.0,7180.0,32115.0
521,2016-11-18,7190.0,7240.0,7130.0,7230.0,21341.0
522,2016-11-21,7070.0,7410.0,7070.0,7350.0,52286.0
523,2016-11-21,7350.0,7470.0,7350.0,7440.0,37536.0
524,2016-11-21,7440.0,7460.0,7380.0,7380.0,25824.0
525,2016-11-21,7390.0,7390.0,7240.0,7240.0,28702.0
526,2016-11-22,7250.0,7530.0,7250.0,7430.0,77353.0
527,2016-11-22,7440.0,7500.0,7430.0,7430.0,30333.0
528,2016-11-22,7430.0,7470.0,7360.0,7410.0,28145.0
529,2016-11-22,7410.0,7460.0,7340.0,7460.0,12581.0
530,2016-11-23,7500.0,7520.0,7370.0,7430.0,24684.0
531,2016-11-23,7390.0,7440.0,7390.0,7410.0,9160.0
532,2016-11-23,7410.0,7410.0,7330.0,7330.0,25893.0
533,2016-11-23,7330.0,7350.0,7200.0,7340.0,18964.0
534,2016-11-24,7300.0,7350.0,7290.0,7350.0,25695.0
535,2016-11-24,7490.0,7510.0,7210.0,7340.0,66927.0
536,2016-11-24,7340.0,7460.0,7330.0,7340.0,25570.0
537,2016-11-24,7340.0,7360.0,7280.0,7300.0,17595.0
538,2016-11-25,7290.0,7350.0,7200.0,7350.0,35119.0
539,2016-11-25,7350.0,7380.0,7250.0,7320.0,10842.0
540,2016-11-25,7320.0,7400.0,7280.0,7330.0,24993.0
541,2016-11-25,7340.0,7400.0,7330.0,7400.0,14106.0
542,2016-11-28,7320.0,7390.0,7260.0,7340.0,17726.0
543,2016-11-28,7340.0,7360.0,7000.0,7210.0,58828.0
544,2016-11-28,7200.0,7210.0,7070.0,7180.0,35418.0
545,2016-11-28,7180.0,7190.0,7090.0,7100.0,10983.0
546,2016-11-29,7100.0,7250.0,7090.0,7090.0,16722.0
547,2016-11-29,7090.0,7130.0,7070.0,7100.0,9525.0
548,2016-11-29,7090.0,7090.0,6960.0,7060.0,27525.0
549,2016-11-29,7030.0,7070.0,7000.0,7070.0,13441.0
550,2016-11-30,6830.0,6870.0,6790.0,6830.0,17267.0
551,2016-11-30,6830.0,6900.0,6830.0,6840.0,18407.0
552,2016-11-30,6970.0,7070.0,6810.0,6880.0,44513.0
553,2016-11-30,6880.0,6890.0,6830.0,6830.0,14551.0
554,2016-12-01,6870.0,6900.0,6680.0,6720.0,22039.0
555,2016-12-01,6720.0,6800.0,6670.0,6800.0,25882.0
556,2016-12-01,6800.0,6840.0,6690.0,6790.0,17100.0
557,2016-12-01,6780.0,7070.0,6770.0,7030.0,18975.0
558,2016-12-02,7030.0,7130.0,7000.0,7090.0,18294.0
559,2016-12-02,7090.0,7100.0,7070.0,7090.0,9476.0
560,2016-12-02,7080.0,7200.0,7050.0,7150.0,27632.0
561,2016-12-02,7150.0,7170.0,7120.0,7170.0,5717.0
562,2016-12-05,7170.0,7250.0,7020.0,7170.0,23257.0
563,2016-12-05,7170.0,7200.0,7100.0,7100.0,10482.0
564,2016-12-05,7100.0,7160.0,6960.0,6980.0,18173.0
565,2016-12-05,6980.0,7090.0,6960.0,6960.0,5582.0
566,2016-12-06,6810.0,6840.0,6800.0,6840.0,5010.0
567,2016-12-06,6960.0,6990.0,6870.0,6870.0,12390.0
568,2016-12-06,6990.0,7060.0,6930.0,6960.0,14810.0
569,2016-12-06,6870.0,6930.0,6800.0,6810.0,17319.0
570,2016-12-07,6710.0,6760.0,6670.0,6710.0,13137.0
571,2016-12-07,6910.0,6990.0,6880.0,6990.0,8678.0
572,2016-12-07,6760.0,6900.0,6700.0,6700.0,17653.0
573,2016-12-07,6750.0,6900.0,6700.0,6890.0,22465.0
574,2016-12-08,7060.0,7060.0,7000.0,7010.0,24507.0
575,2016-12-08,6990.0,7080.0,6880.0,6910.0,32759.0
576,2016-12-08,6900.0,6920.0,6810.0,6910.0,14207.0
577,2016-12-08,6900.0,7080.0,6860.0,7030.0,40995.0
578,2016-12-09,6980.0,7250.0,6970.0,7220.0,62642.0
579,2016-12-09,7210.0,7270.0,7130.0,7200.0,37910.0
580,2016-12-09,7220.0,7250.0,7210.0,7240.0,17850.0
581,2016-12-09,6960.0,7070.0,6950.0,6990.0,42234.0
582,2016-12-12,7240.0,7310.0,7120.0,7170.0,11556.0
583,2016-12-12,7160.0,7200.0,7140.0,7190.0,5469.0
584,2016-12-12,7190.0,7220.0,7100.0,7150.0,29945.0
585,2016-12-12,7140.0,7160.0,7080.0,7150.0,12283.0
586,2016-12-13,7260.0,7260.0,7120.0,7200.0,7097.0
587,2016-12-13,7150.0,7200.0,7150.0,7180.0,8237.0
588,2016-12-13,7180.0,7300.0,7170.0,7260.0,30837.0
589,2016-12-13,7260.0,7440.0,7260.0,7430.0,24425.0
590,2016-12-14,7400.0,7450.0,7390.0,7450.0,15186.0
591,2016-12-14,7360.0,7410.0,7300.0,7300.0,35890.0
592,2016-12-14,7300.0,7390.0,7290.0,7390.0,13853.0
593,2016-12-14,7380.0,7420.0,7330.0,7410.0,26477.0
594,2016-12-15,7440.0,7470.0,7350.0,7440.0,14841.0
595,2016-12-15,7450.0,7560.0,7450.0,7510.0,29349.0
596,2016-12-15,7530.0,7590.0,7450.0,7520.0,31770.0
597,2016-12-15,7520.0,7530.0,7470.0,7530.0,8411.0
598,2016-12-16,7520.0,7520.0,7400.0,7440.0,18773.0
599,2016-12-16,7430.0,7480.0,7430.0,7440.0,14595.0
600,2016-12-16,7440.0,7500.0,7380.0,7380.0,42236.0
601,2016-12-16,7380.0,7460.0,7380.0,7430.0,10977.0
602,2016-12-19,7330.0,7390.0,7300.0,7350.0,14880.0
603,2016-12-19,7350.0,7480.0,7350.0,7450.0,13745.0
604,2016-12-19,7430.0,7450.0,7370.0,7400.0,15279.0
605,2016-12-19,7400.0,7400.0,7380.0,7380.0,5614.0
606,2016-12-20,7270.0,7390.0,7270.0,7380.0,14322.0
607,2016-12-20,7320.0,7410.0,7290.0,7300.0,14022.0
608,2016-12-20,7380.0,7460.0,7200.0,7320.0,40323.0
609,2016-12-20,7310.0,7370.0,7250.0,7260.0,20904.0
610,2016-12-21,7400.0,7410.0,7290.0,7380.0,18603.0
611,2016-12-21,7320.0,7380.0,7270.0,7350.0,17132.0
612,2016-12-21,7280.0,7340.0,7260.0,7260.0,7626.0
613,2016-12-21,7260.0,7300.0,7250.0,7260.0,4344.0
614,2016-12-22,7260.0,7300.0,7200.0,7210.0,8918.0
615,2016-12-22,7200.0,7270.0,7200.0,7200.0,11969.0
616,2016-12-22,7210.0,7260.0,7180.0,7260.0,13686.0
617,2016-12-22,7240.0,7240.0,7200.0,7240.0,2707.0
618,2016-12-23,7250.0,7330.0,7190.0,7250.0,13196.0
619,2016-12-23,7210.0,7250.0,7210.0,7220.0,4052.0
620,2016-12-23,7220.0,7240.0,7190.0,7200.0,11963.0
621,2016-12-23,7200.0,7210.0,7190.0,7200.0,2460.0
622,2016-12-26,7120.0,7150.0,7110.0,7140.0,4538.0
623,2016-12-26,7140.0,7180.0,7120.0,7160.0,14011.0
624,2016-12-26,7200.0,7240.0,7120.0,7140.0,24809.0
625,2016-12-26,7170.0,7170.0,7110.0,7110.0,14781.0
626,2016-12-27,7010.0,7120.0,6900.0,7100.0,33697.0
627,2016-12-27,7100.0,7100.0,6900.0,6960.0,49732.0
628,2016-12-27,6960.0,7040.0,6890.0,6970.0,56141.0
629,2016-12-27,6980.0,7000.0,6950.0,6970.0,2998.0
630,2016-12-28,6850.0,7350.0,6850.0,7160.0,32025.0
631,2016-12-28,7160.0,7220.0,7100.0,7140.0,19314.0
632,2016-12-28,7160.0,7170.0,6980.0,7130.0,27749.0
633,2016-12-28,7130.0,7130.0,7090.0,7120.0,1423.0
634,2016-12-29,7120.0,7270.0,7070.0,7170.0,20895.0
635,2016-12-29,7170.0,7170.0,7090.0,7150.0,7921.0
636,2016-12-29,7140.0,7160.0,7070.0,7150.0,11495.0
637,2016-12-29,7150.0,7180.0,7150.0,7180.0,6329.0
638,2017-01-02,7300.0,7340.0,7290.0,7340.0,18196.0
639,2017-01-02,7300.0,7330.0,7280.0,7310.0,8371.0
640,2017-01-02,7200.0,7430.0,7200.0,7250.0,44101.0
641,2017-01-03,7460.0,7470.0,7420.0,7470.0,6876.0
642,2017-01-03,7540.0,7550.0,7460.0,7490.0,36062.0
643,2017-01-03,7350.0,7550.0,7350.0,7540.0,70773.0
644,2017-01-03,7490.0,7490.0,7450.0,7460.0,23971.0
645,2017-01-04,7470.0,7570.0,7470.0,7500.0,34472.0
646,2017-01-04,7490.0,7500.0,7460.0,7500.0,17267.0
647,2017-01-04,7500.0,7500.0,7440.0,7450.0,9218.0
648,2017-01-04,7450.0,7490.0,7450.0,7480.0,1315.0
649,2017-01-05,7510.0,7550.0,7400.0,7490.0,23910.0
650,2017-01-05,7490.0,7500.0,7440.0,7490.0,38300.0
651,2017-01-05,7470.0,7480.0,7430.0,7450.0,11275.0
652,2017-01-05,7450.0,7470.0,7440.0,7470.0,1533.0
653,2017-01-06,7460.0,7520.0,7430.0,7450.0,43748.0
654,2017-01-06,7450.0,7470.0,7420.0,7460.0,9462.0
655,2017-01-06,7450.0,7480.0,7400.0,7450.0,29288.0
656,2017-01-06,7450.0,7460.0,7440.0,7440.0,2531.0
657,2017-01-09,7450.0,7510.0,7450.0,7510.0,14265.0
658,2017-01-09,7380.0,7470.0,7300.0,7450.0,23137.0
659,2017-01-09,7380.0,7400.0,7310.0,7380.0,25981.0
660,2017-01-09,7400.0,7480.0,7370.0,7390.0,15696.0
661,2017-01-10,7470.0,7570.0,7450.0,7510.0,48604.0
662,2017-01-10,7510.0,7520.0,7460.0,7460.0,18058.0
663,2017-01-10,7500.0,7530.0,7490.0,7510.0,23873.0
664,2017-01-10,7510.0,7520.0,7480.0,7500.0,16862.0
665,2017-01-11,7580.0,7660.0,7490.0,7500.0,71803.0
666,2017-01-11,7500.0,7510.0,7470.0,7490.0,11607.0
667,2017-01-11,7500.0,7500.0,7400.0,7410.0,28303.0
668,2017-01-11,7410.0,7440.0,7410.0,7410.0,4164.0
669,2017-01-12,7410.0,7460.0,7240.0,7350.0,26317.0
670,2017-01-12,7340.0,7410.0,7300.0,7410.0,3164.0
671,2017-01-12,7370.0,7410.0,7230.0,7290.0,26114.0
672,2017-01-12,7300.0,7320.0,7270.0,7270.0,3907.0
673,2017-01-13,7410.0,7420.0,7360.0,7400.0,10940.0
674,2017-01-13,7340.0,7420.0,7320.0,7420.0,23200.0
675,2017-01-13,7160.0,7390.0,7160.0,7340.0,10917.0
676,2017-01-13,7340.0,7370.0,7330.0,7340.0,7621.0
677,2017-01-16,7400.0,8110.0,7400.0,7950.0,587540.0
678,2017-01-16,7940.0,8260.0,7920.0,8070.0,515777.0
679,2017-01-16,8050.0,8100.0,7800.0,8050.0,211610.0
680,2017-01-16,8050.0,8200.0,8020.0,8200.0,101634.0
681,2017-01-17,8300.0,8380.0,7960.0,8000.0,330804.0
682,2017-01-17,8000.0,8020.0,7910.0,7970.0,94736.0
683,2017-01-17,7980.0,8140.0,7970.0,8100.0,83851.0
684,2017-01-17,8090.0,8110.0,8040.0,8040.0,33369.0
685,2017-01-18,8270.0,8310.0,8230.0,8300.0,39184.0
686,2017-01-18,8090.0,8230.0,7970.0,8020.0,158811.0
687,2017-01-18,8030.0,8070.0,8020.0,8070.0,34999.0
688,2017-01-18,8060.0,8340.0,8060.0,8270.0,271621.0
689,2017-01-19,8350.0,8430.0,8240.0,8350.0,178428.0
690,2017-01-19,8340.0,8620.0,8310.0,8490.0,208049.0
691,2017-01-19,8490.0,8520.0,8420.0,8440.0,94469.0
692,2017-01-19,8450.0,8450.0,8280.0,8300.0,81825.0
693,2017-01-20,8580.0,8630.0,8570.0,8620.0,37035.0
694,2017-01-20,8250.0,8290.0,8170.0,8260.0,70860.0
695,2017-01-20,8260.0,8560.0,8250.0,8520.0,97590.0
696,2017-01-20,8520.0,8630.0,8460.0,8600.0,117436.0
697,2017-01-23,8670.0,8690.0,8540.0,8580.0,110633.0
698,2017-01-23,8580.0,8600.0,8470.0,8510.0,78259.0
699,2017-01-23,8470.0,8540.0,8470.0,8520.0,30538.0
700,2017-01-23,8500.0,8600.0,8500.0,8600.0,25097.0
701,2017-01-24,8600.0,8640.0,8450.0,8540.0,83152.0
702,2017-01-24,8550.0,8570.0,8500.0,8520.0,10995.0
703,2017-01-24,8530.0,8600.0,8510.0,8510.0,26061.0
704,2017-01-24,8510.0,8550.0,8510.0,8550.0,8913.0
705,2017-01-25,8500.0,8550.0,8260.0,8340.0,66773.0
706,2017-01-25,8350.0,8400.0,8260.0,8400.0,32214.0
707,2017-01-25,8370.0,8400.0,8260.0,8260.0,40965.0
708,2017-01-25,8280.0,8370.0,8270.0,8370.0,20959.0
709,2017-01-26,8800.0,8820.0,8700.0,8820.0,16206.0
710,2017-01-26,8400.0,8820.0,8380.0,8800.0,99231.0
711,2017-01-26,8480.0,8480.0,8350.0,8400.0,15872.0
712,2017-01-26,8800.0,8850.0,8710.0,8800.0,67595.0
713,2017-01-31,8960.0,9050.0,8900.0,9020.0,39232.0
714,2017-01-31,8940.0,8980.0,8900.0,8900.0,17154.0
715,2017-01-31,8820.0,9080.0,8820.0,9010.0,109154.0
716,2017-01-31,9000.0,9000.0,8890.0,8940.0,36690.0
717,2017-02-01,8850.0,8960.0,8740.0,8950.0,84291.0
718,2017-02-01,8950.0,8980.0,8910.0,8910.0,15844.0
719,2017-02-01,8940.0,8950.0,8900.0,8920.0,19250.0
720,2017-02-01,8940.0,8950.0,8910.0,8950.0,4966.0
721,2017-02-02,8840.0,8960.0,8770.0,8860.0,64190.0
722,2017-02-02,8790.0,8930.0,8790.0,8930.0,30423.0
723,2017-02-02,8930.0,9030.0,8930.0,9030.0,36632.0
724,2017-02-02,8870.0,8890.0,8780.0,8870.0,22927.0
725,2017-02-03,9050.0,9160.0,8970.0,9140.0,65487.0
726,2017-02-03,9130.0,9220.0,9050.0,9100.0,61923.0
727,2017-02-03,9100.0,9100.0,8970.0,8980.0,46883.0
728,2017-02-03,9030.0,9050.0,8970.0,9050.0,5757.0
729,2017-02-06,9140.0,9180.0,9120.0,9180.0,11375.0
730,2017-02-06,9120.0,9200.0,9080.0,9120.0,36646.0
731,2017-02-06,9140.0,9190.0,9080.0,9140.0,48606.0
732,2017-02-06,9020.0,9270.0,9000.0,9120.0,81571.0
733,2017-02-07,9180.0,9180.0,8920.0,8970.0,80253.0
734,2017-02-07,8990.0,9030.0,8940.0,8970.0,45621.0
735,2017-02-07,8960.0,9060.0,8830.0,9050.0,66233.0
736,2017-02-07,9050.0,9120.0,9050.0,9100.0,14491.0
737,2017-02-08,9080.0,9350.0,9000.0,9160.0,98220.0
738,2017-02-08,9160.0,9200.0,9050.0,9170.0,44052.0
739,2017-02-08,9120.0,9190.0,9050.0,9080.0,46848.0
740,2017-02-08,9070.0,9110.0,9010.0,9110.0,10985.0
741,2017-02-09,9200.0,9210.0,9040.0,9090.0,20649.0
742,2017-02-09,9080.0,9090.0,8900.0,9010.0,15871.0
743,2017-02-09,8990.0,8990.0,8620.0,8730.0,60417.0
744,2017-02-09,8700.0,9000.0,8610.0,8840.0,56198.0
745,2017-02-10,8640.0,8670.0,8560.0,8570.0,27237.0
746,2017-02-10,8710.0,8720.0,8620.0,8640.0,13781.0
747,2017-02-10,8750.0,8870.0,8650.0,8670.0,40191.0
748,2017-02-10,8670.0,8750.0,8590.0,8720.0,35681.0
749,2017-02-13,8540.0,8540.0,8270.0,8320.0,106536.0
750,2017-02-13,8340.0,8440.0,8300.0,8430.0,28795.0
751,2017-02-13,8430.0,8480.0,8340.0,8360.0,63872.0
752,2017-02-13,8360.0,8420.0,8340.0,8360.0,12397.0
753,2017-02-14,8400.0,8590.0,8400.0,8520.0,19607.0
754,2017-02-14,8520.0,8580.0,8520.0,8540.0,13266.0
755,2017-02-14,8530.0,8550.0,8450.0,8530.0,29980.0
756,2017-02-14,8520.0,8540.0,8460.0,8470.0,4242.0
757,2017-02-15,8400.0,8490.0,8380.0,8490.0,13572.0
758,2017-02-15,8500.0,8640.0,8330.0,8400.0,38490.0
759,2017-02-15,8380.0,8480.0,8360.0,8400.0,6119.0
760,2017-02-15,8430.0,8430.0,8300.0,8410.0,32451.0
761,2017-02-16,8420.0,8520.0,8400.0,8440.0,33737.0
762,2017-02-16,8410.0,8470.0,8410.0,8460.0,8859.0
763,2017-02-16,8470.0,8470.0,8380.0,8460.0,23701.0
764,2017-02-16,8410.0,8450.0,8410.0,8440.0,3560.0
765,2017-02-17,8410.0,8440.0,8400.0,8440.0,2690.0
766,2017-02-17,8370.0,8490.0,8370.0,8410.0,14291.0
767,2017-02-17,8440.0,8440.0,8400.0,8440.0,8668.0
768,2017-02-17,8440.0,8470.0,8410.0,8440.0,10036.0
769,2017-02-20,8470.0,8470.0,8310.0,8350.0,28622.0
770,2017-02-20,8390.0,8390.0,8270.0,8310.0,32595.0
771,2017-02-20,8300.0,8350.0,8250.0,8300.0,28696.0
772,2017-02-20,8300.0,8320.0,8170.0,8230.0,33377.0
773,2017-02-21,8230.0,8320.0,7950.0,7950.0,118258.0
774,2017-02-21,8000.0,8060.0,7950.0,8000.0,44154.0
775,2017-02-21,8000.0,8000.0,7890.0,7950.0,107697.0
776,2017-02-21,7950.0,7980.0,7930.0,7980.0,7445.0
777,2017-02-22,8000.0,8060.0,7870.0,7920.0,39396.0
778,2017-02-22,7920.0,8430.0,7910.0,8240.0,253783.0
779,2017-02-22,8240.0,8240.0,8120.0,8130.0,32510.0
780,2017-02-22,8200.0,8210.0,8130.0,8210.0,5469.0
781,2017-02-23,8130.0,8130.0,8100.0,8100.0,6916.0
782,2017-02-23,8230.0,8270.0,8120.0,8220.0,22820.0
783,2017-02-23,8210.0,8220.0,8140.0,8180.0,18724.0
784,2017-02-23,8180.0,8180.0,8100.0,8150.0,27512.0
785,2017-02-24,8200.0,8250.0,8080.0,8160.0,27124.0
786,2017-02-24,8160.0,8180.0,8090.0,8090.0,14984.0
787,2017-02-24,8090.0,8100.0,7980.0,8000.0,34500.0
788,2017-02-24,8010.0,8060.0,7980.0,7980.0,10717.0
789,2017-02-27,7850.0,8120.0,7700.0,7970.0,61560.0
790,2017-02-27,7910.0,7970.0,7840.0,7890.0,29462.0
791,2017-02-27,7890.0,7970.0,7870.0,7940.0,5747.0
792,2017-02-27,7940.0,7990.0,7900.0,7970.0,12492.0
793,2017-02-28,7860.0,7870.0,7840.0,7870.0,6313.0
794,2017-02-28,7900.0,7970.0,7750.0,7940.0,55573.0
795,2017-02-28,7940.0,7950.0,7870.0,7890.0,4786.0
796,2017-02-28,7880.0,7900.0,7860.0,7860.0,18288.0
797,2017-03-02,7950.0,8040.0,7880.0,7920.0,35439.0
798,2017-03-02,7920.0,8050.0,7910.0,8010.0,21011.0
799,2017-03-02,8010.0,8030.0,7950.0,7950.0,6827.0
800,2017-03-02,7950.0,8010.0,7950.0,8010.0,4960.0
801,2017-03-03,7930.0,8000.0,7920.0,8000.0,6198.0
802,2017-03-03,8050.0,8160.0,7800.0,7980.0,48041.0
803,2017-03-03,7940.0,7990.0,7860.0,7910.0,9916.0
804,2017-03-03,7920.0,7990.0,7890.0,7970.0,9498.0
805,2017-03-06,7930.0,8050.0,7930.0,8040.0,14865.0
806,2017-03-06,8030.0,8060.0,7990.0,8030.0,15369.0
807,2017-03-06,8040.0,8070.0,8000.0,8020.0,12375.0
808,2017-03-06,8010.0,8020.0,8000.0,8000.0,4776.0
809,2017-03-07,8070.0,8070.0,7910.0,7940.0,26456.0
810,2017-03-07,7910.0,7940.0,7900.0,7910.0,6568.0
811,2017-03-07,7910.0,7940.0,7870.0,7900.0,25364.0
812,2017-03-07,7900.0,7900.0,7850.0,7860.0,16525.0
813,2017-03-08,7800.0,7950.0,7800.0,7850.0,7248.0
814,2017-03-08,7850.0,7880.0,7840.0,7850.0,3914.0
815,2017-03-08,7860.0,7930.0,7840.0,7860.0,18980.0
816,2017-03-08,7860.0,7910.0,7860.0,7870.0,2417.0
817,2017-03-09,7840.0,7840.0,7770.0,7770.0,20731.0
818,2017-03-09,7920.0,7960.0,7850.0,7870.0,24482.0
819,2017-03-09,7870.0,7890.0,7860.0,7870.0,10476.0
820,2017-03-09,7870.0,7880.0,7800.0,7840.0,26225.0
821,2017-03-10,7770.0,7840.0,7750.0,7820.0,13691.0
822,2017-03-10,7820.0,7880.0,7690.0,7760.0,18372.0
823,2017-03-10,7750.0,7940.0,7700.0,7920.0,23079.0
824,2017-03-10,7920.0,8040.0,7870.0,8000.0,22515.0
825,2017-03-13,8070.0,8270.0,8040.0,8200.0,47488.0
826,2017-03-13,8200.0,8310.0,8180.0,8260.0,48659.0
827,2017-03-13,8260.0,8360.0,8240.0,8290.0,55549.0
828,2017-03-13,8290.0,8330.0,8290.0,8330.0,14149.0
829,2017-03-14,8390.0,8400.0,8220.0,8290.0,39196.0
830,2017-03-14,8290.0,8330.0,8250.0,8330.0,4942.0
831,2017-03-14,8330.0,8330.0,8260.0,8270.0,10969.0
832,2017-03-14,8260.0,8290.0,8250.0,8250.0,6795.0
833,2017-03-15,8300.0,8330.0,8280.0,8280.0,15608.0
834,2017-03-15,8220.0,8790.0,8190.0,8300.0,417886.0
835,2017-03-15,8310.0,8310.0,8180.0,8250.0,29347.0
836,2017-03-15,8250.0,8250.0,8210.0,8220.0,4827.0
837,2017-03-16,8300.0,8590.0,8280.0,8560.0,130214.0
838,2017-03-16,8560.0,8600.0,8510.0,8530.0,36987.0
839,2017-03-16,8560.0,8800.0,8400.0,8570.0,214753.0
840,2017-03-16,8570.0,8660.0,8550.0,8660.0,19604.0
841,2017-03-17,8800.0,8840.0,8520.0,8580.0,113912.0
842,2017-03-17,8570.0,8730.0,8540.0,8730.0,26075.0
843,2017-03-17,8730.0,8780.0,8700.0,8730.0,33750.0
844,2017-03-17,8720.0,8750.0,8710.0,8750.0,18516.0
845,2017-03-20,8820.0,8980.0,8780.0,8800.0,108392.0
846,2017-03-20,8790.0,8890.0,8790.0,8850.0,18047.0
847,2017-03-20,8850.0,8880.0,8730.0,8730.0,37230.0
848,2017-03-20,8740.0,8810.0,8720.0,8810.0,11939.0
849,2017-03-21,8810.0,8830.0,8810.0,8830.0,10681.0
850,2017-03-21,8850.0,8880.0,8790.0,8800.0,16416.0
851,2017-03-21,8810.0,8890.0,8720.0,8850.0,28330.0
852,2017-03-21,8810.0,8820.0,8750.0,8820.0,19085.0
853,2017-03-22,9000.0,9310.0,9000.0,9310.0,210849.0
854,2017-03-22,8930.0,9010.0,8680.0,8680.0,127276.0
855,2017-03-22,8810.0,9140.0,8800.0,9000.0,186318.0
856,2017-03-22,9310.0,9690.0,8810.0,8930.0,734201.0
857,2017-03-23,8900.0,8910.0,8670.0,8670.0,125281.0
858,2017-03-23,8680.0,8710.0,8340.0,8410.0,105781.0
859,2017-03-23,8410.0,8670.0,8330.0,8640.0,64454.0
860,2017-03-23,8640.0,8660.0,8610.0,8650.0,9890.0
861,2017-03-24,8500.0,8620.0,8460.0,8530.0,60108.0
862,2017-03-24,8520.0,8580.0,8510.0,8530.0,20561.0
863,2017-03-24,8530.0,8560.0,8500.0,8560.0,10031.0
864,2017-03-24,8530.0,8590.0,8520.0,8520.0,11846.0
865,2017-03-27,8680.0,8780.0,8460.0,8510.0,46779.0
866,2017-03-27,8520.0,8570.0,8510.0,8570.0,9795.0
867,2017-03-27,8560.0,8620.0,8520.0,8520.0,9061.0
868,2017-03-27,8520.0,8550.0,8510.0,8550.0,4313.0
869,2017-03-28,8570.0,8610.0,8530.0,8610.0,4234.0
870,2017-03-28,8540.0,8580.0,8520.0,8570.0,9080.0
871,2017-03-28,8570.0,8630.0,8550.0,8560.0,13689.0
872,2017-03-28,8680.0,8680.0,8420.0,8570.0,26105.0
873,2017-03-29,8610.0,8610.0,8450.0,8500.0,38314.0
874,2017-03-29,8510.0,8580.0,8480.0,8530.0,9730.0
875,2017-03-29,8520.0,8520.0,8450.0,8470.0,14305.0
876,2017-03-29,8470.0,8500.0,8460.0,8490.0,4215.0
877,2017-03-30,8480.0,8560.0,8330.0,8390.0,43360.0
878,2017-03-30,8350.0,8380.0,8290.0,8320.0,19792.0
879,2017-03-30,8340.0,8340.0,8150.0,8270.0,55876.0
880,2017-03-30,8210.0,8290.0,8190.0,8290.0,9015.0
881,2017-03-31,8260.0,8310.0,8140.0,8310.0,21744.0
882,2017-03-31,8320.0,8320.0,8140.0,8160.0,28943.0
883,2017-03-31,8200.0,8280.0,8190.0,8230.0,11775.0
884,2017-03-31,8230.0,8280.0,8210.0,8220.0,8609.0
885,2017-04-03,8340.0,8350.0,8330.0,8330.0,6974.0
886,2017-04-03,8220.0,8340.0,8220.0,8340.0,27816.0
887,2017-04-03,8220.0,8400.0,8220.0,8270.0,26799.0
888,2017-04-03,8260.0,8270.0,8210.0,8210.0,22182.0
889,2017-04-04,8330.0,8400.0,8290.0,8350.0,18464.0
890,2017-04-04,8340.0,8340.0,8300.0,8340.0,14310.0
891,2017-04-04,8340.0,8370.0,8320.0,8350.0,13734.0
892,2017-04-04,8340.0,8350.0,8310.0,8310.0,4177.0
893,2017-04-05,8310.0,8580.0,8300.0,8580.0,39308.0
894,2017-04-05,8580.0,8650.0,8570.0,8610.0,39077.0
895,2017-04-05,8620.0,8670.0,8590.0,8640.0,29673.0
896,2017-04-05,8640.0,8670.0,8630.0,8660.0,8362.0
897,2017-04-06,8660.0,8670.0,8640.0,8660.0,6665.0
898,2017-04-06,8760.0,8760.0,8560.0,8660.0,30529.0
899,2017-04-06,8660.0,8700.0,8630.0,8630.0,13169.0
900,2017-04-06,8630.0,8690.0,8630.0,8660.0,14029.0
901,2017-04-07,8660.0,8660.0,8600.0,8630.0,18259.0
902,2017-04-07,8630.0,8740.0,8630.0,8740.0,24219.0
903,2017-04-07,8730.0,8870.0,8710.0,8820.0,21480.0
904,2017-04-07,8840.0,8850.0,8810.0,8830.0,5252.0
905,2017-04-10,8810.0,8830.0,8800.0,8800.0,4960.0
906,2017-04-10,8830.0,8910.0,8730.0,8830.0,36803.0
907,2017-04-10,8830.0,8890.0,8810.0,8810.0,17461.0
908,2017-04-10,8810.0,8830.0,8790.0,8810.0,12955.0
909,2017-04-11,8750.0,8850.0,8750.0,8850.0,25107.0
910,2017-04-11,8840.0,8860.0,8750.0,8800.0,15478.0
911,2017-04-11,8800.0,8830.0,8770.0,8810.0,17561.0
912,2017-04-11,8810.0,8830.0,8780.0,8800.0,16310.0
913,2017-04-12,8790.0,8830.0,8750.0,8800.0,31003.0
914,2017-04-12,8800.0,8800.0,8750.0,8770.0,8304.0
915,2017-04-12,8770.0,8780.0,8720.0,8760.0,18976.0
916,2017-04-12,8750.0,8780.0,8740.0,8780.0,3870.0
917,2017-04-13,8760.0,8830.0,8680.0,8730.0,15375.0
918,2017-04-13,8740.0,8790.0,8700.0,8760.0,18013.0
919,2017-04-13,8730.0,8770.0,8680.0,8700.0,29773.0
920,2017-04-13,8730.0,8790.0,8690.0,8790.0,11469.0
921,2017-04-14,8730.0,8780.0,8710.0,8780.0,6637.0
922,2017-04-14,8840.0,8840.0,8670.0,8740.0,11517.0
923,2017-04-14,8740.0,8800.0,8740.0,8760.0,21617.0
924,2017-04-14,8760.0,8770.0,8660.0,8740.0,29633.0
925,2017-04-17,8770.0,8860.0,8740.0,8750.0,25161.0
926,2017-04-17,8760.0,8800.0,8760.0,8780.0,5562.0
927,2017-04-17,8780.0,8790.0,8750.0,8770.0,15269.0
928,2017-04-17,8770.0,8770.0,8750.0,8760.0,6046.0
929,2017-04-18,8800.0,8800.0,8190.0,8650.0,47298.0
930,2017-04-18,8650.0,8680.0,8560.0,8640.0,16207.0
931,2017-04-18,8610.0,8670.0,8610.0,8640.0,8855.0
932,2017-04-18,8640.0,8670.0,8600.0,8630.0,18041.0
933,2017-04-19,8550.0,8600.0,8540.0,8540.0,3785.0
934,2017-04-19,8780.0,8780.0,8500.0,8500.0,26954.0
935,2017-04-19,8500.0,8560.0,8500.0,8560.0,10363.0
936,2017-04-19,8600.0,8670.0,8530.0,8550.0,9649.0
937,2017-04-20,8640.0,8640.0,8410.0,8480.0,20757.0
938,2017-04-20,8420.0,8490.0,8370.0,8450.0,23559.0
939,2017-04-20,8440.0,8530.0,8440.0,8530.0,14148.0
940,2017-04-20,8520.0,8570.0,8470.0,8570.0,5225.0
941,2017-04-21,8390.0,8400.0,8380.0,8380.0,7000.0
942,2017-04-21,8640.0,8640.0,8410.0,8460.0,62301.0
943,2017-04-21,8460.0,8490.0,8410.0,8460.0,19102.0
944,2017-04-21,8460.0,8470.0,8380.0,8390.0,35296.0
945,2017-04-24,8470.0,8510.0,8360.0,8430.0,31849.0
946,2017-04-24,8430.0,8470.0,8400.0,8470.0,19392.0
947,2017-04-24,8480.0,8970.0,8470.0,8790.0,182531.0
948,2017-04-24,8790.0,8940.0,8780.0,8860.0,64682.0
949,2017-04-25,8860.0,9110.0,8820.0,8970.0,126949.0
950,2017-04-25,8970.0,9010.0,8910.0,8920.0,39410.0
951,2017-04-25,8930.0,9010.0,8920.0,8950.0,19990.0
952,2017-04-25,8950.0,8970.0,8850.0,8880.0,53533.0
953,2017-04-26,8990.0,8990.0,8880.0,8890.0,37211.0
954,2017-04-26,8890.0,8900.0,8850.0,8870.0,23996.0
955,2017-04-26,8880.0,8910.0,8760.0,8760.0,48569.0
956,2017-04-26,8810.0,8850.0,8770.0,8790.0,15201.0
957,2017-04-27,8740.0,8790.0,8710.0,8790.0,4323.0
958,2017-04-27,8750.0,8800.0,8500.0,8780.0,29915.0
959,2017-04-27,8770.0,8860.0,8760.0,8820.0,25770.0
960,2017-04-27,8810.0,8810.0,8720.0,8720.0,23970.0
961,2017-04-28,8790.0,8790.0,8710.0,8760.0,15924.0
962,2017-04-28,8760.0,8770.0,8720.0,8770.0,16707.0
963,2017-04-28,8770.0,8840.0,8750.0,8760.0,20249.0
964,2017-04-28,8760.0,8770.0,8760.0,8770.0,3563.0
965,2017-05-02,8750.0,8780.0,8650.0,8670.0,41446.0
966,2017-05-02,8670.0,8750.0,8670.0,8680.0,27324.0
967,2017-05-02,8680.0,8690.0,8590.0,8630.0,50724.0
968,2017-05-02,8630.0,8640.0,8620.0,8630.0,4528.0
969,2017-05-04,8600.0,8700.0,8550.0,8680.0,29146.0
970,2017-05-04,8680.0,8750.0,8640.0,8660.0,18537.0
971,2017-05-04,8670.0,8680.0,8550.0,8590.0,52009.0
972,2017-05-04,8590.0,8600.0,8560.0,8600.0,10322.0
973,2017-05-08,8950.0,8970.0,8900.0,8970.0,37324.0
974,2017-05-08,8930.0,8960.0,8830.0,8950.0,59548.0
975,2017-05-08,8590.0,9080.0,8580.0,9020.0,194455.0
976,2017-05-08,9000.0,9040.0,8920.0,8930.0,48091.0
977,2017-05-10,9080.0,9080.0,8800.0,8860.0,84713.0
978,2017-05-10,8860.0,8870.0,8690.0,8770.0,60930.0
979,2017-05-10,8770.0,8800.0,8730.0,8780.0,24077.0
980,2017-05-10,8770.0,8840.0,8770.0,8790.0,21399.0
981,2017-05-11,8730.0,8840.0,8560.0,8570.0,25586.0
982,2017-05-11,8570.0,8690.0,8470.0,8530.0,35504.0
983,2017-05-11,8500.0,8610.0,8490.0,8540.0,36633.0
984,2017-05-11,8540.0,8560.0,8490.0,8490.0,12403.0
985,2017-05-12,8500.0,8560.0,8230.0,8280.0,68210.0
986,2017-05-12,8280.0,8300.0,8070.0,8210.0,75454.0
987,2017-05-12,8240.0,8280.0,8140.0,8160.0,47836.0
988,2017-05-12,8160.0,8160.0,8000.0,8000.0,79716.0
989,2017-05-15,8130.0,8140.0,8010.0,8090.0,21416.0
990,2017-05-15,8090.0,8120.0,8090.0,8100.0,13029.0
991,2017-05-15,8050.0,8260.0,7880.0,8140.0,82092.0
992,2017-05-15,8140.0,8180.0,8090.0,8130.0,4156.0
993,2017-05-16,8100.0,8130.0,8060.0,8110.0,6964.0
994,2017-05-16,8070.0,8100.0,8050.0,8070.0,6600.0
995,2017-05-16,8060.0,8200.0,8030.0,8120.0,25098.0
996,2017-05-16,8100.0,8130.0,8070.0,8070.0,20681.0
997,2017-05-17,8010.0,8100.0,7930.0,7970.0,49092.0
998,2017-05-17,7970.0,7980.0,7830.0,7890.0,36058.0
999,2017-05-17,7890.0,7970.0,7730.0,7800.0,48121.0
1000,2017-05-17,7790.0,7800.0,7680.0,7680.0,41627.0
1001,2017-05-18,7580.0,7670.0,7380.0,7630.0,76135.0
1002,2017-05-18,7630.0,7650.0,7500.0,7650.0,13427.0
1003,2017-05-18,7650.0,7770.0,7630.0,7750.0,17684.0
1004,2017-05-18,7730.0,7750.0,7680.0,7730.0,7428.0
1005,2017-05-19,7600.0,8350.0,7600.0,7980.0,190180.0
1006,2017-05-19,7980.0,8080.0,7860.0,8010.0,44162.0
1007,2017-05-19,8020.0,8020.0,7860.0,7910.0,14185.0
1008,2017-05-19,7900.0,7950.0,7900.0,7950.0,3200.0
1009,2017-05-22,7750.0,7750.0,7670.0,7670.0,17497.0
1010,2017-05-22,7880.0,7890.0,7700.0,7750.0,21808.0
1011,2017-05-22,7850.0,7900.0,7670.0,7880.0,10136.0
1012,2017-05-22,7970.0,8100.0,7850.0,7850.0,46015.0
1013,2017-05-23,7530.0,7750.0,7500.0,7750.0,65099.0
1014,2017-05-23,7750.0,7800.0,7740.0,7790.0,13364.0
1015,2017-05-23,7790.0,7790.0,7630.0,7740.0,6052.0
1016,2017-05-23,7740.0,7780.0,7690.0,7780.0,5077.0
1017,2017-05-24,7720.0,7830.0,7640.0,7680.0,15398.0
1018,2017-05-24,7680.0,7720.0,7600.0,7650.0,25109.0
1019,2017-05-24,7600.0,7790.0,7600.0,7770.0,16724.0
1020,2017-05-24,7760.0,7760.0,7650.0,7740.0,5779.0
1021,2017-05-25,7510.0,7550.0,7460.0,7550.0,7033.0
1022,2017-05-25,7670.0,7710.0,7520.0,7620.0,43832.0
1023,2017-05-25,7600.0,7600.0,7490.0,7490.0,34710.0
1024,2017-05-25,7490.0,7560.0,7450.0,7500.0,41545.0
1025,2017-05-26,7570.0,7600.0,7520.0,7540.0,12639.0
1026,2017-05-26,7610.0,7620.0,7530.0,7550.0,9606.0
1027,2017-05-26,7550.0,7800.0,7300.0,7560.0,35741.0
1028,2017-05-26,7560.0,7620.0,7510.0,7620.0,18581.0
1029,2017-05-29,7430.0,7600.0,7430.0,7460.0,23108.0
1030,2017-05-29,7450.0,7550.0,7400.0,7550.0,25736.0
1031,2017-05-29,7550.0,7550.0,7500.0,7520.0,6538.0
1032,2017-05-29,7520.0,7540.0,7500.0,7510.0,4465.0
1033,2017-05-30,7510.0,7520.0,7410.0,7440.0,35956.0
1034,2017-05-30,7440.0,7530.0,7440.0,7460.0,20153.0
1035,2017-05-30,7460.0,7490.0,7400.0,7470.0,28888.0
1036,2017-05-30,7470.0,7480.0,7390.0,7460.0,9957.0
1037,2017-05-31,7370.0,8100.0,7370.0,7550.0,295443.0
1038,2017-05-31,7550.0,7610.0,7510.0,7550.0,48306.0
1039,2017-05-31,7550.0,7570.0,7490.0,7530.0,21099.0
1040,2017-05-31,7550.0,7550.0,7420.0,7470.0,27915.0
1041,2017-06-01,7350.0,7350.0,7290.0,7350.0,9444.0
1042,2017-06-01,7350.0,7400.0,7340.0,7400.0,5016.0
1043,2017-06-01,7420.0,7460.0,7260.0,7350.0,106278.0
1044,2017-06-01,7350.0,7380.0,7270.0,7350.0,23447.0
1045,2017-06-02,7400.0,7430.0,7160.0,7230.0,110732.0
1046,2017-06-02,7230.0,7250.0,7190.0,7250.0,13552.0
1047,2017-06-02,7250.0,7250.0,7130.0,7190.0,50724.0
1048,2017-06-02,7190.0,7210.0,6980.0,7150.0,93573.0
1049,2017-06-05,7150.0,7310.0,7150.0,7280.0,42894.0
1050,2017-06-05,7290.0,7500.0,7280.0,7330.0,63040.0
1051,2017-06-05,7360.0,7450.0,7320.0,7340.0,15899.0
1052,2017-06-05,7320.0,7350.0,7280.0,7280.0,9684.0
1053,2017-06-07,7360.0,7370.0,7340.0,7340.0,5203.0
1054,2017-06-07,7200.0,7360.0,7200.0,7300.0,19915.0
1055,2017-06-07,7300.0,7380.0,7260.0,7380.0,39929.0
1056,2017-06-07,7370.0,7380.0,7340.0,7360.0,10973.0
1057,2017-06-08,7330.0,7380.0,7320.0,7370.0,7485.0
1058,2017-06-08,7350.0,7370.0,7310.0,7310.0,15621.0
1059,2017-06-08,7310.0,7350.0,7300.0,7340.0,7138.0
1060,2017-06-08,7330.0,7350.0,7320.0,7350.0,1445.0
1061,2017-06-09,7190.0,7230.0,7170.0,7230.0,9033.0
1062,2017-06-09,7240.0,7290.0,7210.0,7260.0,7612.0
1063,2017-06-09,7370.0,7370.0,7150.0,7240.0,53720.0
1064,2017-06-09,7240.0,7260.0,7140.0,7180.0,30625.0
1065,2017-06-12,7050.0,7140.0,7020.0,7140.0,10577.0
1066,2017-06-12,7110.0,7200.0,7080.0,7200.0,19533.0
1067,2017-06-12,7190.0,7230.0,7030.0,7040.0,23278.0
1068,2017-06-12,7140.0,7170.0,7110.0,7110.0,15647.0
1069,2017-06-13,7190.0,7250.0,7100.0,7170.0,17121.0
1070,2017-06-13,7130.0,7170.0,7130.0,7150.0,7137.0
1071,2017-06-13,7160.0,7180.0,7110.0,7180.0,15678.0
1072,2017-06-13,7180.0,7180.0,7150.0,7150.0,8948.0
1073,2017-06-14,7160.0,7260.0,7160.0,7240.0,52698.0
1074,2017-06-14,7140.0,7140.0,7100.0,7120.0,19007.0
1075,2017-06-14,7110.0,7140.0,7070.0,7140.0,18998.0
1076,2017-06-14,7210.0,7220.0,7100.0,7140.0,47938.0
1077,2017-06-15,7110.0,7190.0,7030.0,7040.0,29135.0
1078,2017-06-15,7040.0,7120.0,7040.0,7120.0,9087.0
1079,2017-06-15,7110.0,7140.0,7000.0,7080.0,22527.0
1080,2017-06-15,7070.0,7140.0,7030.0,7140.0,7695.0
1081,2017-06-16,7050.0,7130.0,7030.0,7130.0,18044.0
1082,2017-06-16,7040.0,7090.0,7010.0,7090.0,8469.0
1083,2017-06-16,7090.0,7090.0,7030.0,7050.0,10666.0
1084,2017-06-16,7140.0,7140.0,6910.0,7090.0,46337.0
1085,2017-06-19,7070.0,7160.0,7060.0,7070.0,14422.0
1086,2017-06-19,7080.0,7080.0,7010.0,7030.0,13097.0
1087,2017-06-19,7010.0,7080.0,7010.0,7070.0,10359.0
1088,2017-06-19,7050.0,7090.0,7010.0,7090.0,15681.0
1089,2017-06-20,7090.0,7100.0,6910.0,7060.0,88246.0
1090,2017-06-20,7080.0,7090.0,6990.0,7060.0,33503.0
1091,2017-06-20,7060.0,7080.0,7010.0,7040.0,28851.0
1092,2017-06-20,7050.0,7080.0,7020.0,7080.0,8070.0
1093,2017-06-21,7080.0,7780.0,7000.0,7260.0,367793.0
1094,2017-06-21,7260.0,7310.0,7240.0,7250.0,51204.0
1095,2017-06-21,7260.0,7320.0,7240.0,7310.0,48192.0
1096,2017-06-21,7290.0,7370.0,7250.0,7250.0,28537.0
1097,2017-06-22,7450.0,7500.0,7450.0,7450.0,16839.0
1098,2017-06-22,7480.0,7540.0,7370.0,7420.0,56498.0
1099,2017-06-22,7270.0,7690.0,7250.0,7490.0,256774.0
1100,2017-06-22,7420.0,7470.0,7390.0,7450.0,25078.0
1101,2017-06-23,7460.0,7630.0,7410.0,7560.0,66281.0
1102,2017-06-23,7550.0,7610.0,7490.0,7490.0,35031.0
1103,2017-06-23,7490.0,7540.0,7450.0,7470.0,50240.0
1104,2017-06-23,7460.0,7540.0,7410.0,7530.0,17536.0
1105,2017-06-26,7530.0,7530.0,7370.0,7450.0,37201.0
1106,2017-06-26,7450.0,7500.0,7400.0,7500.0,25803.0
1107,2017-06-26,7500.0,7550.0,7420.0,7440.0,18437.0
1108,2017-06-26,7440.0,7440.0,7420.0,7420.0,6191.0
1109,2017-06-27,7450.0,7550.0,7410.0,7490.0,23167.0
1110,2017-06-27,7480.0,7480.0,7420.0,7440.0,16465.0
1111,2017-06-27,7440.0,7440.0,6900.0,7250.0,50862.0
1112,2017-06-27,7300.0,7390.0,7280.0,7320.0,11156.0
1113,2017-06-28,7180.0,7220.0,7090.0,7140.0,27430.0
1114,2017-06-28,7130.0,7240.0,7060.0,7240.0,36487.0
1115,2017-06-28,7320.0,7320.0,7130.0,7200.0,38039.0
1116,2017-06-28,7170.0,7240.0,7120.0,7180.0,19753.0
1117,2017-06-29,7180.0,7230.0,7010.0,7100.0,29681.0
1118,2017-06-29,7110.0,7130.0,7100.0,7130.0,4240.0
1119,2017-06-29,7130.0,7150.0,7110.0,7140.0,12064.0
1120,2017-06-29,7130.0,7150.0,7100.0,7100.0,26164.0
1121,2017-06-30,7070.0,7100.0,7050.0,7070.0,9914.0
1122,2017-06-30,7070.0,7100.0,7020.0,7100.0,19750.0
1123,2017-06-30,7100.0,7150.0,7040.0,7100.0,22810.0
1124,2017-06-30,7100.0,7140.0,7050.0,7100.0,16883.0
1125,2017-07-03,7080.0,7130.0,7000.0,7000.0,28790.0
1126,2017-07-03,7030.0,7040.0,6940.0,6950.0,7770.0
1127,2017-07-03,6950.0,7000.0,6890.0,6920.0,32689.0
1128,2017-07-03,6920.0,6930.0,6850.0,6920.0,22635.0
1129,2017-07-04,6780.0,6800.0,6500.0,6630.0,195349.0
1130,2017-07-04,6610.0,6630.0,6490.0,6570.0,73137.0
1131,2017-07-04,6570.0,6780.0,6490.0,6510.0,71142.0
1132,2017-07-04,6510.0,6640.0,6500.0,6500.0,27564.0
1133,2017-07-05,6560.0,6710.0,6560.0,6680.0,30097.0
1134,2017-07-05,6910.0,6940.0,6860.0,6940.0,9857.0
1135,2017-07-05,6460.0,6670.0,6460.0,6560.0,48768.0
1136,2017-07-05,6690.0,6940.0,6680.0,6900.0,65108.0
1137,2017-07-06,7090.0,7110.0,7090.0,7090.0,8213.0
1138,2017-07-06,7000.0,7190.0,7000.0,7140.0,97719.0
1139,2017-07-06,7100.0,7140.0,7080.0,7120.0,12367.0
1140,2017-07-06,7120.0,7150.0,7040.0,7100.0,43089.0
1141,2017-07-07,6950.0,6980.0,6880.0,6930.0,14659.0
1142,2017-07-07,6790.0,6800.0,6740.0,6790.0,17282.0
1143,2017-07-07,7050.0,7120.0,6870.0,6940.0,35722.0
1144,2017-07-07,6920.0,6930.0,6710.0,6830.0,30273.0
1145,2017-07-10,6750.0,6790.0,6550.0,6680.0,46265.0
1146,2017-07-10,6680.0,6700.0,6620.0,6650.0,8166.0
1147,2017-07-10,6650.0,6660.0,6580.0,6620.0,19181.0
1148,2017-07-10,6620.0,6650.0,6580.0,6650.0,7381.0
1149,2017-07-11,6600.0,6790.0,6490.0,6550.0,32748.0
1150,2017-07-11,6560.0,6560.0,6480.0,6510.0,17434.0
1151,2017-07-11,6510.0,6550.0,6420.0,6540.0,35776.0
1152,2017-07-11,6540.0,6550.0,6500.0,6550.0,13247.0
1153,2017-07-12,6550.0,6590.0,6130.0,6180.0,175547.0
1154,2017-07-12,6180.0,6400.0,5990.0,6140.0,231635.0
1155,2017-07-12,6170.0,6330.0,6170.0,6330.0,36608.0
1156,2017-07-12,6320.0,6320.0,6210.0,6210.0,21795.0
1157,2017-07-13,6100.0,6120.0,6090.0,6090.0,21596.0
1158,2017-07-13,6150.0,6160.0,6060.0,6080.0,44864.0
1159,2017-07-13,6080.0,6310.0,6080.0,6160.0,53798.0
1160,2017-07-13,6180.0,6220.0,6120.0,6170.0,20581.0
1161,2017-07-14,6070.0,6190.0,6040.0,6100.0,29997.0
1162,2017-07-14,6110.0,6150.0,6100.0,6150.0,14342.0
1163,2017-07-14,6150.0,6160.0,6100.0,6110.0,15755.0
1164,2017-07-14,6110.0,6150.0,6080.0,6120.0,6480.0
1165,2017-07-17,6120.0,6360.0,6120.0,6270.0,29946.0
1166,2017-07-17,6280.0,6320.0,6210.0,6270.0,10154.0
1167,2017-07-17,6270.0,6690.0,6230.0,6350.0,204376.0
1168,2017-07-17,6350.0,6470.0,6310.0,6430.0,25860.0
1169,2017-07-18,6470.0,6470.0,6300.0,6300.0,61672.0
1170,2017-07-18,6310.0,6360.0,6260.0,6270.0,15697.0
1171,2017-07-18,6270.0,6290.0,6240.0,6290.0,19198.0
1172,2017-07-18,6280.0,6320.0,6280.0,6320.0,2657.0
1173,2017-07-19,6440.0,6440.0,6300.0,6300.0,62089.0
1174,2017-07-19,6240.0,6260.0,6160.0,6180.0,29236.0
1175,2017-07-19,6350.0,6350.0,6230.0,6250.0,11569.0
1176,2017-07-19,6200.0,7490.0,6170.0,6440.0,577708.0
1177,2017-07-20,6310.0,6430.0,6220.0,6390.0,45482.0
1178,2017-07-20,6390.0,6540.0,6350.0,6530.0,61175.0
1179,2017-07-20,6510.0,6510.0,6420.0,6440.0,23607.0
1180,2017-07-20,6450.0,6470.0,6430.0,6430.0,8088.0
1181,2017-07-21,6500.0,6570.0,6410.0,6530.0,29584.0
1182,2017-07-21,6500.0,6620.0,6480.0,6560.0,42597.0
1183,2017-07-21,6550.0,6990.0,6490.0,6580.0,277039.0
1184,2017-07-21,6540.0,6630.0,6530.0,6610.0,20928.0
1185,2017-07-24,6610.0,6610.0,6430.0,6530.0,33997.0
1186,2017-07-24,6530.0,6560.0,6470.0,6470.0,21783.0
1187,2017-07-24,6470.0,6500.0,6420.0,6460.0,28257.0
1188,2017-07-24,6470.0,6520.0,6430.0,6450.0,8524.0
1189,2017-07-25,6430.0,6460.0,6410.0,6420.0,9819.0
1190,2017-07-25,6450.0,6460.0,6400.0,6440.0,12857.0
1191,2017-07-25,6450.0,6520.0,6360.0,6410.0,21978.0
1192,2017-07-25,6400.0,6480.0,6350.0,6450.0,12285.0
1193,2017-07-26,6420.0,6480.0,6280.0,6360.0,36528.0
1194,2017-07-26,6320.0,6350.0,6270.0,6280.0,21613.0
1195,2017-07-26,6280.0,6310.0,6230.0,6260.0,18407.0
1196,2017-07-26,6260.0,6260.0,6150.0,6150.0,30242.0
1197,2017-07-27,6160.0,6370.0,6150.0,6330.0,21002.0
1198,2017-07-27,6330.0,6380.0,6220.0,6270.0,8945.0
1199,2017-07-27,6270.0,6280.0,6200.0,6220.0,10979.0
1200,2017-07-27,6220.0,6260.0,6210.0,6260.0,5459.0
1201,2017-07-28,6170.0,6330.0,6170.0,6320.0,25391.0
1202,2017-07-28,6320.0,6350.0,6210.0,6290.0,30328.0
1203,2017-07-28,6270.0,6300.0,6180.0,6290.0,24921.0
1204,2017-07-28,6280.0,6280.0,6130.0,6200.0,22565.0
1205,2017-07-31,6090.0,6200.0,6080.0,6200.0,10019.0
1206,2017-07-31,6160.0,6240.0,6090.0,6090.0,20368.0
1207,2017-07-31,6290.0,6290.0,5970.0,6100.0,58081.0
1208,2017-07-31,6100.0,6180.0,6060.0,6170.0,9356.0
1209,2017-08-01,6200.0,6200.0,6050.0,6120.0,21333.0
1210,2017-08-01,6110.0,6110.0,6030.0,6050.0,15712.0
1211,2017-08-01,6040.0,6080.0,5990.0,6000.0,48260.0
1212,2017-08-01,6000.0,6110.0,6000.0,6020.0,22928.0
1213,2017-08-02,6020.0,6170.0,6020.0,6110.0,10110.0
1214,2017-08-02,6110.0,6110.0,6030.0,6080.0,8809.0
1215,2017-08-02,6080.0,6080.0,5900.0,6050.0,33637.0
1216,2017-08-02,6000.0,6110.0,5990.0,6110.0,10510.0
1217,2017-08-03,6000.0,6000.0,5900.0,5900.0,19492.0
1218,2017-08-03,6120.0,6180.0,6040.0,6070.0,2578.0
1219,2017-08-03,6060.0,6070.0,5950.0,6040.0,15611.0
1220,2017-08-03,6030.0,6030.0,5960.0,6000.0,11435.0
1221,2017-08-04,5860.0,6090.0,5840.0,5970.0,36453.0
1222,2017-08-04,5970.0,5980.0,5870.0,5930.0,19603.0
1223,2017-08-04,5930.0,5940.0,5870.0,5900.0,24921.0
1224,2017-08-04,5900.0,6000.0,5890.0,5990.0,9716.0
1225,2017-08-07,6000.0,6040.0,6000.0,6040.0,3916.0
1226,2017-08-07,5990.0,6100.0,5990.0,6030.0,20263.0
1227,2017-08-07,6030.0,6040.0,5990.0,6020.0,3451.0
1228,2017-08-07,6020.0,6060.0,6000.0,6030.0,15763.0
1229,2017-08-08,6040.0,6180.0,5960.0,6010.0,12256.0
1230,2017-08-08,5980.0,6050.0,5960.0,6020.0,19023.0
1231,2017-08-08,6020.0,6070.0,5990.0,6070.0,11173.0
1232,2017-08-08,6070.0,6070.0,6040.0,6050.0,1244.0
1233,2017-08-09,6010.0,6100.0,5960.0,6000.0,16476.0
1234,2017-08-09,6000.0,6000.0,5890.0,5960.0,17569.0
1235,2017-08-09,5960.0,5960.0,5830.0,5900.0,36483.0
1236,2017-08-09,5900.0,5910.0,5880.0,5910.0,4544.0
1237,2017-08-10,5910.0,6010.0,5850.0,5910.0,24278.0
1238,2017-08-10,5910.0,5910.0,5610.0,5700.0,105199.0
1239,2017-08-10,5710.0,5790.0,5670.0,5720.0,33672.0
1240,2017-08-10,5760.0,5760.0,5680.0,5720.0,34046.0
1241,2017-08-11,5720.0,5730.0,5660.0,5720.0,8786.0
1242,2017-08-11,5620.0,5750.0,5490.0,5560.0,48815.0
1243,2017-08-11,5550.0,5550.0,5490.0,5510.0,21657.0
1244,2017-08-11,5520.0,5790.0,5520.0,5720.0,39849.0
1245,2017-08-14,5710.0,5800.0,5630.0,5760.0,6884.0
1246,2017-08-14,5750.0,5840.0,5750.0,5820.0,12500.0
1247,2017-08-14,5830.0,5850.0,5790.0,5840.0,12944.0
1248,2017-08-14,5830.0,5850.0,5800.0,5800.0,5022.0
1249,2017-08-16,5810.0,5860.0,5680.0,5690.0,11118.0
1250,2017-08-16,5700.0,5750.0,5680.0,5700.0,15451.0
1251,2017-08-16,5700.0,5740.0,5680.0,5700.0,29516.0
1252,2017-08-16,5700.0,5740.0,5700.0,5710.0,6453.0
1253,2017-08-17,5720.0,5820.0,5680.0,5780.0,13234.0
1254,2017-08-17,5770.0,5830.0,5740.0,5820.0,8087.0
1255,2017-08-17,5830.0,5840.0,5800.0,5810.0,5878.0
1256,2017-08-17,5820.0,5840.0,5600.0,5660.0,54207.0
1257,2017-08-18,5550.0,5560.0,5500.0,5520.0,20404.0
1258,2017-08-18,5420.0,5600.0,5240.0,5550.0,123812.0
1259,2017-08-18,5640.0,5640.0,5350.0,5380.0,84513.0
1260,2017-08-18,5390.0,5470.0,5370.0,5420.0,29973.0
1261,2017-08-21,5550.0,5630.0,5430.0,5440.0,23728.0
1262,2017-08-21,5430.0,5440.0,5250.0,5410.0,31136.0
1263,2017-08-21,5420.0,5710.0,5420.0,5670.0,65576.0
1264,2017-08-21,5670.0,5760.0,5640.0,5740.0,25785.0
1265,2017-08-22,5690.0,5770.0,5660.0,5760.0,14071.0
1266,2017-08-22,5760.0,5830.0,5730.0,5820.0,37332.0
1267,2017-08-22,5820.0,5870.0,5810.0,5860.0,23241.0
1268,2017-08-22,5860.0,5870.0,5850.0,5850.0,4458.0
1269,2017-08-23,5810.0,5900.0,5790.0,5800.0,9657.0
1270,2017-08-23,5810.0,5850.0,5770.0,5810.0,14835.0
1271,2017-08-23,5800.0,5830.0,5750.0,5800.0,11322.0
1272,2017-08-23,5760.0,5810.0,5730.0,5730.0,16039.0
1273,2017-08-24,5630.0,5670.0,5630.0,5660.0,4054.0
1274,2017-08-24,5510.0,5670.0,5480.0,5630.0,29264.0
1275,2017-08-24,5730.0,5850.0,5550.0,5620.0,22544.0
1276,2017-08-24,5600.0,5600.0,5480.0,5510.0,48459.0
1277,2017-08-25,5550.0,5570.0,5530.0,5550.0,8730.0
1278,2017-08-25,5650.0,5690.0,5600.0,5640.0,30510.0
1279,2017-08-25,5610.0,5650.0,5510.0,5580.0,13578.0
1280,2017-08-25,5540.0,5660.0,5520.0,5660.0,21719.0
1281,2017-08-28,5670.0,5670.0,5590.0,5630.0,4601.0
1282,2017-08-28,5640.0,5640.0,5570.0,5630.0,6220.0
1283,2017-08-28,5630.0,5660.0,5620.0,5650.0,7804.0
1284,2017-08-28,5640.0,5660.0,5640.0,5660.0,1009.0
1285,2017-08-29,5670.0,5680.0,5530.0,5530.0,7366.0
1286,2017-08-29,5530.0,5610.0,5510.0,5550.0,29254.0
1287,2017-08-29,5540.0,5600.0,5520.0,5590.0,13251.0
1288,2017-08-29,5590.0,5600.0,5560.0,5590.0,7763.0
1289,2017-08-30,5590.0,5590.0,5440.0,5490.0,67808.0
1290,2017-08-30,5490.0,5530.0,5400.0,5510.0,41598.0
1291,2017-08-30,5490.0,5530.0,5420.0,5470.0,17829.0
1292,2017-08-30,5450.0,5470.0,5340.0,5380.0,26164.0
1293,2017-08-31,5460.0,5500.0,5410.0,5500.0,18859.0
1294,2017-08-31,5420.0,5510.0,5400.0,5460.0,35428.0
1295,2017-08-31,5380.0,5510.0,5370.0,5380.0,21347.0
1296,2017-08-31,5380.0,5790.0,5370.0,5420.0,200738.0
1297,2017-09-01,5500.0,5550.0,5470.0,5490.0,14499.0
1298,2017-09-01,5470.0,5500.0,5460.0,5490.0,9916.0
1299,2017-09-01,5480.0,5530.0,5470.0,5510.0,13541.0
1300,2017-09-01,5500.0,5550.0,5490.0,5550.0,8118.0
1301,2017-09-04,5410.0,5550.0,5350.0,5470.0,30974.0
1302,2017-09-04,5460.0,5470.0,5360.0,5420.0,19070.0
1303,2017-09-04,5400.0,5460.0,5400.0,5440.0,10571.0
1304,2017-09-04,5460.0,5480.0,5400.0,5480.0,13618.0
1305,2017-09-05,5480.0,5530.0,5420.0,5430.0,6167.0
1306,2017-09-05,5440.0,5480.0,5380.0,5420.0,22083.0
1307,2017-09-05,5400.0,5420.0,5320.0,5390.0,31403.0
1308,2017-09-05,5390.0,5450.0,5340.0,5430.0,20941.0
1309,2017-09-06,5380.0,5400.0,5290.0,5300.0,36683.0
1310,2017-09-06,5300.0,5400.0,5240.0,5380.0,30538.0
1311,2017-09-06,5430.0,5480.0,5360.0,5400.0,16857.0
1312,2017-09-06,5400.0,5440.0,5370.0,5380.0,6856.0
1313,2017-09-07,5320.0,5370.0,5280.0,5280.0,10496.0
1314,2017-09-07,5330.0,5330.0,5280.0,5290.0,7216.0
1315,2017-09-07,5290.0,5340.0,5270.0,5290.0,37162.0
1316,2017-09-07,5280.0,5300.0,5250.0,5300.0,15998.0
1317,2017-09-08,5310.0,5520.0,5270.0,5500.0,82076.0
1318,2017-09-08,5490.0,6620.0,5490.0,6150.0,1622602.0
1319,2017-09-08,6150.0,6550.0,6050.0,6240.0,994513.0
1320,2017-09-08,6220.0,6350.0,6120.0,6260.0,150624.0
1321,2017-09-11,6320.0,6400.0,6280.0,6400.0,42221.0
1322,2017-09-11,6480.0,6620.0,6200.0,6300.0,222490.0
1323,2017-09-11,6300.0,6420.0,6260.0,6350.0,80402.0
1324,2017-09-11,6360.0,6380.0,6260.0,6320.0,59126.0
1325,2017-09-12,6400.0,6450.0,6270.0,6420.0,93661.0
1326,2017-09-12,6420.0,6490.0,6410.0,6450.0,35969.0
1327,2017-09-12,6420.0,6430.0,6340.0,6340.0,53018.0
1328,2017-09-12,6350.0,6400.0,6350.0,6390.0,24240.0
1329,2017-09-13,6250.0,6270.0,6230.0,6230.0,10056.0
1330,2017-09-13,6360.0,6410.0,6200.0,6260.0,98782.0
1331,2017-09-13,6250.0,6280.0,6220.0,6240.0,15907.0
1332,2017-09-13,6240.0,6270.0,6230.0,6250.0,11122.0
1333,2017-09-14,6220.0,6270.0,6010.0,6050.0,76545.0
1334,2017-09-14,6050.0,6100.0,6020.0,6100.0,28730.0
1335,2017-09-14,6090.0,6290.0,6070.0,6190.0,30805.0
1336,2017-09-14,6180.0,6200.0,6090.0,6090.0,29857.0
1337,2017-09-15,6090.0,6190.0,6060.0,6080.0,24393.0
1338,2017-09-15,6080.0,6090.0,5980.0,6010.0,45824.0
1339,2017-09-15,6040.0,6180.0,6010.0,6070.0,61165.0
1340,2017-09-15,6070.0,6180.0,6070.0,6170.0,11755.0
1341,2017-09-18,6080.0,6210.0,6050.0,6080.0,38667.0
1342,2017-09-18,6070.0,6100.0,6040.0,6070.0,6674.0
1343,2017-09-18,6070.0,6070.0,5910.0,5970.0,56557.0
1344,2017-09-18,5960.0,5960.0,5920.0,5920.0,8181.0
1345,2017-09-19,5570.0,5600.0,5550.0,5600.0,17420.0
1346,2017-09-19,5500.0,5600.0,5400.0,5520.0,82816.0
1347,2017-09-19,5850.0,5900.0,5460.0,5510.0,200081.0
1348,2017-09-19,5530.0,5580.0,5500.0,5550.0,12945.0
1349,2017-09-20,5610.0,5640.0,5500.0,5530.0,21386.0
1350,2017-09-20,5500.0,5550.0,5490.0,5490.0,16659.0
1351,2017-09-20,5500.0,5520.0,5370.0,5410.0,36434.0
1352,2017-09-20,5400.0,5430.0,5300.0,5400.0,46327.0
1353,2017-09-21,5400.0,5400.0,4965.0,5070.0,165246.0
1354,2017-09-21,5060.0,5060.0,4865.0,4950.0,135352.0
1355,2017-09-21,4950.0,5050.0,4870.0,5020.0,117813.0
1356,2017-09-21,5020.0,5030.0,4905.0,4950.0,49051.0
1357,2017-09-22,4510.0,4850.0,4415.0,4850.0,166447.0
1358,2017-09-22,4935.0,5080.0,4865.0,4890.0,58676.0
1359,2017-09-22,4910.0,4910.0,4800.0,4830.0,71553.0
1360,2017-09-22,4830.0,4835.0,4445.0,4445.0,179902.0
1361,2017-09-25,4720.0,4845.0,4540.0,4615.0,51657.0
1362,2017-09-25,4575.0,4745.0,4540.0,4740.0,40012.0
1363,2017-09-25,4740.0,4800.0,4610.0,4610.0,34128.0
1364,2017-09-25,4610.0,4810.0,4580.0,4700.0,45184.0
1365,2017-09-26,4650.0,4830.0,4640.0,4820.0,47650.0
1366,2017-09-26,4520.0,4900.0,4520.0,4690.0,79848.0
1367,2017-09-26,4690.0,4695.0,4645.0,4675.0,19058.0
1368,2017-09-26,4645.0,4695.0,4635.0,4675.0,12707.0
1369,2017-09-27,4795.0,5410.0,4770.0,4945.0,286807.0
1370,2017-09-27,4945.0,5100.0,4910.0,4995.0,79975.0
1371,2017-09-27,4990.0,4990.0,4850.0,4885.0,47777.0
1372,2017-09-27,4870.0,5030.0,4870.0,5000.0,19346.0
1373,2017-09-28,5000.0,5040.0,4940.0,4985.0,26894.0
1374,2017-09-28,4980.0,5000.0,4980.0,5000.0,5476.0
1375,2017-09-28,4990.0,5000.0,4950.0,4975.0,27372.0
1376,2017-09-28,4975.0,4990.0,4940.0,4940.0,10898.0
1377,2017-09-29,4945.0,5090.0,4925.0,4990.0,15101.0
1378,2017-09-29,5020.0,5150.0,5000.0,5100.0,14668.0
1379,2017-09-29,5100.0,5120.0,5080.0,5100.0,16222.0
1380,2017-09-29,5080.0,5100.0,5040.0,5040.0,7255.0
1381,2017-10-10,5030.0,5100.0,5030.0,5080.0,6604.0
1382,2017-10-10,5050.0,5330.0,5050.0,5180.0,33988.0
1383,2017-10-10,5190.0,5200.0,5130.0,5200.0,8960.0
1384,2017-10-10,5200.0,5200.0,5020.0,5030.0,27672.0
1385,2017-10-11,5030.0,5150.0,5030.0,5140.0,10057.0
1386,2017-10-11,5120.0,5180.0,5080.0,5140.0,8475.0
1387,2017-10-11,5180.0,5180.0,5080.0,5150.0,16341.0
1388,2017-10-11,5150.0,5180.0,5120.0,5120.0,2035.0
1389,2017-10-12,5150.0,5200.0,5000.0,5010.0,39369.0
1390,2017-10-12,5020.0,5090.0,5010.0,5090.0,19977.0
1391,2017-10-12,5090.0,5120.0,5080.0,5100.0,27574.0
1392,2017-10-12,5090.0,5130.0,5090.0,5120.0,4624.0
1393,2017-10-13,5120.0,5160.0,5010.0,5010.0,17069.0
1394,2017-10-13,5050.0,5070.0,5020.0,5070.0,5307.0
1395,2017-10-13,5070.0,5130.0,5050.0,5130.0,7345.0
1396,2017-10-13,5130.0,5140.0,5110.0,5120.0,5968.0
1397,2017-10-16,5320.0,5340.0,5250.0,5250.0,17914.0
1398,2017-10-16,5250.0,5320.0,5220.0,5320.0,12652.0
1399,2017-10-16,5120.0,5230.0,5010.0,5230.0,42893.0
1400,2017-10-16,5230.0,5400.0,5230.0,5250.0,52543.0
1401,2017-10-17,5300.0,5440.0,5220.0,5370.0,74654.0
1402,2017-10-17,5340.0,5370.0,5300.0,5310.0,34953.0
1403,2017-10-17,5320.0,5340.0,5280.0,5320.0,22459.0
1404,2017-10-17,5320.0,5320.0,5310.0,5320.0,2723.0
1405,2017-10-18,5320.0,5370.0,5130.0,5200.0,32091.0
1406,2017-10-18,5190.0,5240.0,5130.0,5240.0,5883.0
1407,2017-10-18,5240.0,5240.0,5140.0,5180.0,14132.0
1408,2017-10-18,5180.0,5190.0,5160.0,5190.0,2778.0
1409,2017-10-19,5190.0,5260.0,5100.0,5200.0,18696.0
1410,2017-10-19,5210.0,5240.0,5180.0,5230.0,2271.0
1411,2017-10-19,5230.0,5250.0,5180.0,5250.0,12120.0
1412,2017-10-19,5250.0,5260.0,5200.0,5220.0,9134.0
1413,2017-10-20,5230.0,5250.0,5210.0,5220.0,8811.0
1414,2017-10-20,5250.0,5260.0,5150.0,5230.0,30994.0
1415,2017-10-20,5250.0,5380.0,5150.0,5190.0,13521.0
1416,2017-10-20,5210.0,5260.0,5190.0,5250.0,16272.0
1417,2017-10-23,5420.0,5450.0,5320.0,5380.0,27697.0
1418,2017-10-23,5300.0,5300.0,5210.0,5250.0,15414.0
1419,2017-10-23,5230.0,5420.0,5230.0,5420.0,25281.0
1420,2017-10-23,5370.0,5370.0,5280.0,5310.0,25175.0
1421,2017-10-24,5260.0,5320.0,5120.0,5230.0,21281.0
1422,2017-10-24,5230.0,5310.0,5220.0,5300.0,7741.0
1423,2017-10-24,5290.0,5320.0,5170.0,5290.0,7811.0
1424,2017-10-24,5280.0,5280.0,5130.0,5130.0,17601.0
1425,2017-10-25,5230.0,5270.0,5130.0,5270.0,14061.0
1426,2017-10-25,5190.0,5220.0,5140.0,5180.0,15989.0
1427,2017-10-25,5180.0,5190.0,5130.0,5150.0,8676.0
1428,2017-10-25,5260.0,5260.0,5140.0,5200.0,31348.0
1429,2017-10-26,5150.0,5230.0,5110.0,5190.0,8378.0
1430,2017-10-26,5190.0,5440.0,5110.0,5250.0,55460.0
1431,2017-10-26,5250.0,5550.0,5250.0,5460.0,85654.0
1432,2017-10-26,5460.0,5480.0,5400.0,5410.0,17258.0
1433,2017-10-27,5670.0,5800.0,5670.0,5780.0,50430.0
1434,2017-10-27,5520.0,5760.0,5450.0,5660.0,81166.0
1435,2017-10-27,5660.0,5740.0,5550.0,5670.0,82653.0
1436,2017-10-27,5420.0,5710.0,5420.0,5520.0,152514.0
1437,2017-10-30,5780.0,5880.0,5700.0,5740.0,36252.0
1438,2017-10-30,5740.0,5740.0,5650.0,5650.0,33543.0
1439,2017-10-30,5650.0,5690.0,5580.0,5590.0,23986.0
1440,2017-10-30,5590.0,5750.0,5580.0,5750.0,36783.0
1441,2017-10-31,5750.0,5750.0,5500.0,5510.0,50481.0
1442,2017-10-31,5500.0,5550.0,5460.0,5510.0,46644.0
1443,2017-10-31,5510.0,5560.0,5490.0,5520.0,38045.0
1444,2017-10-31,5520.0,5530.0,5440.0,5440.0,21396.0
1445,2017-11-01,5500.0,5590.0,5430.0,5490.0,22976.0
1446,2017-11-01,5490.0,5490.0,5290.0,5340.0,25777.0
1447,2017-11-01,5310.0,5460.0,5300.0,5360.0,42610.0
1448,2017-11-01,5360.0,5400.0,5310.0,5400.0,11736.0
1449,2017-11-02,5380.0,5400.0,5330.0,5400.0,22196.0
1450,2017-11-02,5390.0,5400.0,5310.0,5350.0,18447.0
1451,2017-11-02,5420.0,5520.0,5310.0,5360.0,20887.0
1452,2017-11-02,5360.0,5420.0,5320.0,5400.0,18134.0
1453,2017-11-03,5370.0,5510.0,5320.0,5440.0,17027.0
1454,2017-11-03,5430.0,5430.0,5400.0,5400.0,3356.0
1455,2017-11-03,5400.0,5460.0,5400.0,5440.0,7640.0
1456,2017-11-03,5440.0,5450.0,5420.0,5420.0,4072.0
1457,2017-11-06,5420.0,5470.0,5320.0,5380.0,18299.0
1458,2017-11-06,5380.0,5400.0,5290.0,5330.0,54151.0
1459,2017-11-06,5350.0,5360.0,5290.0,5350.0,10729.0
1460,2017-11-06,5360.0,5380.0,5350.0,5360.0,5915.0
1461,2017-11-07,5390.0,5420.0,5390.0,5420.0,3077.0
1462,2017-11-07,5350.0,5440.0,5350.0,5400.0,9141.0
1463,2017-11-07,5400.0,5400.0,5330.0,5390.0,8116.0
1464,2017-11-07,5390.0,5410.0,5330.0,5390.0,27807.0
1465,2017-11-08,5440.0,5440.0,5310.0,5330.0,9774.0
1466,2017-11-08,5330.0,5410.0,5230.0,5290.0,40553.0
1467,2017-11-08,5270.0,5340.0,5190.0,5280.0,32186.0
1468,2017-11-08,5280.0,5280.0,5240.0,5240.0,1993.0
1469,2017-11-09,5110.0,5280.0,5040.0,5170.0,24039.0
1470,2017-11-09,5240.0,5300.0,5040.0,5150.0,55893.0
1471,2017-11-09,5160.0,5180.0,5080.0,5120.0,10956.0
1472,2017-11-09,5110.0,5140.0,5050.0,5120.0,19807.0
1473,2017-11-10,5180.0,5220.0,4985.0,4990.0,77024.0
1474,2017-11-10,5000.0,5040.0,4960.0,5030.0,23341.0
1475,2017-11-10,5030.0,5030.0,4950.0,5010.0,55768.0
1476,2017-11-10,5020.0,5100.0,4985.0,5090.0,43172.0
1477,2017-11-13,5060.0,5060.0,4980.0,5060.0,24931.0
1478,2017-11-13,5060.0,5060.0,5000.0,5000.0,24084.0
1479,2017-11-13,5000.0,5070.0,5000.0,5050.0,29714.0
1480,2017-11-13,5040.0,5060.0,5040.0,5060.0,4234.0
1481,2017-11-14,4935.0,4960.0,4860.0,4915.0,70503.0
1482,2017-11-14,4915.0,5020.0,4860.0,4995.0,32768.0
1483,2017-11-14,4995.0,5020.0,4975.0,5010.0,22871.0
1484,2017-11-14,5010.0,5030.0,4980.0,5030.0,7090.0
1485,2017-11-15,4990.0,4990.0,4930.0,4930.0,11030.0
1486,2017-11-15,5040.0,5090.0,4950.0,4985.0,52029.0
1487,2017-11-15,4985.0,5040.0,4965.0,4980.0,32089.0
1488,2017-11-15,4985.0,5000.0,4930.0,4990.0,30287.0
1489,2017-11-16,4930.0,4980.0,4910.0,4980.0,10932.0
1490,2017-11-16,4980.0,5000.0,4940.0,4995.0,17414.0
1491,2017-11-16,4990.0,5120.0,4975.0,5120.0,73338.0
1492,2017-11-16,5120.0,5210.0,5120.0,5210.0,30871.0
1493,2017-11-17,5210.0,5610.0,5210.0,5510.0,150110.0
1494,2017-11-17,5500.0,5660.0,5430.0,5500.0,126727.0
1495,2017-11-17,5490.0,5580.0,4990.0,5300.0,281390.0
1496,2017-11-17,5270.0,5320.0,5200.0,5260.0,30134.0
1497,2017-11-20,5040.0,5040.0,4955.0,4955.0,36978.0
1498,2017-11-20,5300.0,5300.0,5160.0,5170.0,43635.0
1499,2017-11-20,5170.0,5220.0,5090.0,5090.0,27992.0
1500,2017-11-20,5090.0,5100.0,4980.0,5040.0,130195.0
1501,2017-11-21,4890.0,5060.0,4890.0,4980.0,91068.0
1502,2017-11-21,4980.0,5030.0,4955.0,4995.0,19013.0
1503,2017-11-21,4995.0,5080.0,4970.0,5020.0,52252.0
1504,2017-11-21,5020.0,5080.0,5010.0,5080.0,16967.0
1505,2017-11-22,5190.0,5210.0,5050.0,5100.0,48484.0
1506,2017-11-22,5120.0,5230.0,5080.0,5150.0,75064.0
1507,2017-11-22,5150.0,5180.0,5100.0,5130.0,48726.0
1508,2017-11-22,5140.0,5320.0,5120.0,5190.0,148794.0
1509,2017-11-23,5100.0,5250.0,5050.0,5090.0,88898.0
1510,2017-11-23,5080.0,5090.0,4975.0,5060.0,49844.0
1511,2017-11-23,5060.0,5060.0,4985.0,5060.0,53097.0
1512,2017-11-23,5060.0,5090.0,4995.0,4995.0,39056.0
1513,2017-11-24,5010.0,5310.0,5010.0,5220.0,160367.0
1514,2017-11-24,5230.0,5360.0,5190.0,5310.0,131576.0
1515,2017-11-24,5310.0,5900.0,5270.0,5320.0,889469.0
1516,2017-11-24,5320.0,5400.0,5300.0,5380.0,63564.0
1517,2017-11-27,5380.0,5780.0,5330.0,5690.0,264261.0
1518,2017-11-27,5680.0,5770.0,5530.0,5770.0,134995.0
1519,2017-11-27,5770.0,6140.0,5650.0,5910.0,888251.0
1520,2017-11-27,5900.0,6050.0,5870.0,6000.0,138731.0
1521,2017-11-28,6180.0,6300.0,6150.0,6270.0,78333.0
1522,2017-11-28,6010.0,6160.0,5930.0,6000.0,252509.0
1523,2017-11-28,6000.0,6220.0,5990.0,6130.0,121038.0
1524,2017-11-28,6150.0,6280.0,6080.0,6160.0,207931.0
1525,2017-11-29,6260.0,6310.0,6000.0,6040.0,225477.0
1526,2017-11-29,6040.0,6170.0,5990.0,6090.0,186482.0
1527,2017-11-29,6080.0,6300.0,5990.0,6230.0,474983.0
1528,2017-11-29,6230.0,6300.0,6130.0,6290.0,77984.0
1529,2017-11-30,6360.0,6370.0,6070.0,6250.0,158643.0
1530,2017-11-30,6240.0,6290.0,6150.0,6200.0,14355.0
1531,2017-11-30,6160.0,6410.0,6100.0,6180.0,150436.0
1532,2017-11-30,6190.0,6270.0,6170.0,6200.0,25227.0
1533,2017-12-01,6200.0,6360.0,6100.0,6210.0,156680.0
1534,2017-12-01,6180.0,6230.0,6130.0,6200.0,23886.0
1535,2017-12-01,6160.0,6360.0,6100.0,6190.0,267038.0
1536,2017-12-01,6180.0,6290.0,6160.0,6200.0,35199.0
1537,2017-12-04,6270.0,6500.0,6240.0,6240.0,85481.0
1538,2017-12-04,6290.0,6290.0,6140.0,6280.0,60865.0
1539,2017-12-04,6240.0,6240.0,5880.0,5900.0,85120.0
1540,2017-12-04,5890.0,6290.0,5870.0,6290.0,108614.0
1541,2017-12-05,6400.0,6480.0,6200.0,6390.0,76308.0
1542,2017-12-05,6390.0,6400.0,6310.0,6360.0,42800.0
1543,2017-12-05,6350.0,6500.0,6310.0,6490.0,154877.0
1544,2017-12-05,6490.0,6500.0,6410.0,6490.0,77610.0
1545,2017-12-06,6500.0,6610.0,6400.0,6490.0,72682.0
1546,2017-12-06,6420.0,6530.0,6420.0,6490.0,32185.0
1547,2017-12-06,6490.0,6500.0,6430.0,6480.0,31536.0
1548,2017-12-06,6470.0,6590.0,6420.0,6540.0,83969.0
1549,2017-12-07,6500.0,6600.0,6200.0,6380.0,190491.0
1550,2017-12-07,6370.0,6420.0,6180.0,6320.0,138189.0
1551,2017-12-07,6310.0,6340.0,6100.0,6240.0,109676.0
1552,2017-12-07,6230.0,6280.0,6130.0,6200.0,56345.0
1553,2017-12-08,6150.0,6180.0,5880.0,5900.0,85338.0
1554,2017-12-08,5890.0,5980.0,5750.0,5850.0,57098.0
1555,2017-12-08,6190.0,6390.0,6130.0,6250.0,118525.0
1556,2017-12-08,6250.0,6250.0,6120.0,6140.0,42898.0
1557,2017-12-11,5040.0,5060.0,4730.0,4730.0,352314.0
1558,2017-12-11,4505.0,4600.0,4450.0,4450.0,208902.0
1559,2017-12-11,5900.0,5900.0,4965.0,5060.0,434099.0
1560,2017-12-11,4740.0,4815.0,4475.0,4505.0,534371.0
1561,2017-12-12,4350.0,4580.0,4335.0,4450.0,319626.0
1562,2017-12-12,4450.0,4760.0,4450.0,4700.0,311335.0
1563,2017-12-12,4710.0,4890.0,4695.0,4885.0,187244.0
1564,2017-12-12,4885.0,4910.0,4830.0,4910.0,63029.0
1565,2017-12-13,4900.0,5200.0,4900.0,5120.0,208534.0
1566,2017-12-13,5120.0,5250.0,5120.0,5230.0,102375.0
1567,2017-12-13,5230.0,5340.0,5200.0,5310.0,137852.0
1568,2017-12-13,5320.0,5400.0,5310.0,5400.0,48670.0
1569,2017-12-14,5430.0,5710.0,5420.0,5550.0,195959.0
1570,2017-12-14,5550.0,5690.0,5460.0,5680.0,106687.0
1571,2017-12-14,5670.0,5780.0,5630.0,5730.0,59346.0
1572,2017-12-14,5700.0,5780.0,5660.0,5660.0,48398.0
1573,2017-12-15,5940.0,5990.0,5910.0,5910.0,79749.0
1574,2017-12-15,5790.0,6030.0,5750.0,5940.0,176183.0
1575,2017-12-15,5600.0,5800.0,5530.0,5780.0,158111.0
1576,2017-12-15,5790.0,5860.0,5770.0,5790.0,69134.0
1577,2017-12-18,6320.0,6320.0,5800.0,6000.0,344309.0
1578,2017-12-18,6000.0,6000.0,5300.0,5440.0,193454.0
1579,2017-12-18,5380.0,5520.0,5050.0,5340.0,563758.0
1580,2017-12-18,5330.0,5470.0,5330.0,5430.0,101362.0
1581,2017-12-19,5490.0,5620.0,5320.0,5420.0,177746.0
1582,2017-12-19,5420.0,5650.0,5140.0,5650.0,393177.0
1583,2017-12-19,5650.0,5660.0,5350.0,5560.0,185147.0
1584,2017-12-19,5530.0,5590.0,5400.0,5480.0,58811.0
1585,2017-12-20,5440.0,5590.0,5430.0,5500.0,84413.0
1586,2017-12-20,5490.0,5510.0,5360.0,5380.0,85573.0
1587,2017-12-20,5370.0,5370.0,4970.0,5080.0,252460.0
1588,2017-12-20,5090.0,5110.0,5050.0,5080.0,34414.0
1589,2017-12-21,4595.0,4715.0,4500.0,4500.0,68242.0
1590,2017-12-21,4450.0,4745.0,4395.0,4595.0,266795.0
1591,2017-12-21,4955.0,5080.0,4660.0,4690.0,230620.0
1592,2017-12-21,4660.0,4700.0,4240.0,4450.0,722944.0
1593,2017-12-22,4510.0,4555.0,4140.0,4470.0,144937.0
1594,2017-12-22,4470.0,4485.0,4365.0,4420.0,33926.0
1595,2017-12-22,4400.0,4620.0,4400.0,4620.0,88008.0
1596,2017-12-22,4385.0,4615.0,4385.0,4510.0,89199.0
1597,2017-12-26,4660.0,4880.0,4650.0,4780.0,158204.0
1598,2017-12-26,4780.0,4780.0,4605.0,4640.0,79998.0
1599,2017-12-26,4695.0,4770.0,4600.0,4735.0,224608.0
1600,2017-12-26,4740.0,4760.0,4665.0,4680.0,79865.0
1601,2017-12-27,4610.0,4660.0,4400.0,4525.0,145488.0
1602,2017-12-27,4525.0,4535.0,4445.0,4500.0,74052.0
1603,2017-12-27,4485.0,4510.0,4315.0,4430.0,139950.0
1604,2017-12-27,4450.0,4510.0,4425.0,4510.0,56788.0
1605,2017-12-28,4600.0,4775.0,4600.0,4635.0,115822.0
1606,2017-12-28,4635.0,4705.0,4620.0,4620.0,28861.0
1607,2017-12-28,4560.0,4575.0,4390.0,4540.0,131759.0
1608,2017-12-28,4535.0,4640.0,4535.0,4600.0,119141.0
1609,2018-01-02,4655.0,5290.0,4630.0,5110.0,637150.0
1610,2018-01-02,5130.0,5390.0,5130.0,5390.0,178082.0
1611,2018-01-02,5360.0,5480.0,5310.0,5420.0,241233.0
1612,2018-01-03,5850.0,5890.0,5250.0,5280.0,885596.0
1613,2018-01-03,5280.0,5540.0,5270.0,5440.0,244423.0
1614,2018-01-03,5440.0,5470.0,5230.0,5300.0,202491.0
1615,2018-01-03,5290.0,5310.0,5230.0,5230.0,40724.0
1616,2018-01-04,5540.0,5540.0,5390.0,5400.0,41989.0
1617,2018-01-04,5270.0,5420.0,5160.0,5210.0,104592.0
1618,2018-01-04,5220.0,5270.0,5160.0,5270.0,61947.0
1619,2018-01-04,5270.0,5710.0,5270.0,5560.0,361775.0
1620,2018-01-05,5450.0,5520.0,5350.0,5390.0,84756.0
1621,2018-01-05,5430.0,5460.0,5320.0,5360.0,65369.0
1622,2018-01-05,5360.0,5450.0,5320.0,5400.0,81667.0
1623,2018-01-05,5390.0,5460.0,5390.0,5430.0,65729.0
1624,2018-01-08,5380.0,5450.0,5330.0,5430.0,19948.0
1625,2018-01-08,5430.0,5480.0,5250.0,5380.0,124983.0
1626,2018-01-08,5510.0,5680.0,5450.0,5520.0,308147.0
1627,2018-01-08,5500.0,5550.0,5430.0,5460.0,97090.0
1628,2018-01-09,5330.0,5380.0,5250.0,5300.0,41726.0
1629,2018-01-09,5240.0,5300.0,5200.0,5280.0,51420.0
1630,2018-01-09,5510.0,5530.0,5320.0,5360.0,79409.0
1631,2018-01-09,5310.0,5380.0,5200.0,5250.0,80273.0
1632,2018-01-10,5300.0,5300.0,4990.0,5120.0,117439.0
1633,2018-01-10,5100.0,5160.0,4960.0,5150.0,113834.0
1634,2018-01-10,5150.0,5280.0,5120.0,5140.0,60334.0
1635,2018-01-10,5140.0,5220.0,5130.0,5200.0,30606.0
1636,2018-01-11,5120.0,5170.0,4960.0,5100.0,53708.0
1637,2018-01-11,5220.0,5220.0,5090.0,5090.0,99807.0
1638,2018-01-11,5100.0,5200.0,5070.0,5200.0,30940.0
1639,2018-01-11,5090.0,5230.0,5040.0,5200.0,78467.0
1640,2018-01-12,5200.0,5210.0,5070.0,5150.0,38309.0
1641,2018-01-12,5150.0,5150.0,5050.0,5100.0,37637.0
1642,2018-01-12,5100.0,5160.0,4900.0,5100.0,72913.0
1643,2018-01-12,5100.0,5130.0,5050.0,5050.0,39346.0
1644,2018-01-15,5240.0,5260.0,5190.0,5230.0,24384.0
1645,2018-01-15,5110.0,5300.0,5060.0,5270.0,105918.0
1646,2018-01-15,5280.0,5280.0,5180.0,5240.0,71799.0
1647,2018-01-15,5050.0,5400.0,5000.0,5110.0,176656.0
1648,2018-01-16,5230.0,5270.0,5130.0,5160.0,25254.0
1649,2018-01-16,5160.0,5300.0,5150.0,5250.0,33619.0
1650,2018-01-16,5250.0,5250.0,5090.0,5090.0,77662.0
1651,2018-01-16,5100.0,5110.0,5070.0,5100.0,22806.0
1652,2018-01-17,5100.0,5100.0,4895.0,4895.0,58200.0
1653,2018-01-17,4900.0,4975.0,4850.0,4900.0,47586.0
1654,2018-01-17,4900.0,4930.0,4780.0,4890.0,116908.0
1655,2018-01-17,4890.0,4950.0,4860.0,4950.0,21522.0
1656,2018-01-18,4980.0,5160.0,4830.0,5140.0,85860.0
1657,2018-01-18,5130.0,5150.0,5030.0,5100.0,33676.0
1658,2018-01-18,5100.0,5180.0,5010.0,5170.0,59800.0
1659,2018-01-18,5170.0,5180.0,5130.0,5150.0,24108.0
1660,2018-01-19,5140.0,5140.0,5050.0,5090.0,28133.0
1661,2018-01-19,5100.0,5190.0,5050.0,5140.0,83482.0
1662,2018-01-19,5250.0,5260.0,5080.0,5120.0,38757.0
1663,2018-01-19,5120.0,5120.0,5080.0,5100.0,16597.0
1664,2018-01-22,5090.0,5160.0,4950.0,5040.0,51556.0
1665,2018-01-22,5030.0,5450.0,4960.0,5150.0,451157.0
1666,2018-01-22,5150.0,5160.0,5060.0,5090.0,59534.0
1667,2018-01-22,5070.0,5090.0,5060.0,5080.0,19054.0
1668,2018-01-23,5060.0,5170.0,5000.0,5020.0,88048.0
1669,2018-01-23,5010.0,5080.0,5000.0,5020.0,61870.0
1670,2018-01-23,5020.0,5110.0,4995.0,5060.0,43637.0
1671,2018-01-23,5060.0,5110.0,5010.0,5100.0,32614.0
1672,2018-01-24,5000.0,5000.0,4950.0,4960.0,24075.0
1673,2018-01-24,5120.0,5120.0,4915.0,4935.0,127568.0
1674,2018-01-24,4935.0,5010.0,4900.0,5010.0,92294.0
1675,2018-01-24,5000.0,5070.0,4965.0,4970.0,75668.0
1676,2018-01-25,4970.0,5050.0,4960.0,4985.0,59783.0
1677,2018-01-25,4985.0,5030.0,4900.0,5010.0,78126.0
1678,2018-01-25,5000.0,5010.0,4970.0,4980.0,47426.0
1679,2018-01-25,4980.0,5010.0,4965.0,4980.0,34908.0
1680,2018-01-26,5000.0,5020.0,4990.0,5020.0,68452.0
1681,2018-01-26,4995.0,5000.0,4860.0,4890.0,147621.0
1682,2018-01-26,4890.0,4960.0,4850.0,4885.0,93964.0
1683,2018-01-26,4885.0,5030.0,4850.0,5000.0,189031.0
1684,2018-01-29,5070.0,5070.0,4940.0,4945.0,93049.0
1685,2018-01-29,4940.0,4960.0,4900.0,4960.0,90270.0
1686,2018-01-29,4960.0,4975.0,4945.0,4950.0,33821.0
1687,2018-01-29,4950.0,4980.0,4930.0,4980.0,46926.0
1688,2018-01-30,5050.0,5050.0,4945.0,4980.0,88446.0
1689,2018-01-30,4980.0,5000.0,4920.0,5000.0,60725.0
1690,2018-01-30,5000.0,5000.0,4925.0,4935.0,42428.0
1691,2018-01-30,4935.0,4980.0,4930.0,4975.0,33629.0
1692,2018-01-31,4860.0,4900.0,4740.0,4790.0,246871.0
1693,2018-01-31,4790.0,5030.0,3485.0,4600.0,4139134.0
1694,2018-01-31,4625.0,4885.0,4490.0,4850.0,231905.0
1695,2018-01-31,4825.0,4920.0,4765.0,4870.0,39610.0
1696,2018-02-01,4975.0,4990.0,4895.0,4930.0,103973.0
1697,2018-02-01,4925.0,4930.0,4880.0,4930.0,24492.0
1698,2018-02-01,4885.0,4965.0,4705.0,4790.0,142594.0
1699,2018-02-01,4780.0,4990.0,4745.0,4980.0,134658.0
1700,2018-02-02,4795.0,4840.0,4750.0,4820.0,33460.0
1701,2018-02-02,4770.0,4830.0,4755.0,4805.0,26319.0
1702,2018-02-02,4905.0,4925.0,4785.0,4800.0,28902.0
1703,2018-02-02,4815.0,4815.0,4750.0,4790.0,48224.0
1704,2018-02-05,4690.0,4885.0,4690.0,4840.0,47085.0
1705,2018-02-05,4825.0,4840.0,4785.0,4800.0,16771.0
1706,2018-02-05,4800.0,4805.0,4755.0,4780.0,22242.0
1707,2018-02-05,4770.0,4775.0,4730.0,4735.0,17488.0
1708,2018-02-06,4400.0,4720.0,4145.0,4615.0,86632.0
1709,2018-02-06,4615.0,4660.0,4570.0,4600.0,16490.0
1710,2018-02-06,4600.0,4850.0,4600.0,4850.0,33155.0
1711,2018-02-06,4860.0,4990.0,4850.0,4980.0,73826.0
1712,2018-02-07,4865.0,4865.0,4560.0,4850.0,23022.0
1713,2018-02-07,5010.0,5010.0,4880.0,4905.0,38676.0
1714,2018-02-07,4895.0,4975.0,4870.0,4950.0,46312.0
1715,2018-02-07,4950.0,4955.0,4830.0,4870.0,85659.0
1716,2018-02-08,4760.0,4900.0,4595.0,4640.0,141099.0
1717,2018-02-08,4640.0,4700.0,4590.0,4700.0,43022.0
1718,2018-02-08,4695.0,4720.0,4600.0,4615.0,97822.0
1719,2018-02-08,4620.0,4800.0,4540.0,4790.0,113962.0
1720,2018-02-09,4715.0,4795.0,4700.0,4795.0,15211.0
1721,2018-02-09,4775.0,4775.0,4630.0,4695.0,24583.0
1722,2018-02-09,4695.0,4785.0,4665.0,4735.0,19633.0
1723,2018-02-09,4730.0,4770.0,4665.0,4720.0,10792.0
1724,2018-02-12,4710.0,4955.0,4560.0,4690.0,74451.0
1725,2018-02-12,4685.0,4700.0,4635.0,4700.0,14618.0
1726,2018-02-12,4700.0,4725.0,4660.0,4690.0,22928.0
1727,2018-02-12,4685.0,4700.0,4635.0,4635.0,18808.0
1728,2018-02-13,4635.0,4730.0,4555.0,4615.0,43718.0
1729,2018-02-13,4615.0,4625.0,4580.0,4615.0,14748.0
1730,2018-02-13,4610.0,4685.0,4535.0,4560.0,45151.0
1731,2018-02-13,4560.0,4560.0,4480.0,4490.0,24947.0
1732,2018-02-14,4355.0,4500.0,4300.0,4445.0,103720.0
1733,2018-02-14,4440.0,4465.0,4395.0,4430.0,11598.0
1734,2018-02-14,4430.0,4580.0,4400.0,4565.0,24884.0
1735,2018-02-14,4530.0,4550.0,4455.0,4515.0,11705.0
1736,2018-02-19,4580.0,4600.0,4565.0,4600.0,6220.0
1737,2018-02-19,4515.0,4650.0,4500.0,4600.0,26023.0
1738,2018-02-19,4590.0,4625.0,4575.0,4575.0,18539.0
1739,2018-02-19,4595.0,4615.0,4575.0,4580.0,10182.0
1740,2018-02-20,4600.0,4675.0,4500.0,4510.0,23569.0
1741,2018-02-20,4505.0,4535.0,4480.0,4535.0,10745.0
1742,2018-02-20,4490.0,4600.0,4485.0,4500.0,30595.0
1743,2018-02-20,4495.0,4530.0,4490.0,4530.0,3452.0
1744,2018-02-21,4530.0,4570.0,4495.0,4500.0,14899.0
1745,2018-02-21,4500.0,4645.0,4450.0,4640.0,51942.0
1746,2018-02-21,4640.0,4860.0,4640.0,4810.0,229807.0
1747,2018-02-21,4850.0,4870.0,4815.0,4865.0,21162.0
1748,2018-02-22,4860.0,4895.0,4640.0,4740.0,94847.0
1749,2018-02-22,4750.0,4785.0,4705.0,4705.0,15378.0
1750,2018-02-22,4715.0,4760.0,4685.0,4740.0,16401.0
1751,2018-02-22,4740.0,4745.0,4665.0,4680.0,12545.0
1752,2018-02-23,4535.0,4665.0,4530.0,4635.0,30993.0
1753,2018-02-23,4535.0,4605.0,4505.0,4540.0,28621.0
1754,2018-02-23,4680.0,4695.0,4495.0,4585.0,45837.0
1755,2018-02-23,4590.0,4590.0,4505.0,4505.0,23253.0
1756,2018-02-26,4595.0,4650.0,4585.0,4640.0,13537.0
1757,2018-02-26,4605.0,4645.0,4605.0,4635.0,9103.0
1758,2018-02-26,4610.0,4610.0,4500.0,4505.0,31807.0
1759,2018-02-26,4505.0,4555.0,4455.0,4470.0,33714.0
1760,2018-02-27,4475.0,4600.0,4410.0,4445.0,59969.0
1761,2018-02-27,4430.0,4485.0,4410.0,4485.0,27392.0
1762,2018-02-27,4485.0,4495.0,4445.0,4450.0,42754.0
1763,2018-02-27,4475.0,4550.0,4450.0,4550.0,9320.0
1764,2018-02-28,4550.0,4595.0,4400.0,4485.0,56207.0
1765,2018-02-28,4485.0,4520.0,4475.0,4520.0,13250.0
1766,2018-02-28,4520.0,4600.0,4500.0,4580.0,40502.0
1767,2018-02-28,4555.0,4625.0,4550.0,4600.0,32000.0
1768,2018-03-02,4505.0,4600.0,4495.0,4600.0,27408.0
1769,2018-03-02,4540.0,4590.0,4495.0,4500.0,20828.0
1770,2018-03-02,4560.0,4580.0,4460.0,4550.0,19450.0
1771,2018-03-02,4640.0,4650.0,4565.0,4580.0,20816.0
1772,2018-03-05,4420.0,4440.0,4375.0,4440.0,22171.0
1773,2018-03-05,4475.0,4530.0,4375.0,4470.0,40342.0
1774,2018-03-05,4470.0,4490.0,4420.0,4490.0,21625.0
1775,2018-03-05,4490.0,4490.0,4400.0,4430.0,21270.0
1776,2018-03-06,4460.0,4575.0,4460.0,4540.0,55880.0
1777,2018-03-06,4500.0,4570.0,4480.0,4550.0,25603.0
1778,2018-03-06,4550.0,4560.0,4520.0,4545.0,21497.0
1779,2018-03-06,4545.0,4545.0,4540.0,4540.0,9324.0
1780,2018-03-07,4550.0,4555.0,4400.0,4470.0,37225.0
1781,2018-03-07,4470.0,4480.0,4325.0,4370.0,53132.0
1782,2018-03-07,4370.0,4375.0,4300.0,4360.0,34188.0
1783,2018-03-07,4360.0,4470.0,4350.0,4460.0,56486.0
1784,2018-03-08,4465.0,4625.0,4460.0,4530.0,66072.0
1785,2018-03-08,4530.0,4640.0,4530.0,4630.0,52399.0
1786,2018-03-08,4625.0,4630.0,4570.0,4615.0,21671.0
1787,2018-03-08,4615.0,4655.0,4610.0,4640.0,19871.0
1788,2018-03-09,4580.0,4650.0,4555.0,4610.0,33944.0
1789,2018-03-09,4580.0,4590.0,4515.0,4580.0,57956.0
1790,2018-03-09,4625.0,4625.0,4550.0,4580.0,24573.0
1791,2018-03-09,4640.0,4695.0,4580.0,4625.0,111520.0
1792,2018-03-12,4615.0,4640.0,4550.0,4570.0,33255.0
1793,2018-03-12,4570.0,4580.0,4535.0,4580.0,41399.0
1794,2018-03-12,4580.0,4630.0,4500.0,4630.0,76107.0
1795,2018-03-12,4630.0,4640.0,4600.0,4600.0,31771.0
1796,2018-03-13,4600.0,4630.0,4545.0,4580.0,65808.0
1797,2018-03-13,4580.0,4595.0,4305.0,4500.0,65673.0
1798,2018-03-13,4500.0,4525.0,4475.0,4500.0,31400.0
1799,2018-03-13,4500.0,4535.0,4475.0,4495.0,26055.0
1800,2018-03-14,4495.0,4530.0,4400.0,4495.0,29695.0
1801,2018-03-14,4480.0,4480.0,4370.0,4400.0,64681.0
1802,2018-03-14,4400.0,4460.0,4400.0,4440.0,14670.0
1803,2018-03-14,4440.0,4480.0,4405.0,4480.0,12139.0
1804,2018-03-15,4720.0,4730.0,4655.0,4700.0,63625.0
1805,2018-03-15,4425.0,4850.0,4420.0,4720.0,423615.0
1806,2018-03-15,4480.0,4525.0,4400.0,4500.0,79575.0
1807,2018-03-15,4500.0,4500.0,4395.0,4425.0,55499.0
1808,2018-03-16,4745.0,4965.0,4730.0,4810.0,341315.0
1809,2018-03-16,4805.0,4875.0,4790.0,4850.0,113067.0
1810,2018-03-16,4850.0,4880.0,4730.0,4815.0,155890.0
1811,2018-03-16,4815.0,4880.0,4810.0,4880.0,61331.0
1812,2018-03-19,4900.0,5040.0,4760.0,4895.0,251670.0
1813,2018-03-19,4900.0,4910.0,4845.0,4900.0,87065.0
1814,2018-03-19,4900.0,4920.0,4840.0,4855.0,185707.0
1815,2018-03-19,4860.0,4900.0,4775.0,4900.0,56889.0
1816,2018-03-21,4910.0,4935.0,4885.0,4900.0,108303.0
1817,2018-03-21,4890.0,4980.0,4680.0,4930.0,263894.0
1818,2018-03-21,4915.0,4930.0,4840.0,4845.0,37784.0
1819,2018-03-21,4845.0,4970.0,4840.0,4910.0,185508.0
1820,2018-03-22,5000.0,5000.0,4800.0,4835.0,220760.0
1821,2018-03-22,4840.0,4860.0,4790.0,4845.0,78970.0
1822,2018-03-22,4800.0,4800.0,4725.0,4730.0,101527.0
1823,2018-03-22,4745.0,4785.0,4720.0,4745.0,26409.0
1824,2018-03-23,4900.0,5060.0,4805.0,4900.0,233758.0
1825,2018-03-23,4660.0,4660.0,4440.0,4445.0,126176.0
1826,2018-03-23,4450.0,4605.0,4450.0,4585.0,32348.0
1827,2018-03-23,4585.0,4915.0,4570.0,4910.0,155093.0
1828,2018-03-26,4970.0,5080.0,4850.0,4955.0,266014.0
1829,2018-03-26,4955.0,4955.0,4875.0,4920.0,57365.0
1830,2018-03-26,4920.0,4965.0,4855.0,4890.0,115562.0
1831,2018-03-26,4890.0,4900.0,4860.0,4900.0,46253.0
1832,2018-03-27,4710.0,4880.0,4680.0,4705.0,190167.0
1833,2018-03-27,4700.0,4700.0,4630.0,4665.0,104465.0
1834,2018-03-27,4670.0,4745.0,4650.0,4735.0,122019.0
1835,2018-03-27,4735.0,4765.0,4710.0,4765.0,23939.0
1836,2018-03-28,4740.0,4745.0,4575.0,4625.0,125299.0
1837,2018-03-28,4625.0,4815.0,4585.0,4755.0,103483.0
1838,2018-03-28,4755.0,4870.0,4710.0,4850.0,137619.0
1839,2018-03-28,4855.0,4865.0,4745.0,4835.0,30024.0
1840,2018-03-29,4755.0,4790.0,4740.0,4760.0,14755.0
1841,2018-03-29,4800.0,4835.0,4790.0,4795.0,50317.0
1842,2018-03-29,4825.0,4900.0,4770.0,4800.0,120244.0
1843,2018-03-29,4810.0,4835.0,4750.0,4750.0,87770.0
1844,2018-03-30,4800.0,5210.0,4800.0,5030.0,585814.0
1845,2018-03-30,5140.0,5250.0,5130.0,5250.0,84475.0
1846,2018-03-30,4710.0,4805.0,4710.0,4800.0,71600.0
1847,2018-03-30,5030.0,5330.0,5020.0,5150.0,808591.0
1848,2018-04-02,5250.0,5490.0,5180.0,5210.0,556661.0
1849,2018-04-02,5210.0,5430.0,5210.0,5410.0,121512.0
1850,2018-04-02,5420.0,5430.0,5220.0,5300.0,118621.0
1851,2018-04-02,5290.0,5320.0,5260.0,5320.0,42107.0
1852,2018-04-03,5230.0,5350.0,4800.0,5020.0,400361.0
1853,2018-04-03,4965.0,5050.0,4920.0,4965.0,115348.0
1854,2018-04-03,4980.0,4995.0,4915.0,4975.0,84268.0
1855,2018-04-03,5010.0,5010.0,4930.0,5000.0,114300.0
1856,2018-04-04,4900.0,4905.0,4735.0,4795.0,258979.0
1857,2018-04-04,4795.0,4850.0,4755.0,4820.0,57079.0
1858,2018-04-04,4800.0,4820.0,4710.0,4735.0,87237.0
1859,2018-04-04,4730.0,4750.0,4610.0,4610.0,69914.0
1860,2018-04-05,4700.0,4715.0,4700.0,4700.0,12893.0
1861,2018-04-05,4600.0,4625.0,4560.0,4615.0,55463.0
1862,2018-04-05,4615.0,4790.0,4605.0,4725.0,128765.0
1863,2018-04-05,4680.0,4750.0,4550.0,4600.0,114182.0
1864,2018-04-06,4780.0,4780.0,4500.0,4605.0,175506.0
1865,2018-04-06,4605.0,4690.0,4595.0,4665.0,45669.0
1866,2018-04-06,4665.0,4665.0,4585.0,4585.0,70335.0
1867,2018-04-06,4585.0,4630.0,4565.0,4630.0,26610.0
1868,2018-04-09,4550.0,4595.0,4495.0,4550.0,80523.0
1869,2018-04-09,4550.0,4550.0,4490.0,4500.0,52297.0
1870,2018-04-09,4495.0,4540.0,4470.0,4520.0,73853.0
1871,2018-04-09,4520.0,4530.0,4490.0,4495.0,17487.0
1872,2018-04-10,4435.0,4490.0,4090.0,4255.0,342469.0
1873,2018-04-10,4255.0,4295.0,4140.0,4210.0,177688.0
1874,2018-04-10,4210.0,4430.0,4210.0,4420.0,89491.0
1875,2018-04-10,4420.0,4475.0,4390.0,4390.0,37860.0
1876,2018-04-11,4340.0,4390.0,4300.0,4390.0,40080.0
1877,2018-04-11,4410.0,4425.0,4340.0,4340.0,61071.0
1878,2018-04-11,4390.0,4480.0,4365.0,4370.0,85282.0
1879,2018-04-11,4395.0,4445.0,4370.0,4410.0,26639.0
1880,2018-04-12,4310.0,4410.0,4240.0,4400.0,105088.0
1881,2018-04-12,4400.0,4825.0,4390.0,4630.0,259507.0
1882,2018-04-12,4630.0,4640.0,4515.0,4605.0,42112.0
1883,2018-04-12,4600.0,4645.0,4560.0,4645.0,26214.0
1884,2018-04-13,4645.0,4750.0,4500.0,4540.0,64142.0
1885,2018-04-13,4540.0,4590.0,4510.0,4535.0,26592.0
1886,2018-04-13,4540.0,4550.0,4455.0,4500.0,97179.0
1887,2018-04-13,4470.0,4520.0,4460.0,4505.0,32504.0
1888,2018-04-16,4385.0,4390.0,4340.0,4370.0,10940.0
1889,2018-04-16,4550.0,4585.0,4355.0,4400.0,99775.0
1890,2018-04-16,4400.0,4405.0,4340.0,4380.0,139229.0
1891,2018-04-16,4340.0,4410.0,4290.0,4400.0,108467.0
1892,2018-04-17,4385.0,4600.0,4370.0,4535.0,227924.0
1893,2018-04-17,4535.0,4640.0,4525.0,4555.0,162847.0
1894,2018-04-17,4550.0,4555.0,4470.0,4500.0,165687.0
1895,2018-04-17,4500.0,4540.0,4465.0,4540.0,33455.0
1896,2018-04-18,4590.0,4590.0,4510.0,4510.0,70848.0
1897,2018-04-18,4555.0,4595.0,4450.0,4485.0,214811.0
1898,2018-04-18,4485.0,4625.0,4475.0,4570.0,140792.0
1899,2018-04-18,4570.0,4625.0,4560.0,4590.0,150252.0
1900,2018-04-19,4540.0,4650.0,4465.0,4640.0,221170.0
1901,2018-04-19,4640.0,4860.0,4610.0,4775.0,284458.0
1902,2018-04-19,4775.0,4805.0,4730.0,4785.0,157395.0
1903,2018-04-19,4785.0,4805.0,4770.0,4805.0,33111.0
1904,2018-04-20,4880.0,4980.0,4775.0,4825.0,318650.0
1905,2018-04-20,4815.0,4850.0,4800.0,4825.0,88128.0
1906,2018-04-20,4830.0,4875.0,4805.0,4830.0,76578.0
1907,2018-04-20,4830.0,4830.0,4810.0,4830.0,36057.0
1908,2018-04-23,4920.0,4920.0,4635.0,4680.0,203449.0
1909,2018-04-23,4680.0,4695.0,4570.0,4570.0,128794.0
1910,2018-04-23,4580.0,4660.0,4565.0,4615.0,50034.0
1911,2018-04-23,4610.0,4670.0,4570.0,4670.0,36300.0
1912,2018-04-24,4600.0,4670.0,4580.0,4670.0,42055.0
1913,2018-04-24,4670.0,4670.0,4520.0,4600.0,86007.0
1914,2018-04-24,4610.0,4830.0,4590.0,4765.0,146784.0
1915,2018-04-24,4760.0,4760.0,4590.0,4595.0,150694.0
1916,2018-04-25,4670.0,4720.0,4605.0,4695.0,67957.0
1917,2018-04-25,4690.0,4790.0,4665.0,4720.0,151393.0
1918,2018-04-25,4720.0,4725.0,4670.0,4720.0,60020.0
1919,2018-04-25,4720.0,4735.0,4620.0,4700.0,63412.0
1920,2018-04-26,4725.0,4900.0,4725.0,4880.0,233976.0
1921,2018-04-26,4875.0,4875.0,4700.0,4725.0,123975.0
1922,2018-04-26,4725.0,4820.0,4720.0,4750.0,65499.0
1923,2018-04-26,4750.0,4790.0,4735.0,4770.0,9859.0
1924,2018-04-27,4920.0,4975.0,4905.0,4955.0,97894.0
1925,2018-04-27,4765.0,4805.0,4680.0,4715.0,146989.0
1926,2018-04-27,4740.0,4915.0,4740.0,4875.0,233727.0
1927,2018-04-27,4880.0,4960.0,4850.0,4920.0,229279.0
1928,2018-04-30,4955.0,4990.0,4720.0,4740.0,240516.0
1929,2018-04-30,4745.0,4825.0,4685.0,4685.0,121234.0
1930,2018-04-30,4685.0,4775.0,4640.0,4760.0,225242.0
1931,2018-04-30,4730.0,4790.0,4725.0,4765.0,36080.0
1932,2018-05-02,4800.0,4800.0,4780.0,4780.0,19336.0
1933,2018-05-02,4690.0,4850.0,4670.0,4790.0,182639.0
1934,2018-05-02,4775.0,4800.0,4760.0,4765.0,88090.0
1935,2018-05-02,4765.0,4805.0,4750.0,4805.0,84169.0
1936,2018-05-03,4750.0,4805.0,4575.0,4685.0,272710.0
1937,2018-05-03,4685.0,4705.0,4560.0,4600.0,211441.0
1938,2018-05-03,4610.0,4640.0,4540.0,4580.0,294532.0
1939,2018-05-03,4580.0,4635.0,4570.0,4600.0,49238.0
1940,2018-05-04,4600.0,4635.0,4390.0,4460.0,286269.0
1941,2018-05-04,4465.0,4600.0,4445.0,4520.0,143239.0
1942,2018-05-04,4525.0,4580.0,4485.0,4485.0,192187.0
1943,2018-05-04,4485.0,4600.0,4485.0,4600.0,146628.0
1944,2018-05-08,4705.0,4795.0,4580.0,4600.0,205789.0
1945,2018-05-08,4600.0,4660.0,4500.0,4610.0,79961.0
1946,2018-05-08,4610.0,4665.0,4495.0,4615.0,205583.0
1947,2018-05-08,4600.0,4605.0,4555.0,4555.0,50581.0
1948,2018-05-09,4635.0,4635.0,4605.0,4630.0,44189.0
1949,2018-05-09,4510.0,4620.0,4450.0,4485.0,118603.0
1950,2018-05-09,4490.0,4495.0,4455.0,4465.0,30181.0
1951,2018-05-09,4480.0,4635.0,4470.0,4635.0,124139.0
1952,2018-05-10,4550.0,4630.0,4520.0,4625.0,84793.0
1953,2018-05-10,4605.0,4620.0,4555.0,4570.0,56625.0
1954,2018-05-10,4575.0,4590.0,4535.0,4580.0,67652.0
1955,2018-05-10,4580.0,4585.0,4540.0,4540.0,17907.0
1956,2018-05-11,4540.0,4595.0,4450.0,4495.0,97127.0
1957,2018-05-11,4510.0,4570.0,4485.0,4555.0,35560.0
1958,2018-05-11,4555.0,4595.0,4530.0,4570.0,44985.0
1959,2018-05-11,4570.0,4615.0,4565.0,4605.0,58298.0
1960,2018-05-14,4595.0,4595.0,4445.0,4475.0,169355.0
1961,2018-05-14,4480.0,4525.0,4470.0,4470.0,42948.0
1962,2018-05-14,4470.0,4490.0,4430.0,4435.0,82557.0
1963,2018-05-14,4435.0,4475.0,4425.0,4475.0,23452.0
1964,2018-05-15,4305.0,4365.0,4305.0,4360.0,41306.0
1965,2018-05-15,4335.0,4390.0,4280.0,4300.0,116759.0
1966,2018-05-15,4460.0,4490.0,4360.0,4370.0,110041.0
1967,2018-05-15,4370.0,4390.0,4330.0,4330.0,49853.0
1968,2018-05-16,4350.0,4350.0,4165.0,4225.0,143077.0
1969,2018-05-16,4230.0,4360.0,4225.0,4340.0,92669.0
1970,2018-05-16,4295.0,4335.0,4230.0,4285.0,42627.0
1971,2018-05-16,4285.0,4350.0,4220.0,4350.0,51499.0
1972,2018-05-17,4250.0,4320.0,4240.0,4285.0,52311.0
1973,2018-05-17,4280.0,4310.0,4220.0,4265.0,48944.0
1974,2018-05-17,4265.0,4315.0,4265.0,4280.0,37159.0
1975,2018-05-17,4280.0,4310.0,4215.0,4300.0,59731.0
1976,2018-05-18,4300.0,4300.0,4175.0,4195.0,69316.0
1977,2018-05-18,4190.0,4220.0,4050.0,4090.0,202384.0
1978,2018-05-18,4090.0,4110.0,3875.0,3995.0,475267.0
1979,2018-05-18,3995.0,4095.0,3980.0,3995.0,120116.0
1980,2018-05-21,3730.0,3755.0,3705.0,3740.0,49279.0
1981,2018-05-21,3745.0,3755.0,3600.0,3710.0,541590.0
1982,2018-05-21,3970.0,3970.0,3730.0,3745.0,424344.0
1983,2018-05-21,3710.0,3785.0,3675.0,3725.0,262485.0
1984,2018-05-23,3725.0,3725.0,3690.0,3700.0,50212.0
1985,2018-05-23,3770.0,3890.0,3720.0,3890.0,100592.0
1986,2018-05-23,3750.0,3765.0,3680.0,3725.0,136817.0
1987,2018-05-23,3700.0,3800.0,3680.0,3745.0,100429.0
1988,2018-05-24,3850.0,3920.0,3830.0,3865.0,141997.0
1989,2018-05-24,3845.0,3845.0,3735.0,3765.0,132018.0
1990,2018-05-24,3750.0,3830.0,3750.0,3795.0,84071.0
1991,2018-05-24,3800.0,3840.0,3795.0,3840.0,41240.0
1992,2018-05-25,3790.0,3945.0,3720.0,3895.0,121213.0
1993,2018-05-25,3855.0,3880.0,3705.0,3740.0,116628.0
1994,2018-05-25,3740.0,3795.0,3725.0,3740.0,34426.0
1995,2018-05-25,3905.0,3920.0,3835.0,3855.0,70646.0
1996,2018-05-28,3735.0,3755.0,3635.0,3675.0,178947.0
1997,2018-05-28,3675.0,3690.0,3640.0,3640.0,60399.0
1998,2018-05-28,3645.0,3645.0,3590.0,3600.0,151279.0
1999,2018-05-28,3600.0,3645.0,3580.0,3620.0,46827.0
2000,2018-05-29,3595.0,3610.0,3580.0,3600.0,17800.0
2001,2018-05-29,3595.0,3620.0,3580.0,3600.0,48223.0
2002,2018-05-29,3600.0,3620.0,3575.0,3610.0,64706.0
2003,2018-05-29,3580.0,3660.0,3580.0,3625.0,107680.0
2004,2018-05-30,3605.0,3610.0,3495.0,3520.0,136336.0
2005,2018-05-30,3515.0,3525.0,3460.0,3490.0,89398.0
2006,2018-05-30,3495.0,3520.0,3450.0,3480.0,145146.0
2007,2018-05-30,3455.0,3565.0,3450.0,3565.0,63966.0
2008,2018-05-31,3525.0,3585.0,3505.0,3560.0,122436.0
2009,2018-05-31,3535.0,3560.0,3475.0,3490.0,169677.0
2010,2018-05-31,3480.0,3550.0,3480.0,3530.0,59538.0
2011,2018-05-31,3520.0,3530.0,3505.0,3530.0,46400.0
2012,2018-06-01,3505.0,3900.0,3505.0,3775.0,635394.0
2013,2018-06-01,3750.0,3920.0,3750.0,3905.0,225003.0
2014,2018-06-01,3905.0,3960.0,3840.0,3860.0,250576.0
2015,2018-06-01,3865.0,3940.0,3855.0,3875.0,35814.0
2016,2018-06-04,3875.0,3900.0,3875.0,3900.0,7811.0
2017,2018-06-04,3900.0,3905.0,3855.0,3880.0,66609.0
2018,2018-06-04,3875.0,4070.0,3875.0,3955.0,192924.0
2019,2018-06-04,3955.0,3965.0,3880.0,3900.0,83372.0
2020,2018-06-05,3925.0,3930.0,3800.0,3800.0,128779.0
2021,2018-06-05,3800.0,3810.0,3735.0,3780.0,71256.0
2022,2018-06-05,3780.0,3840.0,3750.0,3785.0,63594.0
2023,2018-06-05,3795.0,3925.0,3795.0,3925.0,58682.0
2024,2018-06-07,3885.0,3900.0,3810.0,3870.0,110918.0
2025,2018-06-07,3870.0,4055.0,3870.0,3970.0,136402.0
2026,2018-06-07,3965.0,4155.0,3945.0,4150.0,403388.0
2027,2018-06-07,4150.0,4205.0,4140.0,4200.0,144123.0
2028,2018-06-08,4135.0,4150.0,4110.0,4120.0,39978.0
2029,2018-06-08,4225.0,4230.0,4145.0,4180.0,169308.0
2030,2018-06-08,4180.0,4180.0,4090.0,4145.0,130519.0
2031,2018-06-08,4140.0,4170.0,4095.0,4140.0,81720.0
2032,2018-06-11,4105.0,4150.0,4025.0,4080.0,193945.0
2033,2018-06-11,4080.0,4100.0,4070.0,4090.0,27687.0
2034,2018-06-11,4100.0,4100.0,4040.0,4075.0,101115.0
2035,2018-06-11,4060.0,4080.0,4050.0,4050.0,35987.0
2036,2018-06-12,4040.0,4070.0,4025.0,4070.0,11069.0
2037,2018-06-12,4050.0,4185.0,4050.0,4100.0,130072.0
2038,2018-06-12,4100.0,4100.0,4005.0,4040.0,69825.0
2039,2018-06-12,4040.0,4110.0,4000.0,4040.0,95244.0
2040,2018-06-14,3985.0,4060.0,3980.0,4030.0,89451.0
2041,2018-06-14,4025.0,4025.0,3990.0,4010.0,32188.0
2042,2018-06-14,4000.0,4020.0,3975.0,3995.0,71709.0
2043,2018-06-14,3995.0,3995.0,3970.0,3975.0,16239.0
2044,2018-06-15,3950.0,4020.0,3880.0,3930.0,90280.0
2045,2018-06-15,3930.0,3975.0,3900.0,3965.0,40491.0
2046,2018-06-15,3965.0,3970.0,3900.0,3925.0,46386.0
2047,2018-06-15,3925.0,3965.0,3925.0,3955.0,14747.0
2048,2018-06-18,3905.0,3950.0,3765.0,3845.0,113917.0
2049,2018-06-18,3840.0,3840.0,3780.0,3825.0,29433.0
2050,2018-06-18,3825.0,3835.0,3770.0,3775.0,62937.0
2051,2018-06-18,3775.0,3795.0,3755.0,3755.0,23344.0
2052,2018-06-19,3700.0,3705.0,3650.0,3650.0,25877.0
2053,2018-06-19,3700.0,3870.0,3700.0,3790.0,70868.0
2054,2018-06-19,3795.0,3795.0,3700.0,3735.0,44441.0
2055,2018-06-19,3735.0,3740.0,3695.0,3705.0,53657.0
2056,2018-06-20,3660.0,3740.0,3660.0,3715.0,57786.0
2057,2018-06-20,3715.0,3755.0,3680.0,3710.0,20135.0
2058,2018-06-20,3690.0,3700.0,3605.0,3650.0,68922.0
2059,2018-06-20,3680.0,3680.0,3525.0,3525.0,79037.0
2060,2018-06-21,3550.0,3820.0,3550.0,3780.0,125618.0
2061,2018-06-21,3780.0,3950.0,3755.0,3850.0,319767.0
2062,2018-06-21,3840.0,3850.0,3750.0,3775.0,69012.0
2063,2018-06-21,3770.0,3780.0,3745.0,3775.0,24203.0
2064,2018-06-22,3765.0,3780.0,3750.0,3750.0,17336.0
2065,2018-06-22,3740.0,3905.0,3655.0,3850.0,138144.0
2066,2018-06-22,3850.0,3895.0,3800.0,3815.0,46688.0
2067,2018-06-22,3805.0,3815.0,3755.0,3765.0,21652.0
2068,2018-06-25,3715.0,3890.0,3710.0,3855.0,67146.0
2069,2018-06-25,3855.0,3860.0,3800.0,3855.0,38306.0
2070,2018-06-25,3855.0,3895.0,3820.0,3840.0,37234.0
2071,2018-06-25,3840.0,3845.0,3810.0,3810.0,14504.0
2072,2018-06-26,3770.0,3795.0,3770.0,3795.0,11744.0
2073,2018-06-26,3750.0,3810.0,3750.0,3800.0,43018.0
2074,2018-06-26,3800.0,3800.0,3740.0,3785.0,31622.0
2075,2018-06-26,3785.0,3800.0,3765.0,3780.0,39631.0
2076,2018-06-27,3830.0,3835.0,3690.0,3750.0,82020.0
2077,2018-06-27,3745.0,3770.0,3700.0,3765.0,39444.0
2078,2018-06-27,3760.0,3770.0,3590.0,3655.0,79848.0
2079,2018-06-27,3660.0,3710.0,3660.0,3690.0,10418.0
2080,2018-06-28,3680.0,3680.0,3595.0,3640.0,86801.0
2081,2018-06-28,3640.0,3665.0,3625.0,3630.0,15962.0
2082,2018-06-28,3625.0,3735.0,3625.0,3680.0,76606.0
2083,2018-06-28,3680.0,3690.0,3630.0,3630.0,8156.0
2084,2018-06-29,3600.0,3635.0,3535.0,3605.0,80150.0
2085,2018-06-29,3600.0,3660.0,3580.0,3605.0,28112.0
2086,2018-06-29,3605.0,3630.0,3530.0,3545.0,92154.0
2087,2018-06-29,3545.0,3555.0,3500.0,3545.0,53647.0
2088,2018-07-02,3335.0,3335.0,3270.0,3270.0,48970.0
2089,2018-07-02,3570.0,3570.0,3430.0,3445.0,74888.0
2090,2018-07-02,3445.0,3450.0,3310.0,3350.0,62936.0
2091,2018-07-02,3370.0,3425.0,3310.0,3310.0,82782.0
2092,2018-07-03,3300.0,3395.0,3290.0,3340.0,54811.0
2093,2018-07-03,3340.0,3360.0,3285.0,3340.0,22166.0
2094,2018-07-03,3340.0,3355.0,3255.0,3320.0,54331.0
2095,2018-07-03,3310.0,3325.0,3280.0,3310.0,21914.0
2096,2018-07-04,3230.0,3370.0,3230.0,3360.0,22084.0
2097,2018-07-04,3360.0,3385.0,3330.0,3370.0,29030.0
2098,2018-07-04,3370.0,3425.0,3370.0,3370.0,53036.0
2099,2018-07-04,3375.0,3390.0,3320.0,3380.0,22348.0
2100,2018-07-05,3380.0,3450.0,3330.0,3350.0,68811.0
2101,2018-07-05,3350.0,3385.0,3330.0,3350.0,21858.0
2102,2018-07-05,3350.0,3365.0,3330.0,3330.0,60109.0
2103,2018-07-05,3350.0,3350.0,3300.0,3330.0,31286.0
2104,2018-07-06,3300.0,3395.0,3280.0,3330.0,45591.0
2105,2018-07-06,3235.0,3310.0,3190.0,3300.0,148678.0
2106,2018-07-06,3300.0,3375.0,3280.0,3300.0,98992.0
2107,2018-07-06,3275.0,3300.0,3180.0,3235.0,63702.0
2108,2018-07-09,3385.0,3760.0,3335.0,3735.0,662792.0
2109,2018-07-09,3735.0,3735.0,3495.0,3580.0,419793.0
2110,2018-07-09,3580.0,3610.0,3490.0,3510.0,132215.0
2111,2018-07-09,3495.0,3535.0,3495.0,3520.0,32273.0
2112,2018-07-10,3480.0,3735.0,3445.0,3680.0,270756.0
2113,2018-07-10,3680.0,3725.0,3640.0,3655.0,61514.0
2114,2018-07-10,3650.0,3690.0,3645.0,3675.0,48572.0
2115,2018-07-10,3675.0,3730.0,3665.0,3730.0,60509.0
2116,2018-07-11,3750.0,3755.0,3570.0,3620.0,121305.0
2117,2018-07-11,3620.0,3645.0,3605.0,3640.0,19412.0
2118,2018-07-11,3630.0,3640.0,3585.0,3605.0,50099.0
2119,2018-07-11,3605.0,3610.0,3570.0,3570.0,27134.0
2120,2018-07-12,3560.0,3570.0,3515.0,3535.0,44377.0
2121,2018-07-12,3540.0,3565.0,3535.0,3565.0,4575.0
2122,2018-07-12,3580.0,3620.0,3520.0,3595.0,33158.0
2123,2018-07-12,3590.0,3595.0,3540.0,3570.0,12302.0
2124,2018-07-13,3525.0,3530.0,3500.0,3515.0,21339.0
2125,2018-07-13,3525.0,3540.0,3500.0,3520.0,19248.0
2126,2018-07-13,3565.0,3565.0,3490.0,3525.0,50772.0
2127,2018-07-13,3515.0,3540.0,3485.0,3525.0,47635.0
2128,2018-07-16,3520.0,3660.0,3455.0,3525.0,77479.0
2129,2018-07-16,3525.0,3525.0,3445.0,3475.0,28693.0
2130,2018-07-16,3475.0,3510.0,3395.0,3405.0,61259.0
2131,2018-07-16,3435.0,3435.0,3400.0,3430.0,12540.0
2132,2018-07-17,3405.0,3480.0,3360.0,3370.0,34098.0
2133,2018-07-17,3390.0,3435.0,3385.0,3415.0,13027.0
2134,2018-07-17,3410.0,3420.0,3365.0,3390.0,36420.0
2135,2018-07-17,3385.0,3435.0,3375.0,3435.0,15504.0
2136,2018-07-18,3425.0,3445.0,3345.0,3375.0,72103.0
2137,2018-07-18,3355.0,3430.0,3355.0,3395.0,19064.0
2138,2018-07-18,3390.0,3395.0,3300.0,3335.0,56988.0
2139,2018-07-18,3330.0,3395.0,3325.0,3380.0,34534.0
2140,2018-07-19,3335.0,3345.0,3315.0,3345.0,11051.0
2141,2018-07-19,3290.0,3410.0,3290.0,3335.0,37120.0
2142,2018-07-19,3275.0,3295.0,3200.0,3290.0,63685.0
2143,2018-07-19,3350.0,3380.0,3225.0,3270.0,68729.0
2144,2018-07-20,3340.0,3340.0,3210.0,3230.0,59207.0
2145,2018-07-20,3235.0,3260.0,3225.0,3240.0,23098.0
2146,2018-07-20,3250.0,3250.0,3170.0,3205.0,92414.0
2147,2018-07-20,3205.0,3305.0,3205.0,3305.0,43856.0
2148,2018-07-23,3300.0,3305.0,3150.0,3160.0,44240.0
2149,2018-07-23,3170.0,3175.0,3050.0,3110.0,46172.0
2150,2018-07-23,3110.0,3145.0,2960.0,2965.0,154430.0
2151,2018-07-23,2995.0,3000.0,2840.0,2860.0,138490.0
2152,2018-07-24,2865.0,2900.0,2835.0,2860.0,109728.0
2153,2018-07-24,2890.0,2955.0,2810.0,2925.0,118496.0
2154,2018-07-24,2930.0,2945.0,2860.0,2900.0,52778.0
2155,2018-07-24,2895.0,2965.0,2870.0,2880.0,87456.0
2156,2018-07-25,2830.0,2850.0,2820.0,2850.0,50706.0
2157,2018-07-25,2870.0,2875.0,2830.0,2830.0,23872.0
2158,2018-07-25,2845.0,2930.0,2830.0,2860.0,72890.0
2159,2018-07-25,2860.0,2890.0,2835.0,2875.0,41728.0
2160,2018-07-26,2880.0,2950.0,2870.0,2905.0,63343.0
2161,2018-07-26,2900.0,3000.0,2895.0,2990.0,81340.0
2162,2018-07-26,2990.0,3015.0,2970.0,2990.0,34891.0
2163,2018-07-26,2990.0,2995.0,2955.0,2955.0,17031.0
2164,2018-07-27,2950.0,2975.0,2890.0,2975.0,26582.0
2165,2018-07-27,2965.0,2975.0,2935.0,2950.0,18594.0
2166,2018-07-27,2950.0,2950.0,2905.0,2925.0,36736.0
2167,2018-07-27,2925.0,2950.0,2925.0,2940.0,3463.0
2168,2018-07-30,2940.0,3010.0,2935.0,2950.0,25656.0
2169,2018-07-30,2950.0,2955.0,2910.0,2955.0,32221.0
2170,2018-07-30,2955.0,2960.0,2895.0,2930.0,62318.0
2171,2018-07-30,2940.0,2945.0,2860.0,2860.0,35606.0
2172,2018-07-31,2940.0,2945.0,2910.0,2940.0,40059.0
2173,2018-07-31,2940.0,2945.0,2915.0,2925.0,17628.0
2174,2018-07-31,2860.0,3035.0,2860.0,3010.0,142535.0
2175,2018-07-31,3010.0,3010.0,2925.0,2940.0,64107.0
2176,2018-08-01,2955.0,3015.0,2945.0,2980.0,31252.0
2177,2018-08-01,2995.0,3005.0,2975.0,2985.0,19365.0
2178,2018-08-01,3000.0,3025.0,2965.0,3000.0,93326.0
2179,2018-08-01,3000.0,3005.0,2965.0,2990.0,37338.0
2180,2018-08-02,2970.0,3075.0,2970.0,3050.0,57911.0
2181,2018-08-02,3015.0,3040.0,2990.0,2990.0,28056.0
2182,2018-08-02,2990.0,3025.0,2975.0,3020.0,12055.0
2183,2018-08-02,3020.0,3025.0,3005.0,3015.0,5708.0
2184,2018-08-03,2990.0,2990.0,2970.0,2970.0,13116.0
2185,2018-08-03,3010.0,3025.0,2995.0,3010.0,20434.0
2186,2018-08-03,3010.0,3020.0,2990.0,3015.0,9872.0
2187,2018-08-03,3010.0,3015.0,2960.0,2990.0,26796.0
2188,2018-08-06,2970.0,3030.0,2945.0,3000.0,22713.0
2189,2018-08-06,3000.0,3000.0,2955.0,2970.0,24454.0
2190,2018-08-06,2970.0,2980.0,2950.0,2980.0,25945.0
2191,2018-08-06,2980.0,2980.0,2970.0,2970.0,3758.0
2192,2018-08-07,2975.0,2985.0,2975.0,2985.0,5277.0
2193,2018-08-07,2970.0,2970.0,2930.0,2950.0,17164.0
2194,2018-08-07,2965.0,3000.0,2900.0,2970.0,84177.0
2195,2018-08-07,2950.0,2970.0,2940.0,2965.0,19828.0
2196,2018-08-08,3065.0,3065.0,3015.0,3040.0,19278.0
2197,2018-08-08,3070.0,3095.0,3065.0,3095.0,23793.0
2198,2018-08-08,2985.0,3075.0,2955.0,3060.0,89198.0
2199,2018-08-08,3045.0,3090.0,3005.0,3070.0,81800.0
2200,2018-08-09,3105.0,3125.0,3045.0,3045.0,69860.0
2201,2018-08-09,3050.0,3060.0,3045.0,3055.0,10250.0
2202,2018-08-09,3055.0,3065.0,3020.0,3045.0,41987.0
2203,2018-08-09,3020.0,3045.0,2980.0,3040.0,40945.0
2204,2018-08-10,3055.0,3065.0,2990.0,3015.0,55786.0
2205,2018-08-10,2990.0,3070.0,2915.0,2960.0,84283.0
2206,2018-08-10,2960.0,2980.0,2940.0,2950.0,15856.0
2207,2018-08-10,3020.0,3020.0,2990.0,2990.0,20673.0
2208,2018-08-13,2900.0,2980.0,2805.0,2805.0,122585.0
2209,2018-08-13,2805.0,2840.0,2775.0,2830.0,45227.0
2210,2018-08-13,2835.0,2840.0,2770.0,2825.0,43998.0
2211,2018-08-13,2805.0,2830.0,2770.0,2830.0,25979.0
2212,2018-08-14,2800.0,2815.0,2785.0,2800.0,12021.0
2213,2018-08-14,2780.0,2835.0,2740.0,2835.0,40023.0
2214,2018-08-14,2815.0,2830.0,2745.0,2790.0,40310.0
2215,2018-08-14,2830.0,2860.0,2760.0,2795.0,42890.0
2216,2018-08-16,2750.0,2800.0,2645.0,2715.0,45297.0
2217,2018-08-16,2730.0,2750.0,2710.0,2730.0,9439.0
2218,2018-08-16,2730.0,2745.0,2700.0,2730.0,33112.0
2219,2018-08-16,2725.0,2730.0,2650.0,2650.0,18733.0
2220,2018-08-17,2530.0,2775.0,2435.0,2775.0,282720.0
2221,2018-08-17,2775.0,2840.0,2735.0,2785.0,74994.0
2222,2018-08-17,2785.0,2790.0,2765.0,2790.0,33103.0
2223,2018-08-17,2790.0,2840.0,2780.0,2840.0,28753.0
2224,2018-08-20,2730.0,2795.0,2465.0,2510.0,520768.0
2225,2018-08-20,2510.0,2540.0,2480.0,2495.0,224761.0
2226,2018-08-20,2490.0,2500.0,2385.0,2445.0,425394.0
2227,2018-08-20,2430.0,2480.0,2385.0,2385.0,228604.0
2228,2018-08-21,2500.0,2500.0,2470.0,2490.0,47927.0
2229,2018-08-21,2455.0,2475.0,2410.0,2470.0,182502.0
2230,2018-08-21,2360.0,2480.0,2345.0,2455.0,459578.0
2231,2018-08-21,2465.0,2510.0,2455.0,2500.0,192954.0
2232,2018-08-22,2580.0,2615.0,2475.0,2510.0,298917.0
2233,2018-08-22,2510.0,2525.0,2490.0,2515.0,67072.0
2234,2018-08-22,2510.0,2515.0,2485.0,2495.0,49352.0
2235,2018-08-22,2485.0,2520.0,2485.0,2520.0,28493.0
2236,2018-08-23,2505.0,2550.0,2500.0,2500.0,71196.0
2237,2018-08-23,2510.0,2515.0,2445.0,2510.0,40601.0
2238,2018-08-23,2480.0,2515.0,2445.0,2480.0,58136.0
2239,2018-08-23,2465.0,2490.0,2450.0,2450.0,32045.0
2240,2018-08-24,2470.0,2485.0,2400.0,2425.0,86853.0
2241,2018-08-24,2435.0,2450.0,2415.0,2445.0,17672.0
2242,2018-08-24,2440.0,2445.0,2410.0,2435.0,31963.0
2243,2018-08-24,2440.0,2440.0,2415.0,2430.0,13820.0
2244,2018-08-27,2415.0,2445.0,2400.0,2440.0,36451.0
2245,2018-08-27,2435.0,2440.0,2415.0,2435.0,4181.0
2246,2018-08-27,2430.0,2455.0,2395.0,2395.0,64159.0
2247,2018-08-27,2400.0,2420.0,2385.0,2415.0,42386.0
2248,2018-08-28,2460.0,2465.0,2430.0,2450.0,53224.0
2249,2018-08-28,2455.0,2495.0,2430.0,2455.0,52746.0
2250,2018-08-28,2455.0,2460.0,2425.0,2450.0,20895.0
2251,2018-08-28,2450.0,2455.0,2420.0,2420.0,20107.0
2252,2018-08-29,2265.0,2270.0,2200.0,2250.0,653834.0
2253,2018-08-29,2250.0,2260.0,2225.0,2230.0,95272.0
2254,2018-08-29,2380.0,2410.0,2250.0,2310.0,551178.0
2255,2018-08-29,2300.0,2310.0,2225.0,2255.0,459430.0
2256,2018-08-30,2220.0,2250.0,2195.0,2225.0,261526.0
2257,2018-08-30,2225.0,2330.0,2210.0,2275.0,226249.0
2258,2018-08-30,2275.0,2300.0,2265.0,2275.0,141581.0
2259,2018-08-30,2285.0,2300.0,2280.0,2295.0,49075.0
2260,2018-08-31,2285.0,2290.0,2240.0,2265.0,121489.0
2261,2018-08-31,2270.0,2280.0,2260.0,2275.0,38037.0
2262,2018-08-31,2275.0,2280.0,2210.0,2235.0,174259.0
2263,2018-08-31,2235.0,2250.0,2230.0,2250.0,58306.0
