,Datetime,Open,High,Low,Close
0,2018-11-14,25450.0,,,22750.0
1,2018-11-14,20300.0,,,20100.0
2,2018-11-14,22700.0,,,22100.0
3,2018-11-14,22100.0,,,20350.0
4,2018-11-15,19450.0,,,20250.0
5,2018-11-15,20100.0,,,19450.0
6,2018-11-15,19450.0,,,18950.0
7,2018-11-15,19000.0,,,19500.0
8,2018-11-16,19650.0,,,20000.0
9,2018-11-16,20000.0,,,19350.0
10,2018-11-16,20450.0,,,19650.0
11,2018-11-16,20000.0,,,20000.0
12,2018-11-19,18750.0,,,18750.0
13,2018-11-19,19100.0,,,18950.0
14,2018-11-19,18950.0,,,18950.0
15,2018-11-19,18950.0,,,18750.0
16,2018-11-20,19000.0,,,18950.0
17,2018-11-20,18950.0,,,18800.0
18,2018-11-20,18800.0,,,19050.0
19,2018-11-20,19050.0,,,19000.0
20,2018-11-21,19700.0,,,18900.0
21,2018-11-21,18900.0,,,18900.0
22,2018-11-21,18900.0,,,19000.0
23,2018-11-21,19000.0,,,18850.0
24,2018-11-22,18750.0,,,18000.0
25,2018-11-22,18050.0,,,17850.0
26,2018-11-22,17850.0,,,17500.0
27,2018-11-22,17500.0,,,17300.0
28,2018-11-23,16500.0,,,16250.0
29,2018-11-23,16950.0,,,16450.0
30,2018-11-23,17000.0,,,16950.0
31,2018-11-23,17200.0,,,17000.0
32,2018-11-26,16500.0,,,16500.0
33,2018-11-26,16550.0,,,16500.0
34,2018-11-26,16500.0,,,16300.0
35,2018-11-26,16300.0,,,16300.0
36,2018-11-27,16350.0,,,16300.0
37,2018-11-27,16300.0,,,16600.0
38,2018-11-27,16550.0,,,17100.0
39,2018-11-27,17100.0,,,17550.0
40,2018-11-28,17250.0,,,17500.0
41,2018-11-28,17500.0,,,17650.0
42,2018-11-28,17650.0,,,17500.0
43,2018-11-28,17500.0,,,17400.0
44,2018-11-29,17300.0,,,17250.0
45,2018-11-29,17750.0,,,17350.0
46,2018-11-29,17650.0,,,17600.0
47,2018-11-29,17600.0,,,17750.0
48,2018-11-30,17400.0,,,17300.0
49,2018-11-30,17250.0,,,17100.0
50,2018-11-30,17200.0,,,17400.0
51,2018-11-30,17300.0,,,17250.0
52,2018-12-03,17100.0,,,17250.0
53,2018-12-03,17300.0,,,17250.0
54,2018-12-03,17250.0,,,17100.0
55,2018-12-03,17100.0,,,17100.0
56,2018-12-04,17200.0,,,17300.0
57,2018-12-04,17200.0,,,17200.0
58,2018-12-04,17200.0,,,17200.0
59,2018-12-04,17350.0,,,17200.0
60,2018-12-05,17000.0,,,16750.0
61,2018-12-05,16750.0,,,16800.0
62,2018-12-05,16750.0,,,16800.0
63,2018-12-05,16800.0,,,16800.0
64,2018-12-06,16250.0,,,16200.0
65,2018-12-06,16600.0,,,16450.0
66,2018-12-06,16350.0,,,16350.0
67,2018-12-06,16650.0,,,16550.0
68,2018-12-07,16250.0,,,16200.0
69,2018-12-07,16200.0,,,15900.0
70,2018-12-07,15950.0,,,15850.0
71,2018-12-07,15850.0,,,15700.0
72,2018-12-10,15500.0,,,15550.0
73,2018-12-10,15550.0,,,15350.0
74,2018-12-10,15350.0,,,15200.0
75,2018-12-10,15200.0,,,15400.0
76,2018-12-11,15400.0,,,14900.0
77,2018-12-11,15000.0,,,15000.0
78,2018-12-11,15000.0,,,14950.0
79,2018-12-11,14950.0,,,14750.0
80,2018-12-12,15150.0,,,15300.0
81,2018-12-12,15200.0,,,15150.0
82,2018-12-12,14650.0,,,15100.0
83,2018-12-12,15100.0,,,15200.0
84,2018-12-13,15200.0,,,15300.0
85,2018-12-13,15000.0,,,15100.0
86,2018-12-13,15300.0,,,15200.0
87,2018-12-13,15250.0,,,15000.0
88,2018-12-14,15200.0,,,14650.0
89,2018-12-14,14650.0,,,14700.0
90,2018-12-14,14650.0,,,14700.0
91,2018-12-14,14650.0,,,14600.0
92,2018-12-17,14550.0,,,14250.0
93,2018-12-17,14500.0,,,14300.0
94,2018-12-17,14350.0,,,14300.0
95,2018-12-17,14250.0,,,14400.0
96,2018-12-18,14050.0,,,14400.0
97,2018-12-18,14400.0,,,14400.0
98,2018-12-18,14400.0,,,14300.0
99,2018-12-18,14300.0,,,14300.0
100,2018-12-19,15600.0,,,15600.0
101,2018-12-19,15300.0,,,15200.0
102,2018-12-19,14300.0,,,15300.0
103,2018-12-19,15200.0,,,15600.0
104,2018-12-20,15350.0,,,16000.0
105,2018-12-20,16000.0,,,16050.0
106,2018-12-20,16050.0,,,16050.0
107,2018-12-20,16050.0,,,15900.0
108,2018-12-21,15700.0,,,16350.0
109,2018-12-21,16250.0,,,16450.0
110,2018-12-21,16450.0,,,16400.0
111,2018-12-21,16400.0,,,16400.0
112,2018-12-24,16500.0,,,16450.0
113,2018-12-24,16450.0,,,16650.0
114,2018-12-24,16650.0,,,16750.0
115,2018-12-24,16800.0,,,16450.0
116,2018-12-26,15800.0,,,15850.0
117,2018-12-26,15850.0,,,15950.0
118,2018-12-26,15900.0,,,15800.0
119,2018-12-26,16000.0,,,15750.0
120,2018-12-27,15900.0,,,15900.0
121,2018-12-27,16300.0,,,15950.0
122,2018-12-27,16000.0,,,15900.0
123,2018-12-27,15900.0,,,15950.0
124,2018-12-28,15900.0,,,15800.0
125,2018-12-28,15800.0,,,15500.0
126,2018-12-28,15500.0,,,15600.0
127,2018-12-28,15600.0,,,15850.0
128,2019-01-02,15850.0,,,15650.0
129,2019-01-02,15600.0,,,15450.0
130,2019-01-02,15500.0,,,15300.0
131,2019-01-03,15300.0,,,15500.0
132,2019-01-03,15500.0,,,15400.0
133,2019-01-03,15400.0,,,15150.0
134,2019-01-03,15150.0,,,15100.0
135,2019-01-04,14800.0,,,15000.0
136,2019-01-04,14650.0,,,14800.0
137,2019-01-04,14900.0,,,14600.0
138,2019-01-04,14600.0,,,14650.0
139,2019-01-07,15650.0,,,15250.0
140,2019-01-07,15250.0,,,15150.0
141,2019-01-07,15150.0,,,15150.0
142,2019-01-07,15150.0,,,15100.0
143,2019-01-08,15100.0,,,14900.0
144,2019-01-08,14850.0,,,14700.0
145,2019-01-08,14700.0,,,14600.0
146,2019-01-08,14600.0,,,15050.0
147,2019-01-09,15900.0,,,15900.0
148,2019-01-09,15250.0,,,15750.0
149,2019-01-09,15750.0,,,15850.0
150,2019-01-09,15850.0,,,15850.0
151,2019-01-10,16250.0,,,16500.0
152,2019-01-10,16550.0,,,16450.0
153,2019-01-10,16450.0,,,16550.0
154,2019-01-10,16500.0,,,16800.0
155,2019-01-11,16650.0,,,16700.0
156,2019-01-11,16550.0,,,16650.0
157,2019-01-11,16800.0,,,16700.0
158,2019-01-11,16700.0,,,16550.0
159,2019-01-14,17300.0,,,17400.0
160,2019-01-14,17750.0,,,17900.0
161,2019-01-14,16650.0,,,17250.0
162,2019-01-14,17400.0,,,17800.0
163,2019-01-15,18250.0,,,18550.0
164,2019-01-15,18550.0,,,18450.0
165,2019-01-15,18450.0,,,18350.0
166,2019-01-15,18350.0,,,18400.0
167,2019-01-16,18350.0,,,17650.0
168,2019-01-16,17700.0,,,17450.0
169,2019-01-16,17500.0,,,17650.0
170,2019-01-16,17650.0,,,17700.0
171,2019-01-17,17700.0,,,17500.0
172,2019-01-17,17500.0,,,17200.0
173,2019-01-17,17200.0,,,16900.0
174,2019-01-17,16900.0,,,16750.0
175,2019-01-18,16900.0,,,16900.0
176,2019-01-18,16850.0,,,17000.0
177,2019-01-18,16750.0,,,16850.0
178,2019-01-18,16900.0,,,16750.0
179,2019-01-21,17000.0,,,16650.0
180,2019-01-21,16700.0,,,16700.0
181,2019-01-21,16750.0,,,16600.0
182,2019-01-21,16600.0,,,16850.0
183,2019-01-22,16650.0,,,16750.0
184,2019-01-22,16650.0,,,16800.0
185,2019-01-22,16800.0,,,16750.0
186,2019-01-22,16750.0,,,16850.0
187,2019-01-23,18150.0,,,18200.0
188,2019-01-23,17000.0,,,18000.0
189,2019-01-23,17950.0,,,18100.0
190,2019-01-23,18050.0,,,18100.0
191,2019-01-24,18250.0,,,18000.0
192,2019-01-24,18000.0,,,17900.0
193,2019-01-24,17900.0,,,18400.0
194,2019-01-24,18400.0,,,18300.0
195,2019-01-25,18600.0,,,19000.0
196,2019-01-25,18600.0,,,18300.0
197,2019-01-25,18300.0,,,18550.0
198,2019-01-25,18300.0,,,18650.0
199,2019-01-28,19350.0,,,18800.0
200,2019-01-28,18800.0,,,18950.0
201,2019-01-28,18950.0,,,18600.0
202,2019-01-28,18600.0,,,18450.0
203,2019-01-29,18500.0,,,18250.0
204,2019-01-29,18250.0,,,18150.0
205,2019-01-29,18050.0,,,18100.0
206,2019-01-29,18150.0,,,17950.0
207,2019-01-30,19000.0,,,19000.0
208,2019-01-30,17950.0,,,18700.0
209,2019-01-30,18700.0,,,18950.0
210,2019-01-30,18850.0,,,19000.0
211,2019-01-31,19400.0,,,19000.0
212,2019-01-31,19000.0,,,18850.0
213,2019-01-31,18850.0,,,18550.0
214,2019-01-31,18600.0,,,18450.0
215,2019-02-01,18150.0,,,18200.0
216,2019-02-01,18600.0,,,18350.0
217,2019-02-01,18350.0,,,18200.0
218,2019-02-01,18200.0,,,18150.0
219,2019-02-07,18400.0,,,18200.0
220,2019-02-07,18200.0,,,18000.0
221,2019-02-07,18000.0,,,18150.0
222,2019-02-07,18150.0,,,18200.0
223,2019-02-08,18300.0,,,18000.0
224,2019-02-08,18200.0,,,17950.0
225,2019-02-08,17950.0,,,17950.0
226,2019-02-08,18000.0,,,18100.0
227,2019-02-11,18100.0,,,18000.0
228,2019-02-11,18000.0,,,18100.0
229,2019-02-11,18100.0,,,18600.0
230,2019-02-11,18600.0,,,18550.0
231,2019-02-12,18350.0,,,18400.0
232,2019-02-12,18450.0,,,18350.0
233,2019-02-12,18900.0,,,18400.0
234,2019-02-12,18400.0,,,18400.0
235,2019-02-13,18000.0,,,18100.0
236,2019-02-13,18100.0,,,18000.0
237,2019-02-13,18000.0,,,18000.0
238,2019-02-13,18550.0,,,18000.0
239,2019-02-14,18000.0,,,17850.0
240,2019-02-14,17900.0,,,17800.0
241,2019-02-14,17800.0,,,17800.0
242,2019-02-14,17800.0,,,17800.0
243,2019-02-15,17350.0,,,17400.0
244,2019-02-15,17550.0,,,17350.0
245,2019-02-15,17400.0,,,17350.0
246,2019-02-15,17850.0,,,17550.0
247,2019-02-18,17400.0,,,17550.0
248,2019-02-18,17550.0,,,17650.0
249,2019-02-18,17600.0,,,17650.0
250,2019-02-18,17650.0,,,17750.0
251,2019-02-19,17700.0,,,17600.0
252,2019-02-19,17900.0,,,17650.0
253,2019-02-19,17800.0,,,17600.0
254,2019-02-19,17600.0,,,17850.0
255,2019-02-20,17750.0,,,17900.0
256,2019-02-20,17850.0,,,17850.0
257,2019-02-20,17850.0,,,17850.0
258,2019-02-20,17900.0,,,17900.0
259,2019-02-21,18050.0,,,17800.0
260,2019-02-21,17850.0,,,17950.0
261,2019-02-21,17950.0,,,17950.0
262,2019-02-21,17900.0,,,17950.0
263,2019-02-22,17800.0,,,17850.0
264,2019-02-22,18200.0,,,17750.0
265,2019-02-22,17750.0,,,17800.0
266,2019-02-22,17750.0,,,17800.0
267,2019-02-25,18000.0,,,17750.0
268,2019-02-25,17750.0,,,17750.0
269,2019-02-25,17750.0,,,17900.0
270,2019-02-25,17850.0,,,17900.0
271,2019-02-26,19100.0,,,19150.0
272,2019-02-26,17800.0,,,18650.0
273,2019-02-26,18650.0,,,18850.0
274,2019-02-26,18800.0,,,19100.0
275,2019-02-27,19450.0,,,18850.0
276,2019-02-27,18850.0,,,19100.0
277,2019-02-27,19100.0,,,19250.0
278,2019-02-27,19250.0,,,19100.0
279,2019-02-28,19150.0,,,19500.0
280,2019-02-28,19500.0,,,19900.0
281,2019-02-28,19900.0,,,19700.0
282,2019-02-28,19700.0,,,19200.0
283,2019-03-04,19600.0,,,19700.0
284,2019-03-04,19900.0,,,19900.0
285,2019-03-04,19900.0,,,20000.0
286,2019-03-04,19950.0,,,19600.0
287,2019-03-05,19700.0,,,19500.0
288,2019-03-05,19500.0,,,19700.0
289,2019-03-05,19700.0,,,19850.0
290,2019-03-05,19850.0,,,19800.0
291,2019-03-06,19350.0,,,19650.0
292,2019-03-06,20200.0,,,20000.0
293,2019-03-06,19800.0,,,19650.0
294,2019-03-06,19550.0,,,19350.0
295,2019-03-07,19400.0,,,20100.0
296,2019-03-07,20150.0,,,20100.0
297,2019-03-07,20100.0,,,19950.0
298,2019-03-07,19950.0,,,19750.0
299,2019-03-08,19750.0,,,20200.0
300,2019-03-08,20200.0,,,19950.0
301,2019-03-08,20000.0,,,19800.0
302,2019-03-08,19800.0,,,19850.0
303,2019-03-11,20250.0,,,22000.0
304,2019-03-11,22050.0,,,22350.0
305,2019-03-11,22350.0,,,21850.0
306,2019-03-11,21800.0,,,22650.0
307,2019-03-12,22800.0,,,22700.0
308,2019-03-12,22700.0,,,22700.0
309,2019-03-12,22650.0,,,22800.0
310,2019-03-12,22600.0,,,22650.0
311,2019-03-13,23700.0,,,23250.0
312,2019-03-13,23700.0,,,23500.0
313,2019-03-13,23450.0,,,23650.0
314,2019-03-13,23600.0,,,23700.0
315,2019-03-14,23300.0,,,23450.0
316,2019-03-14,23450.0,,,23350.0
317,2019-03-14,23350.0,,,23300.0
318,2019-03-14,23350.0,,,23900.0
319,2019-03-15,24000.0,,,23900.0
320,2019-03-15,23900.0,,,23650.0
321,2019-03-15,23650.0,,,23300.0
322,2019-03-15,23300.0,,,23350.0
323,2019-03-18,23450.0,,,23700.0
324,2019-03-18,23700.0,,,24700.0
325,2019-03-18,24700.0,,,25200.0
326,2019-03-18,25200.0,,,25700.0
327,2019-03-19,26700.0,,,26550.0
328,2019-03-19,26850.0,,,26700.0
329,2019-03-19,26050.0,,,26900.0
330,2019-03-19,26300.0,,,26000.0
331,2019-03-20,25600.0,,,25500.0
332,2019-03-20,27050.0,,,24650.0
333,2019-03-20,24650.0,,,24750.0
334,2019-03-20,24750.0,,,25600.0
335,2019-03-21,25400.0,,,24700.0
336,2019-03-21,24650.0,,,24300.0
337,2019-03-21,24250.0,,,24650.0
338,2019-03-21,24650.0,,,24550.0
339,2019-03-22,24050.0,,,24150.0
340,2019-03-22,24150.0,,,24400.0
341,2019-03-22,24400.0,,,24500.0
342,2019-03-22,24550.0,,,24200.0
343,2019-03-25,24000.0,,,24300.0
344,2019-03-25,24250.0,,,24500.0
345,2019-03-25,24450.0,,,24150.0
346,2019-03-25,24150.0,,,23800.0
347,2019-03-26,26000.0,,,25850.0
348,2019-03-26,24850.0,,,26050.0
349,2019-03-26,23900.0,,,24900.0
350,2019-03-26,24900.0,,,24800.0
351,2019-03-27,25450.0,,,25300.0
352,2019-03-27,25300.0,,,25150.0
353,2019-03-27,25150.0,,,25150.0
354,2019-03-27,25850.0,,,25450.0
355,2019-03-28,25200.0,,,24200.0
356,2019-03-28,24150.0,,,24250.0
357,2019-03-28,24250.0,,,24350.0
358,2019-03-28,24350.0,,,24300.0
359,2019-03-29,23350.0,,,23400.0
360,2019-03-29,23100.0,,,23250.0
361,2019-03-29,23250.0,,,23350.0
362,2019-03-29,24000.0,,,23000.0
363,2019-04-01,23250.0,,,23800.0
364,2019-04-01,23800.0,,,23400.0
365,2019-04-01,23450.0,,,23650.0
366,2019-04-01,23600.0,,,23800.0
367,2019-04-02,22800.0,,,23000.0
368,2019-04-02,23200.0,,,22800.0
369,2019-04-02,23800.0,,,22800.0
370,2019-04-02,22850.0,,,23100.0
371,2019-04-03,23200.0,,,23050.0
372,2019-04-03,23000.0,,,22950.0
373,2019-04-03,22900.0,,,23050.0
374,2019-04-03,23050.0,,,23000.0
375,2019-04-04,23200.0,,,23750.0
376,2019-04-04,23750.0,,,23700.0
377,2019-04-04,23700.0,,,23800.0
378,2019-04-04,23800.0,,,23850.0
379,2019-04-05,23550.0,,,23600.0
380,2019-04-05,24000.0,,,23100.0
381,2019-04-05,23100.0,,,23250.0
382,2019-04-05,23250.0,,,23500.0
383,2019-04-08,23750.0,,,23450.0
384,2019-04-08,23500.0,,,23300.0
385,2019-04-08,23300.0,,,23650.0
386,2019-04-08,23650.0,,,23800.0
387,2019-04-09,23300.0,,,23300.0
388,2019-04-09,24000.0,,,23200.0
389,2019-04-09,23200.0,,,23400.0
390,2019-04-09,23350.0,,,23350.0
391,2019-04-10,23650.0,,,24000.0
392,2019-04-10,23950.0,,,24300.0
393,2019-04-10,24350.0,,,24350.0
394,2019-04-10,23100.0,,,23650.0
395,2019-04-11,24500.0,,,23800.0
396,2019-04-11,23800.0,,,23850.0
397,2019-04-11,23850.0,,,23750.0
398,2019-04-11,23700.0,,,23750.0
399,2019-04-12,23450.0,,,23600.0
400,2019-04-12,23500.0,,,23550.0
401,2019-04-12,23550.0,,,23550.0
402,2019-04-12,23500.0,,,23500.0
403,2019-04-15,23600.0,,,23600.0
404,2019-04-15,23550.0,,,23350.0
405,2019-04-15,23350.0,,,23100.0
406,2019-04-15,23050.0,,,23150.0
407,2019-04-16,22450.0,,,22650.0
408,2019-04-16,22400.0,,,22450.0
409,2019-04-16,23150.0,,,22450.0
410,2019-04-16,22450.0,,,22350.0
411,2019-04-17,22850.0,,,24300.0
412,2019-04-17,24350.0,,,24750.0
413,2019-04-17,24750.0,,,24800.0
414,2019-04-17,24800.0,,,24900.0
415,2019-04-18,25100.0,,,25050.0
416,2019-04-18,25100.0,,,25250.0
417,2019-04-18,25200.0,,,24850.0
418,2019-04-18,24850.0,,,24900.0
419,2019-04-19,25600.0,,,25850.0
420,2019-04-19,25350.0,,,25600.0
421,2019-04-19,25550.0,,,25700.0
422,2019-04-19,25700.0,,,25550.0
423,2019-04-22,26250.0,,,25800.0
424,2019-04-22,25800.0,,,25300.0
425,2019-04-22,25300.0,,,25400.0
426,2019-04-22,25400.0,,,26000.0
427,2019-04-23,25000.0,,,24900.0
428,2019-04-23,25750.0,,,25350.0
429,2019-04-23,25300.0,,,25500.0
430,2019-04-23,25500.0,,,25050.0
431,2019-04-24,25350.0,,,24850.0
432,2019-04-24,24850.0,,,24550.0
433,2019-04-24,24550.0,,,24500.0
434,2019-04-24,24500.0,,,24300.0
435,2019-04-25,24600.0,,,24850.0
436,2019-04-25,24900.0,,,24950.0
437,2019-04-25,24950.0,,,25150.0
438,2019-04-25,25100.0,,,25350.0
439,2019-04-26,24700.0,,,24350.0
440,2019-04-26,25150.0,,,24750.0
441,2019-04-26,24750.0,,,24550.0
442,2019-04-26,24550.0,,,24600.0
443,2019-04-29,24800.0,,,23750.0
444,2019-04-29,23750.0,,,23750.0
445,2019-04-29,23750.0,,,23950.0
446,2019-04-29,24000.0,,,24350.0
447,2019-04-30,23950.0,,,24100.0
448,2019-04-30,24350.0,,,23550.0
449,2019-04-30,23550.0,,,23800.0
450,2019-04-30,23750.0,,,23950.0
451,2019-05-02,23950.0,,,24200.0
452,2019-05-02,24300.0,,,24350.0
453,2019-05-02,24350.0,,,24400.0
454,2019-05-02,24400.0,,,24500.0
455,2019-05-03,24400.0,,,25250.0
456,2019-05-03,25250.0,,,25300.0
457,2019-05-03,25300.0,,,25100.0
458,2019-05-03,25100.0,,,24900.0
459,2019-05-07,24500.0,,,24900.0
460,2019-05-07,24900.0,,,24800.0
461,2019-05-07,24850.0,,,24900.0
462,2019-05-07,24950.0,,,24500.0
463,2019-05-08,24000.0,,,24000.0
464,2019-05-08,24050.0,,,24050.0
465,2019-05-08,24100.0,,,23800.0
466,2019-05-08,23800.0,,,24050.0
467,2019-05-09,23250.0,,,23300.0
468,2019-05-09,23100.0,,,22750.0
469,2019-05-09,23800.0,,,23250.0
470,2019-05-09,23300.0,,,23100.0
471,2019-05-10,22800.0,,,23100.0
472,2019-05-10,23100.0,,,22800.0
473,2019-05-10,22800.0,,,22950.0
474,2019-05-10,23000.0,,,22700.0
475,2019-05-13,22800.0,,,22450.0
476,2019-05-13,22450.0,,,22250.0
477,2019-05-13,22250.0,,,22200.0
478,2019-05-13,22200.0,,,22350.0
479,2019-05-14,21700.0,,,22300.0
480,2019-05-14,22350.0,,,22600.0
481,2019-05-14,22550.0,,,22650.0
482,2019-05-14,22650.0,,,22600.0
483,2019-05-15,24050.0,,,24400.0
484,2019-05-15,24400.0,,,24400.0
485,2019-05-15,22650.0,,,23900.0
486,2019-05-15,23850.0,,,24050.0
487,2019-05-16,24450.0,,,23800.0
488,2019-05-16,23800.0,,,24650.0
489,2019-05-16,24650.0,,,24600.0
490,2019-05-16,24550.0,,,24400.0
491,2019-05-17,24700.0,,,24400.0
492,2019-05-17,24400.0,,,24200.0
493,2019-05-17,24200.0,,,23550.0
494,2019-05-17,23550.0,,,23850.0
495,2019-05-20,24250.0,,,23600.0
496,2019-05-20,23700.0,,,24200.0
497,2019-05-20,24150.0,,,23800.0
498,2019-05-20,23750.0,,,24250.0
499,2019-05-21,23600.0,,,24100.0
500,2019-05-21,24100.0,,,23950.0
501,2019-05-21,23950.0,,,23500.0
502,2019-05-21,23500.0,,,23450.0
503,2019-05-22,23600.0,,,23450.0
504,2019-05-22,23300.0,,,23550.0
505,2019-05-22,23850.0,,,23350.0
506,2019-05-22,23550.0,,,23600.0
507,2019-05-23,23350.0,,,23450.0
508,2019-05-23,23450.0,,,23500.0
509,2019-05-23,23450.0,,,23550.0
510,2019-05-23,23550.0,,,23300.0
511,2019-05-24,23000.0,,,22700.0
512,2019-05-24,22700.0,,,22400.0
513,2019-05-24,22350.0,,,22300.0
514,2019-05-24,22250.0,,,22600.0
515,2019-05-27,21700.0,,,21650.0
516,2019-05-27,22800.0,,,22050.0
517,2019-05-27,22000.0,,,21950.0
518,2019-05-27,22000.0,,,21750.0
519,2019-05-28,21650.0,,,21450.0
520,2019-05-28,21400.0,,,21700.0
521,2019-05-28,21700.0,,,22300.0
522,2019-05-28,22250.0,,,22250.0
523,2019-05-29,21500.0,,,21400.0
524,2019-05-29,22300.0,,,21400.0
525,2019-05-29,21400.0,,,21600.0
526,2019-05-29,21600.0,,,21500.0
527,2019-05-30,21250.0,,,21100.0
528,2019-05-30,21150.0,,,20700.0
529,2019-05-30,20700.0,,,20450.0
530,2019-05-30,20450.0,,,20450.0
531,2019-05-31,20600.0,,,22000.0
532,2019-05-31,22000.0,,,21800.0
533,2019-05-31,21900.0,,,21950.0
534,2019-05-31,21950.0,,,21600.0
535,2019-06-03,21700.0,,,21400.0
536,2019-06-03,21400.0,,,21200.0
537,2019-06-03,21200.0,,,21400.0
538,2019-06-03,21300.0,,,21550.0
539,2019-06-04,21650.0,,,21400.0
540,2019-06-04,21350.0,,,21650.0
541,2019-06-04,21250.0,,,21100.0
542,2019-06-04,21150.0,,,21350.0
543,2019-06-05,21700.0,,,21700.0
544,2019-06-05,21700.0,,,21200.0
545,2019-06-05,21200.0,,,21300.0
546,2019-06-05,22250.0,,,21700.0
547,2019-06-07,21150.0,,,21150.0
548,2019-06-07,21150.0,,,21050.0
549,2019-06-07,21050.0,,,21150.0
550,2019-06-07,21150.0,,,21100.0
551,2019-06-10,21800.0,,,21700.0
552,2019-06-10,21500.0,,,21400.0
553,2019-06-10,21450.0,,,21750.0
554,2019-06-10,21250.0,,,21500.0
555,2019-06-11,21650.0,,,22200.0
556,2019-06-11,22200.0,,,22300.0
557,2019-06-11,22300.0,,,22950.0
558,2019-06-11,22950.0,,,22550.0
559,2019-06-12,23750.0,,,23700.0
560,2019-06-12,23900.0,,,23750.0
561,2019-06-12,23150.0,,,23250.0
562,2019-06-12,23250.0,,,23900.0
563,2019-06-13,23600.0,,,24400.0
564,2019-06-13,24350.0,,,24600.0
565,2019-06-13,24550.0,,,24500.0
566,2019-06-13,24500.0,,,24550.0
567,2019-06-14,24750.0,,,24300.0
568,2019-06-14,24250.0,,,24250.0
569,2019-06-14,24250.0,,,24150.0
570,2019-06-14,24150.0,,,24100.0
571,2019-06-17,23050.0,,,23200.0
572,2019-06-17,24450.0,,,23300.0
573,2019-06-17,23350.0,,,23050.0
574,2019-06-17,23000.0,,,23100.0
575,2019-06-18,22900.0,,,22800.0
576,2019-06-18,22750.0,,,22750.0
577,2019-06-18,22800.0,,,22600.0
578,2019-06-18,22600.0,,,22600.0
579,2019-06-19,23650.0,,,23550.0
580,2019-06-19,22950.0,,,22850.0
581,2019-06-19,22850.0,,,23150.0
582,2019-06-19,23150.0,,,23650.0
583,2019-06-20,23900.0,,,23350.0
584,2019-06-20,23400.0,,,23700.0
585,2019-06-20,23650.0,,,23000.0
586,2019-06-20,23000.0,,,23100.0
587,2019-06-21,23200.0,,,23050.0
588,2019-06-21,23100.0,,,23450.0
589,2019-06-21,23450.0,,,23650.0
590,2019-06-21,23650.0,,,23450.0
591,2019-06-24,22950.0,,,23000.0
592,2019-06-24,23500.0,,,23250.0
593,2019-06-24,23300.0,,,22800.0
594,2019-06-24,22800.0,,,22950.0
595,2019-06-25,22900.0,,,22750.0
596,2019-06-25,22700.0,,,22500.0
597,2019-06-25,22500.0,,,22100.0
598,2019-06-25,22100.0,,,22500.0
599,2019-06-26,21750.0,,,21850.0
600,2019-06-26,22400.0,,,21850.0
601,2019-06-26,21900.0,,,21800.0
602,2019-06-26,21800.0,,,21750.0
603,2019-06-27,21900.0,,,21700.0
604,2019-06-27,21700.0,,,21600.0
605,2019-06-27,21600.0,,,21100.0
606,2019-06-27,21000.0,,,21450.0
607,2019-06-28,21450.0,,,21650.0
608,2019-06-28,21650.0,,,22600.0
609,2019-06-28,22600.0,,,22400.0
610,2019-06-28,22400.0,,,22250.0
611,2019-07-01,22400.0,,,22900.0
612,2019-07-01,22900.0,,,22900.0
613,2019-07-01,22850.0,,,22850.0
614,2019-07-01,22850.0,,,23050.0
615,2019-07-02,23000.0,,,23050.0
616,2019-07-02,23000.0,,,23050.0
617,2019-07-02,23300.0,,,23400.0
618,2019-07-02,23400.0,,,23000.0
619,2019-07-03,23000.0,,,23000.0
620,2019-07-03,23100.0,,,23500.0
621,2019-07-03,23050.0,,,23000.0
622,2019-07-03,23000.0,,,23050.0
623,2019-07-04,24050.0,,,23900.0
624,2019-07-04,23650.0,,,23850.0
625,2019-07-04,23900.0,,,23950.0
626,2019-07-04,23900.0,,,24050.0
627,2019-07-05,23100.0,,,23300.0
628,2019-07-05,23800.0,,,23950.0
629,2019-07-05,23700.0,,,23100.0
630,2019-07-05,23350.0,,,23900.0
631,2019-07-08,23950.0,,,22900.0
632,2019-07-08,22850.0,,,22600.0
633,2019-07-08,22600.0,,,22550.0
634,2019-07-08,22500.0,,,22950.0
635,2019-07-09,23450.0,,,23000.0
636,2019-07-09,22900.0,,,22750.0
637,2019-07-09,22750.0,,,22850.0
638,2019-07-09,23000.0,,,22900.0
639,2019-07-10,23050.0,,,23450.0
640,2019-07-10,23400.0,,,23700.0
641,2019-07-10,23650.0,,,23150.0
642,2019-07-10,23200.0,,,23500.0
643,2019-07-11,23950.0,,,23900.0
644,2019-07-11,23700.0,,,23500.0
645,2019-07-11,23650.0,,,23950.0
646,2019-07-11,23950.0,,,23700.0
647,2019-07-12,23900.0,,,23800.0
648,2019-07-12,23850.0,,,23850.0
649,2019-07-12,23850.0,,,23950.0
650,2019-07-12,23950.0,,,24000.0
651,2019-07-15,24000.0,,,23400.0
652,2019-07-15,23350.0,,,23350.0
653,2019-07-15,23400.0,,,23200.0
654,2019-07-15,23200.0,,,23450.0
655,2019-07-16,23300.0,,,23450.0
656,2019-07-16,23450.0,,,23950.0
657,2019-07-16,23950.0,,,24200.0
658,2019-07-16,24200.0,,,24200.0
659,2019-07-17,23500.0,,,23600.0
660,2019-07-17,23750.0,,,23500.0
661,2019-07-17,24050.0,,,23750.0
662,2019-07-17,23750.0,,,23750.0
663,2019-07-18,23750.0,,,23450.0
664,2019-07-18,23400.0,,,23200.0
665,2019-07-18,23200.0,,,23200.0
666,2019-07-18,23150.0,,,23300.0
667,2019-07-19,23150.0,,,23600.0
668,2019-07-19,23600.0,,,23300.0
669,2019-07-19,23250.0,,,23400.0
670,2019-07-19,23400.0,,,23200.0
671,2019-07-22,23500.0,,,23550.0
672,2019-07-22,23050.0,,,23500.0
673,2019-07-22,23450.0,,,23600.0
674,2019-07-22,23650.0,,,23500.0
675,2019-07-23,23400.0,,,23600.0
676,2019-07-23,23600.0,,,23600.0
677,2019-07-23,23600.0,,,22950.0
678,2019-07-23,22950.0,,,23450.0
679,2019-07-24,22850.0,,,22700.0
680,2019-07-24,23200.0,,,23150.0
681,2019-07-24,23150.0,,,23100.0
682,2019-07-24,23050.0,,,22900.0
683,2019-07-25,22450.0,,,21800.0
684,2019-07-25,21800.0,,,21600.0
685,2019-07-25,21600.0,,,21700.0
686,2019-07-25,21700.0,,,21800.0
687,2019-07-26,21500.0,,,20900.0
688,2019-07-26,20950.0,,,21100.0
689,2019-07-26,21050.0,,,21350.0
690,2019-07-26,21350.0,,,21600.0
691,2019-07-29,21200.0,,,21000.0
692,2019-07-29,21000.0,,,20800.0
693,2019-07-29,20800.0,,,20800.0
694,2019-07-29,20800.0,,,20750.0
695,2019-07-30,22050.0,,,22000.0
696,2019-07-30,21750.0,,,22050.0
697,2019-07-30,20200.0,,,21350.0
698,2019-07-30,21350.0,,,21750.0
699,2019-07-31,21350.0,,,21500.0
700,2019-07-31,21950.0,,,22150.0
701,2019-07-31,21800.0,,,21350.0
702,2019-07-31,21500.0,,,21900.0
703,2019-08-01,21500.0,,,22200.0
704,2019-08-01,22200.0,,,22050.0
705,2019-08-01,22050.0,,,21900.0
706,2019-08-01,21900.0,,,21750.0
707,2019-08-02,21350.0,,,21350.0
708,2019-08-02,21350.0,,,21500.0
709,2019-08-02,21500.0,,,21400.0
710,2019-08-02,21400.0,,,21400.0
711,2019-08-05,21300.0,,,20700.0
712,2019-08-05,20600.0,,,20550.0
713,2019-08-05,20550.0,,,20200.0
714,2019-08-05,20450.0,,,20450.0
715,2019-08-06,20200.0,,,19700.0
716,2019-08-06,19650.0,,,19600.0
717,2019-08-06,19250.0,,,20300.0
718,2019-08-06,20300.0,,,20250.0
719,2019-08-07,19600.0,,,19750.0
720,2019-08-07,19750.0,,,19650.0
721,2019-08-07,19700.0,,,19450.0
722,2019-08-07,19450.0,,,19400.0
723,2019-08-08,20000.0,,,20600.0
724,2019-08-08,20550.0,,,20550.0
725,2019-08-08,20550.0,,,20500.0
726,2019-08-08,20500.0,,,20450.0
727,2019-08-09,20700.0,,,20700.0
728,2019-08-09,20750.0,,,20650.0
729,2019-08-09,20650.0,,,20700.0
730,2019-08-09,20700.0,,,20700.0
731,2019-08-12,21150.0,,,20300.0
732,2019-08-12,20350.0,,,20300.0
733,2019-08-12,20400.0,,,20300.0
734,2019-08-12,20300.0,,,20450.0
735,2019-08-13,19850.0,,,19900.0
736,2019-08-13,19900.0,,,19700.0
737,2019-08-13,20450.0,,,19950.0
738,2019-08-13,19700.0,,,19950.0
739,2019-08-14,20200.0,,,21300.0
740,2019-08-14,21300.0,,,21050.0
741,2019-08-14,21050.0,,,20150.0
742,2019-08-14,20150.0,,,19550.0
743,2019-08-16,19800.0,,,18250.0
744,2019-08-16,18250.0,,,18300.0
745,2019-08-16,18300.0,,,18450.0
746,2019-08-16,18450.0,,,18600.0
747,2019-08-19,17900.0,,,18150.0
748,2019-08-19,18850.0,,,18200.0
749,2019-08-19,18250.0,,,18200.0
750,2019-08-19,18200.0,,,17850.0
751,2019-08-20,18800.0,,,18900.0
752,2019-08-20,18900.0,,,18950.0
753,2019-08-20,18950.0,,,19600.0
754,2019-08-20,19600.0,,,19650.0
755,2019-08-21,20150.0,,,19950.0
756,2019-08-21,19650.0,,,20050.0
757,2019-08-21,20050.0,,,20400.0
758,2019-08-21,20400.0,,,20150.0
759,2019-08-22,19950.0,,,20450.0
760,2019-08-22,20600.0,,,19950.0
761,2019-08-22,19950.0,,,19950.0
762,2019-08-22,19950.0,,,19800.0
763,2019-08-23,19500.0,,,19850.0
764,2019-08-23,19800.0,,,19800.0
765,2019-08-23,19800.0,,,19650.0
766,2019-08-23,19650.0,,,19500.0
767,2019-08-26,18950.0,,,19000.0
768,2019-08-26,19000.0,,,19200.0
769,2019-08-26,19200.0,,,19050.0
770,2019-08-26,19000.0,,,18850.0
771,2019-08-27,18350.0,,,18400.0
772,2019-08-27,19050.0,,,18650.0
773,2019-08-27,19150.0,,,19000.0
774,2019-08-27,18650.0,,,18350.0
775,2019-08-28,18450.0,,,18400.0
776,2019-08-28,18400.0,,,18500.0
777,2019-08-28,18500.0,,,18400.0
778,2019-08-28,18400.0,,,18400.0
779,2019-08-29,18300.0,,,18150.0
780,2019-08-29,18100.0,,,17800.0
781,2019-08-29,17850.0,,,17850.0
782,2019-08-29,17850.0,,,18050.0
783,2019-08-30,18700.0,,,18550.0
784,2019-08-30,18550.0,,,18650.0
785,2019-08-30,18600.0,,,18600.0
786,2019-08-30,18600.0,,,18650.0
787,2019-09-02,18650.0,,,19100.0
788,2019-09-02,19100.0,,,19500.0
789,2019-09-02,19500.0,,,19900.0
790,2019-09-02,19900.0,,,19850.0
791,2019-09-03,19950.0,,,20050.0
792,2019-09-03,20050.0,,,19850.0
793,2019-09-03,19850.0,,,19800.0
794,2019-09-03,19750.0,,,20000.0
795,2019-09-04,19700.0,,,19600.0
796,2019-09-04,19700.0,,,19850.0
797,2019-09-04,19850.0,,,20100.0
798,2019-09-04,20100.0,,,20200.0
799,2019-09-05,20700.0,,,20000.0
800,2019-09-05,20000.0,,,20050.0
801,2019-09-05,20050.0,,,20000.0
802,2019-09-05,19950.0,,,20050.0
803,2019-09-06,20300.0,,,20100.0
804,2019-09-06,20200.0,,,19850.0
805,2019-09-06,19850.0,,,20200.0
806,2019-09-06,20200.0,,,20300.0
807,2019-09-09,20200.0,,,20050.0
808,2019-09-09,20100.0,,,20150.0
809,2019-09-09,20150.0,,,19650.0
810,2019-09-09,19650.0,,,19750.0
811,2019-09-10,19150.0,,,19100.0
812,2019-09-10,19500.0,,,19550.0
813,2019-09-10,19650.0,,,19450.0
814,2019-09-10,19550.0,,,19200.0
815,2019-09-11,19200.0,,,19250.0
816,2019-09-11,19250.0,,,19350.0
817,2019-09-11,19250.0,,,19450.0
818,2019-09-11,19450.0,,,19450.0
819,2019-09-16,19600.0,,,19450.0
820,2019-09-16,19400.0,,,19400.0
821,2019-09-16,19350.0,,,19200.0
822,2019-09-16,19150.0,,,19500.0
823,2019-09-17,19800.0,,,19900.0
824,2019-09-17,19350.0,,,19350.0
825,2019-09-17,19350.0,,,19700.0
826,2019-09-17,19650.0,,,19800.0
827,2019-09-18,20350.0,,,21000.0
828,2019-09-18,21000.0,,,20600.0
829,2019-09-18,20600.0,,,20700.0
830,2019-09-18,20700.0,,,20750.0
831,2019-09-19,20500.0,,,20350.0
832,2019-09-19,20800.0,,,20800.0
833,2019-09-19,20850.0,,,20750.0
834,2019-09-19,20700.0,,,20450.0
835,2019-09-20,20350.0,,,20600.0
836,2019-09-20,20600.0,,,20600.0
837,2019-09-20,20600.0,,,20150.0
838,2019-09-20,20250.0,,,20550.0
839,2019-09-23,20400.0,,,20200.0
840,2019-09-23,20150.0,,,20350.0
841,2019-09-23,20200.0,,,20100.0
842,2019-09-23,20100.0,,,20050.0
843,2019-09-24,20050.0,,,19950.0
844,2019-09-24,19950.0,,,20050.0
845,2019-09-24,20100.0,,,20000.0
846,2019-09-24,20000.0,,,20100.0
847,2019-09-25,19600.0,,,19500.0
848,2019-09-25,19900.0,,,19600.0
849,2019-09-25,20050.0,,,19900.0
850,2019-09-25,19950.0,,,19900.0
851,2019-09-26,19450.0,,,19350.0
852,2019-09-26,19400.0,,,19200.0
853,2019-09-26,19200.0,,,19350.0
854,2019-09-26,19700.0,,,19450.0
855,2019-09-27,19150.0,,,19400.0
856,2019-09-27,19400.0,,,19400.0
857,2019-09-27,19400.0,,,19250.0
858,2019-09-27,19300.0,,,19200.0
859,2019-09-30,19200.0,,,19300.0
860,2019-09-30,19100.0,,,19050.0
861,2019-09-30,19100.0,,,19200.0
862,2019-09-30,19200.0,,,19100.0
863,2019-10-01,19100.0,,,19350.0
864,2019-10-01,19350.0,,,19400.0
865,2019-10-01,19450.0,,,19600.0
866,2019-10-01,19600.0,,,19700.0
867,2019-10-02,19150.0,,,19350.0
868,2019-10-02,19300.0,,,19150.0
869,2019-10-02,19300.0,,,19600.0
870,2019-10-02,19600.0,,,19350.0
871,2019-10-04,19250.0,,,19200.0
872,2019-10-04,19200.0,,,19100.0
873,2019-10-04,19000.0,,,19100.0
874,2019-10-04,19050.0,,,18900.0
875,2019-10-07,19000.0,,,19000.0
876,2019-10-07,19050.0,,,18950.0
877,2019-10-07,18950.0,,,19300.0
878,2019-10-07,19300.0,,,19300.0
879,2019-10-08,19200.0,,,19300.0
880,2019-10-08,19200.0,,,19400.0
881,2019-10-08,19400.0,,,19350.0
882,2019-10-08,19300.0,,,19250.0
883,2019-10-10,19100.0,,,19100.0
884,2019-10-10,19150.0,,,19050.0
885,2019-10-10,19050.0,,,18850.0
886,2019-10-10,18900.0,,,19100.0
887,2019-10-11,19200.0,,,19100.0
888,2019-10-11,19050.0,,,19050.0
889,2019-10-11,19050.0,,,19000.0
890,2019-10-11,18950.0,,,19200.0
891,2019-10-14,19300.0,,,19250.0
892,2019-10-14,19250.0,,,19400.0
893,2019-10-14,19400.0,,,19300.0
894,2019-10-14,19350.0,,,19150.0
895,2019-10-15,19100.0,,,19550.0
896,2019-10-15,19500.0,,,19550.0
897,2019-10-15,19600.0,,,19350.0
898,2019-10-15,19350.0,,,19350.0
899,2019-10-16,19700.0,,,19750.0
900,2019-10-16,19350.0,,,19550.0
901,2019-10-16,19550.0,,,19800.0
902,2019-10-16,19650.0,,,19700.0
903,2019-10-17,19750.0,,,19800.0
904,2019-10-17,19800.0,,,19700.0
905,2019-10-17,19700.0,,,19500.0
906,2019-10-17,19500.0,,,19500.0
907,2019-10-18,19450.0,,,19600.0
908,2019-10-18,19500.0,,,20100.0
909,2019-10-18,20100.0,,,19750.0
910,2019-10-18,19750.0,,,19450.0
911,2019-10-21,20300.0,,,20050.0
912,2019-10-21,20050.0,,,20100.0
913,2019-10-21,20150.0,,,20150.0
914,2019-10-21,20200.0,,,20100.0
915,2019-10-22,20000.0,,,20050.0
916,2019-10-22,20050.0,,,20100.0
917,2019-10-22,20150.0,,,20200.0
918,2019-10-22,20250.0,,,20150.0
919,2019-10-23,20200.0,,,20550.0
920,2019-10-23,20500.0,,,20350.0
921,2019-10-23,20350.0,,,20600.0
922,2019-10-23,20600.0,,,20550.0
923,2019-10-24,20700.0,,,20600.0
924,2019-10-24,20650.0,,,20650.0
925,2019-10-24,20850.0,,,20650.0
926,2019-10-24,20700.0,,,20750.0
927,2019-10-25,20250.0,,,20300.0
928,2019-10-25,20000.0,,,19950.0
929,2019-10-25,20350.0,,,20300.0
930,2019-10-25,20300.0,,,20000.0
931,2019-10-28,19800.0,,,19950.0
932,2019-10-28,19950.0,,,19800.0
933,2019-10-28,19800.0,,,19750.0
934,2019-10-28,19800.0,,,19800.0
935,2019-10-29,19900.0,,,19750.0
936,2019-10-29,19750.0,,,19750.0
937,2019-10-29,19750.0,,,19800.0
938,2019-10-29,19800.0,,,19800.0
939,2019-10-30,19750.0,,,19750.0
940,2019-10-30,19800.0,,,19700.0
941,2019-10-30,19700.0,,,19550.0
942,2019-10-30,19550.0,,,19600.0
943,2019-10-31,19650.0,,,20100.0
944,2019-10-31,20100.0,,,20100.0
945,2019-10-31,19550.0,,,19750.0
946,2019-10-31,19750.0,,,19650.0
947,2019-11-01,20050.0,,,21100.0
948,2019-11-01,21100.0,,,20650.0
949,2019-11-01,20650.0,,,21000.0
950,2019-11-01,20950.0,,,21000.0
951,2019-11-04,21300.0,,,21200.0
952,2019-11-04,21200.0,,,20800.0
953,2019-11-04,20800.0,,,20900.0
954,2019-11-04,20900.0,,,21000.0
955,2019-11-05,20700.0,,,20700.0
956,2019-11-05,21200.0,,,20950.0
957,2019-11-05,20950.0,,,21000.0
958,2019-11-05,21000.0,,,20700.0
959,2019-11-06,20800.0,,,22100.0
960,2019-11-06,22150.0,,,21850.0
961,2019-11-06,21800.0,,,21700.0
962,2019-11-06,21700.0,,,21800.0
963,2019-11-07,21500.0,,,21800.0
964,2019-11-07,21550.0,,,21500.0
965,2019-11-07,21800.0,,,21550.0
966,2019-11-07,21500.0,,,21500.0
967,2019-11-08,21800.0,,,22050.0
968,2019-11-08,22050.0,,,21900.0
969,2019-11-08,21850.0,,,21800.0
970,2019-11-08,21800.0,,,21900.0
971,2019-11-11,21850.0,,,22050.0
972,2019-11-11,22000.0,,,21850.0
973,2019-11-11,21800.0,,,21650.0
974,2019-11-11,21600.0,,,21650.0
975,2019-11-12,21700.0,,,21850.0
976,2019-11-12,21650.0,,,21800.0
977,2019-11-12,21800.0,,,21700.0
978,2019-11-12,21700.0,,,21700.0
979,2019-11-13,21850.0,,,21550.0
980,2019-11-13,21600.0,,,21500.0
981,2019-11-13,21500.0,,,21850.0
982,2019-11-13,21800.0,,,21800.0
983,2019-11-14,21700.0,,,21550.0
984,2019-11-14,22000.0,,,21700.0
985,2019-11-14,21700.0,,,21850.0
986,2019-11-14,21850.0,,,21650.0
987,2019-11-15,21700.0,,,22100.0
988,2019-11-15,22100.0,,,22250.0
989,2019-11-15,22250.0,,,22300.0
990,2019-11-15,22350.0,,,22200.0
991,2019-11-18,22250.0,,,21950.0
992,2019-11-18,21950.0,,,21950.0
993,2019-11-18,21900.0,,,22500.0
994,2019-11-18,22550.0,,,22600.0
995,2019-11-19,22650.0,,,22250.0
996,2019-11-19,22250.0,,,22250.0
997,2019-11-19,22250.0,,,22100.0
998,2019-11-19,22100.0,,,22050.0
999,2019-11-20,21150.0,,,21150.0
1000,2019-11-20,21350.0,,,21150.0
1001,2019-11-20,22100.0,,,21750.0
1002,2019-11-20,21700.0,,,21350.0
1003,2019-11-21,20400.0,,,20800.0
1004,2019-11-21,20800.0,,,20550.0
1005,2019-11-21,20550.0,,,20750.0
1006,2019-11-21,21300.0,,,20400.0
1007,2019-11-22,20750.0,,,20550.0
1008,2019-11-22,20550.0,,,20500.0
1009,2019-11-22,20500.0,,,20500.0
1010,2019-11-22,20400.0,,,20500.0
1011,2019-11-25,20650.0,,,20550.0
1012,2019-11-25,20750.0,,,20600.0
1013,2019-11-25,20550.0,,,20650.0
1014,2019-11-25,20500.0,,,20700.0
1015,2019-11-26,20800.0,,,20500.0
1016,2019-11-26,20450.0,,,20500.0
1017,2019-11-26,20450.0,,,20700.0
1018,2019-11-26,20750.0,,,20700.0
1019,2019-11-27,20400.0,,,20500.0
1020,2019-11-27,20500.0,,,20400.0
1021,2019-11-27,20700.0,,,20600.0
1022,2019-11-27,20600.0,,,20500.0
1023,2019-11-28,20400.0,,,20250.0
1024,2019-11-28,20250.0,,,20300.0
1025,2019-11-28,20300.0,,,20300.0
1026,2019-11-28,20300.0,,,20300.0
1027,2019-11-29,20400.0,,,20350.0
1028,2019-11-29,20300.0,,,20100.0
1029,2019-11-29,20100.0,,,20050.0
1030,2019-11-29,20050.0,,,20050.0
1031,2019-12-02,20250.0,,,20200.0
1032,2019-12-02,20200.0,,,20450.0
1033,2019-12-02,20500.0,,,20500.0
1034,2019-12-02,20450.0,,,20250.0
1035,2019-12-03,20300.0,,,20050.0
1036,2019-12-03,20050.0,,,19950.0
1037,2019-12-03,19950.0,,,19900.0
1038,2019-12-03,19950.0,,,20000.0
1039,2019-12-04,20100.0,,,20100.0
1040,2019-12-04,20000.0,,,19850.0
1041,2019-12-04,19850.0,,,19900.0
1042,2019-12-04,19900.0,,,20100.0
1043,2019-12-05,20050.0,,,19800.0
1044,2019-12-05,19800.0,,,19500.0
1045,2019-12-05,19500.0,,,19750.0
1046,2019-12-05,19650.0,,,19700.0
1047,2019-12-06,20000.0,,,20050.0
1048,2019-12-06,20000.0,,,20350.0
1049,2019-12-06,20350.0,,,20200.0
1050,2019-12-06,20250.0,,,20100.0
1051,2019-12-09,19750.0,,,19750.0
1052,2019-12-09,20150.0,,,19850.0
1053,2019-12-09,19850.0,,,19700.0
1054,2019-12-09,19700.0,,,19800.0
1055,2019-12-10,19550.0,,,19750.0
1056,2019-12-10,19750.0,,,19750.0
1057,2019-12-10,19750.0,,,19950.0
1058,2019-12-10,20000.0,,,20000.0
1059,2019-12-11,20200.0,,,20100.0
1060,2019-12-11,20150.0,,,20350.0
1061,2019-12-11,20400.0,,,20300.0
1062,2019-12-11,20300.0,,,20150.0
1063,2019-12-12,20450.0,,,20250.0
1064,2019-12-12,20250.0,,,20050.0
1065,2019-12-12,20050.0,,,19950.0
1066,2019-12-12,19950.0,,,20000.0
1067,2019-12-13,20000.0,,,20300.0
1068,2019-12-13,20300.0,,,20200.0
1069,2019-12-13,20150.0,,,20250.0
1070,2019-12-13,20250.0,,,20200.0
1071,2019-12-16,20250.0,,,20300.0
1072,2019-12-16,20350.0,,,20400.0
1073,2019-12-16,20400.0,,,20200.0
1074,2019-12-16,20200.0,,,20250.0
1075,2019-12-17,20200.0,,,20200.0
1076,2019-12-17,20150.0,,,20200.0
1077,2019-12-17,20500.0,,,20250.0
1078,2019-12-17,20200.0,,,20200.0
1079,2019-12-18,20250.0,,,20150.0
1080,2019-12-18,20350.0,,,20300.0
1081,2019-12-18,20200.0,,,20300.0
1082,2019-12-18,20150.0,,,20350.0
1083,2019-12-19,20450.0,,,20150.0
1084,2019-12-19,20150.0,,,20000.0
1085,2019-12-19,20000.0,,,20200.0
1086,2019-12-19,20150.0,,,20050.0
1087,2019-12-20,20050.0,,,19850.0
1088,2019-12-20,19750.0,,,19750.0
1089,2019-12-20,19750.0,,,19900.0
1090,2019-12-20,19850.0,,,19750.0
1091,2019-12-23,20000.0,,,19900.0
1092,2019-12-23,19850.0,,,19850.0
1093,2019-12-23,19850.0,,,20000.0
1094,2019-12-23,20000.0,,,20000.0
1095,2019-12-24,19750.0,,,19700.0
1096,2019-12-24,19750.0,,,19750.0
1097,2019-12-24,19850.0,,,19750.0
1098,2019-12-24,19750.0,,,19750.0
1099,2019-12-26,19650.0,,,19750.0
1100,2019-12-26,19750.0,,,19850.0
1101,2019-12-26,19900.0,,,19900.0
1102,2019-12-26,19550.0,,,19600.0
1103,2019-12-27,19900.0,,,19850.0
1104,2019-12-27,19850.0,,,19900.0
1105,2019-12-27,19900.0,,,20050.0
1106,2019-12-27,20100.0,,,20000.0
1107,2019-12-30,20000.0,,,20000.0
1108,2019-12-30,19950.0,,,20200.0
1109,2019-12-30,20150.0,,,20000.0
1110,2019-12-30,20050.0,,,20100.0
1111,2020-01-02,20200.0,,,20500.0
1112,2020-01-02,20450.0,,,20450.0
1113,2020-01-02,20400.0,,,20500.0
1114,2020-01-03,20500.0,,,20500.0
1115,2020-01-03,20550.0,,,20450.0
1116,2020-01-03,20300.0,,,20650.0
1117,2020-01-03,20650.0,,,20550.0
1118,2020-01-06,19800.0,,,19750.0
1119,2020-01-06,19700.0,,,19800.0
1120,2020-01-06,19750.0,,,19700.0
1121,2020-01-06,20350.0,,,19800.0
1122,2020-01-07,19900.0,,,19750.0
1123,2020-01-07,19750.0,,,19750.0
1124,2020-01-07,19750.0,,,19650.0
1125,2020-01-07,19650.0,,,19800.0
1126,2020-01-08,19350.0,,,19300.0
1127,2020-01-08,19350.0,,,19350.0
1128,2020-01-08,19300.0,,,19350.0
1129,2020-01-08,19600.0,,,19350.0
1130,2020-01-09,19750.0,,,19500.0
1131,2020-01-09,19500.0,,,19400.0
1132,2020-01-09,19350.0,,,19500.0
1133,2020-01-09,19500.0,,,19450.0
1134,2020-01-10,20100.0,,,20000.0
1135,2020-01-10,19900.0,,,20000.0
1136,2020-01-10,19400.0,,,20100.0
1137,2020-01-10,20000.0,,,19900.0
1138,2020-01-13,20000.0,,,20300.0
1139,2020-01-13,20300.0,,,20250.0
1140,2020-01-13,20250.0,,,20700.0
1141,2020-01-13,20650.0,,,20750.0
1142,2020-01-14,20750.0,,,20700.0
1143,2020-01-14,20700.0,,,20650.0
1144,2020-01-14,20600.0,,,20500.0
1145,2020-01-14,20500.0,,,20450.0
1146,2020-01-15,21100.0,,,21150.0
1147,2020-01-15,20450.0,,,21000.0
1148,2020-01-15,21000.0,,,21000.0
1149,2020-01-15,21000.0,,,21050.0
1150,2020-01-16,21400.0,,,21200.0
1151,2020-01-16,21200.0,,,20700.0
1152,2020-01-16,20700.0,,,20700.0
1153,2020-01-16,20700.0,,,20750.0
1154,2020-01-17,20750.0,,,20700.0
1155,2020-01-17,20750.0,,,21100.0
1156,2020-01-17,21100.0,,,21150.0
1157,2020-01-17,21150.0,,,20750.0
1158,2020-01-20,20700.0,,,21200.0
1159,2020-01-20,21200.0,,,21400.0
1160,2020-01-20,21450.0,,,21100.0
1161,2020-01-20,21100.0,,,21100.0
1162,2020-01-21,21100.0,,,21100.0
1163,2020-01-21,21100.0,,,21200.0
1164,2020-01-21,21250.0,,,21250.0
1165,2020-01-21,21200.0,,,21150.0
1166,2020-01-22,22100.0,,,22100.0
1167,2020-01-22,21450.0,,,22000.0
1168,2020-01-22,22000.0,,,21950.0
1169,2020-01-22,21900.0,,,22100.0
1170,2020-01-23,22000.0,,,21900.0
1171,2020-01-23,21900.0,,,21850.0
1172,2020-01-23,21900.0,,,22050.0
1173,2020-01-23,22050.0,,,22150.0
1174,2020-01-28,21850.0,,,21850.0
1175,2020-01-28,21500.0,,,22050.0
1176,2020-01-28,22000.0,,,21950.0
1177,2020-01-28,21900.0,,,21850.0
1178,2020-01-29,22500.0,,,21650.0
1179,2020-01-29,21700.0,,,21650.0
1180,2020-01-29,21600.0,,,21650.0
1181,2020-01-29,21650.0,,,21700.0
1182,2020-01-30,21550.0,,,21550.0
1183,2020-01-30,21350.0,,,21900.0
1184,2020-01-30,21900.0,,,21750.0
1185,2020-01-30,21750.0,,,21700.0
1186,2020-01-31,21700.0,,,22350.0
1187,2020-01-31,22350.0,,,22400.0
1188,2020-01-31,22400.0,,,22300.0
1189,2020-01-31,22200.0,,,22150.0
1190,2020-02-03,22550.0,,,23050.0
1191,2020-02-03,23050.0,,,22850.0
1192,2020-02-03,22150.0,,,22350.0
1193,2020-02-03,22350.0,,,22550.0
1194,2020-02-04,23350.0,,,23700.0
1195,2020-02-04,23700.0,,,23800.0
1196,2020-02-04,23800.0,,,23800.0
1197,2020-02-04,23250.0,,,23400.0
1198,2020-02-05,23800.0,,,23250.0
1199,2020-02-05,23300.0,,,23550.0
1200,2020-02-05,23550.0,,,22950.0
1201,2020-02-05,23000.0,,,23200.0
1202,2020-02-06,23500.0,,,23400.0
1203,2020-02-06,23750.0,,,23750.0
1204,2020-02-06,23750.0,,,23450.0
1205,2020-02-06,23550.0,,,23750.0
1206,2020-02-07,23500.0,,,24300.0
1207,2020-02-07,24300.0,,,23950.0
1208,2020-02-07,24000.0,,,23850.0
1209,2020-02-07,23850.0,,,23800.0
1210,2020-02-10,23750.0,,,23450.0
1211,2020-02-10,23550.0,,,23150.0
1212,2020-02-10,24000.0,,,23550.0
1213,2020-02-10,23150.0,,,23700.0
1214,2020-02-11,23900.0,,,24500.0
1215,2020-02-11,24500.0,,,24450.0
1216,2020-02-11,24450.0,,,24350.0
1217,2020-02-11,24300.0,,,24350.0
1218,2020-02-12,24250.0,,,24150.0
1219,2020-02-12,24150.0,,,24200.0
1220,2020-02-12,24350.0,,,24300.0
1221,2020-02-12,24300.0,,,24250.0
1222,2020-02-13,24250.0,,,23650.0
1223,2020-02-13,23600.0,,,23600.0
1224,2020-02-13,23600.0,,,23750.0
1225,2020-02-13,23800.0,,,23850.0
1226,2020-02-14,23850.0,,,23500.0
1227,2020-02-14,23500.0,,,23250.0
1228,2020-02-14,23250.0,,,23500.0
1229,2020-02-14,23500.0,,,23400.0
1230,2020-02-17,23550.0,,,23200.0
1231,2020-02-17,23300.0,,,23400.0
1232,2020-02-17,23150.0,,,23250.0
1233,2020-02-17,23350.0,,,23500.0
1234,2020-02-18,23300.0,,,23450.0
1235,2020-02-18,23600.0,,,23350.0
1236,2020-02-18,23350.0,,,23300.0
1237,2020-02-18,23300.0,,,23250.0
1238,2020-02-19,23450.0,,,23750.0
1239,2020-02-19,24300.0,,,24150.0
1240,2020-02-19,23300.0,,,23450.0
1241,2020-02-19,23850.0,,,24300.0
1242,2020-02-20,24150.0,,,24050.0
1243,2020-02-20,24000.0,,,24100.0
1244,2020-02-20,24100.0,,,23950.0
1245,2020-02-20,23800.0,,,23900.0
1246,2020-02-21,23350.0,,,24250.0
1247,2020-02-21,24150.0,,,23750.0
1248,2020-02-21,23700.0,,,23750.0
1249,2020-02-21,24250.0,,,24100.0
1250,2020-02-24,23200.0,,,23950.0
1251,2020-02-24,23950.0,,,23700.0
1252,2020-02-24,23700.0,,,23900.0
1253,2020-02-24,23900.0,,,23600.0
1254,2020-02-25,24050.0,,,24000.0
1255,2020-02-25,23750.0,,,23450.0
1256,2020-02-25,23500.0,,,24050.0
1257,2020-02-25,23550.0,,,23400.0
1258,2020-02-26,24000.0,,,23300.0
1259,2020-02-26,23200.0,,,23500.0
1260,2020-02-26,23500.0,,,23200.0
1261,2020-02-26,23200.0,,,23050.0
1262,2020-02-27,22850.0,,,22850.0
1263,2020-02-27,22950.0,,,22650.0
1264,2020-02-27,22600.0,,,22200.0
1265,2020-02-27,22250.0,,,22200.0
1266,2020-02-28,21850.0,,,22150.0
1267,2020-02-28,22150.0,,,21600.0
1268,2020-02-28,21700.0,,,21550.0
1269,2020-02-28,21550.0,,,21550.0
1270,2020-03-02,24200.0,,,24000.0
1271,2020-03-02,23800.0,,,24200.0
1272,2020-03-02,21650.0,,,23200.0
1273,2020-03-02,23150.0,,,23750.0
1274,2020-03-03,24450.0,,,23450.0
1275,2020-03-03,23450.0,,,23850.0
1276,2020-03-03,23850.0,,,23950.0
1277,2020-03-03,23900.0,,,23950.0
1278,2020-03-04,23900.0,,,23950.0
1279,2020-03-04,23950.0,,,23900.0
1280,2020-03-04,23900.0,,,23900.0
1281,2020-03-04,23950.0,,,24200.0
1282,2020-03-05,24850.0,,,25150.0
1283,2020-03-05,24500.0,,,25050.0
1284,2020-03-05,25050.0,,,25050.0
1285,2020-03-05,25050.0,,,24900.0
1286,2020-03-06,24700.0,,,25000.0
1287,2020-03-06,25000.0,,,25100.0
1288,2020-03-06,25100.0,,,24900.0
1289,2020-03-06,24900.0,,,24950.0
1290,2020-03-09,24500.0,,,24450.0
1291,2020-03-09,24850.0,,,24600.0
1292,2020-03-09,24550.0,,,24550.0
1293,2020-03-09,24550.0,,,24500.0
1294,2020-03-10,24100.0,,,24350.0
1295,2020-03-10,24300.0,,,24800.0
1296,2020-03-10,24800.0,,,24300.0
1297,2020-03-10,24300.0,,,24550.0
1298,2020-03-11,24400.0,,,23900.0
1299,2020-03-11,23900.0,,,23950.0
1300,2020-03-11,23950.0,,,23900.0
1301,2020-03-11,23950.0,,,24100.0
1302,2020-03-12,23900.0,,,22300.0
1303,2020-03-12,22300.0,,,22300.0
1304,2020-03-12,22300.0,,,23000.0
1305,2020-03-12,23050.0,,,23450.0
1306,2020-03-13,22350.0,,,21650.0
1307,2020-03-13,20850.0,,,22350.0
1308,2020-03-13,22300.0,,,20600.0
1309,2020-03-13,20650.0,,,20850.0
1310,2020-03-16,22950.0,,,22600.0
1311,2020-03-16,22550.0,,,22400.0
1312,2020-03-16,22400.0,,,21750.0
1313,2020-03-16,22050.0,,,22950.0
1314,2020-03-17,20900.0,,,22200.0
1315,2020-03-17,22200.0,,,22600.0
1316,2020-03-17,22550.0,,,22600.0
1317,2020-03-17,22800.0,,,23000.0
1318,2020-03-18,22100.0,,,21900.0
1319,2020-03-18,23350.0,,,22900.0
1320,2020-03-18,22900.0,,,22050.0
1321,2020-03-18,23000.0,,,23350.0
1322,2020-03-19,22400.0,,,20200.0
1323,2020-03-19,20200.0,,,19650.0
1324,2020-03-19,19600.0,,,20300.0
1325,2020-03-19,20350.0,,,20350.0
1326,2020-03-20,21100.0,,,21000.0
1327,2020-03-20,20350.0,,,21100.0
1328,2020-03-20,21100.0,,,20100.0
1329,2020-03-20,20100.0,,,20350.0
1330,2020-03-23,19600.0,,,19550.0
1331,2020-03-23,19550.0,,,18950.0
1332,2020-03-23,19000.0,,,18500.0
1333,2020-03-23,18500.0,,,18550.0
1334,2020-03-24,19100.0,,,19100.0
1335,2020-03-24,19100.0,,,18750.0
1336,2020-03-24,18750.0,,,19550.0
1337,2020-03-24,19550.0,,,19700.0
1338,2020-03-25,19750.0,,,19700.0
1339,2020-03-25,20100.0,,,20200.0
1340,2020-03-25,20200.0,,,19900.0
1341,2020-03-25,19850.0,,,19750.0
1342,2020-03-26,19700.0,,,19450.0
1343,2020-03-26,19450.0,,,19350.0
1344,2020-03-26,19400.0,,,19450.0
1345,2020-03-26,19450.0,,,19200.0
1346,2020-03-27,20300.0,,,20650.0
1347,2020-03-27,19800.0,,,20250.0
1348,2020-03-27,20250.0,,,21000.0
1349,2020-03-27,21000.0,,,20350.0
1350,2020-03-30,20300.0,,,21000.0
1351,2020-03-30,21050.0,,,21850.0
1352,2020-03-30,21850.0,,,22350.0
1353,2020-03-30,22350.0,,,22250.0
1354,2020-03-31,22800.0,,,22400.0
1355,2020-03-31,22350.0,,,21750.0
1356,2020-03-31,21800.0,,,21900.0
1357,2020-03-31,21800.0,,,22100.0
1358,2020-04-01,21950.0,,,21650.0
1359,2020-04-01,22150.0,,,22400.0
1360,2020-04-01,22400.0,,,22600.0
1361,2020-04-01,22600.0,,,22000.0
1362,2020-04-02,21700.0,,,21900.0
1363,2020-04-02,21950.0,,,22300.0
1364,2020-04-02,22300.0,,,22200.0
1365,2020-04-02,22200.0,,,22200.0
1366,2020-04-03,22400.0,,,22300.0
1367,2020-04-03,22800.0,,,22900.0
1368,2020-04-03,22900.0,,,22350.0
1369,2020-04-03,22350.0,,,22400.0
1370,2020-04-06,22300.0,,,23150.0
1371,2020-04-06,23150.0,,,23600.0
1372,2020-04-06,23550.0,,,23800.0
1373,2020-04-06,23800.0,,,23900.0
1374,2020-04-07,24100.0,,,23450.0
1375,2020-04-07,23500.0,,,23200.0
1376,2020-04-07,23350.0,,,23600.0
1377,2020-04-07,23650.0,,,23600.0
1378,2020-04-08,23600.0,,,23150.0
1379,2020-04-08,23100.0,,,23000.0
1380,2020-04-08,23000.0,,,23000.0
1381,2020-04-08,22950.0,,,22850.0
1382,2020-04-09,22500.0,,,22450.0
1383,2020-04-09,22450.0,,,22500.0
1384,2020-04-09,22400.0,,,22500.0
1385,2020-04-09,22850.0,,,22450.0
1386,2020-04-10,23900.0,,,23450.0
1387,2020-04-10,22700.0,,,22800.0
1388,2020-04-10,22800.0,,,22900.0
1389,2020-04-10,22900.0,,,23900.0
1390,2020-04-13,24000.0,,,24900.0
1391,2020-04-13,25000.0,,,24800.0
1392,2020-04-13,24750.0,,,24650.0
1393,2020-04-13,24650.0,,,24150.0
1394,2020-04-14,24600.0,,,24950.0
1395,2020-04-14,24950.0,,,24900.0
1396,2020-04-14,24900.0,,,25350.0
1397,2020-04-14,25350.0,,,25150.0
1398,2020-04-16,25100.0,,,25500.0
1399,2020-04-16,25500.0,,,25150.0
1400,2020-04-16,25100.0,,,25050.0
1401,2020-04-16,25050.0,,,25200.0
1402,2020-04-17,24450.0,,,24650.0
1403,2020-04-17,24250.0,,,24450.0
1404,2020-04-17,24700.0,,,24250.0
1405,2020-04-17,25200.0,,,24700.0
1406,2020-04-20,24850.0,,,24900.0
1407,2020-04-20,24800.0,,,24700.0
1408,2020-04-20,24700.0,,,24900.0
1409,2020-04-20,24900.0,,,24850.0
1410,2020-04-21,24650.0,,,24550.0
1411,2020-04-21,24750.0,,,24950.0
1412,2020-04-21,24950.0,,,24700.0
1413,2020-04-21,24800.0,,,24750.0
1414,2020-04-22,25450.0,,,25850.0
1415,2020-04-22,25850.0,,,25350.0
1416,2020-04-22,25400.0,,,25600.0
1417,2020-04-22,24300.0,,,25450.0
1418,2020-04-23,25800.0,,,25250.0
1419,2020-04-23,25250.0,,,25700.0
1420,2020-04-23,25700.0,,,25350.0
1421,2020-04-23,25400.0,,,25600.0
1422,2020-04-24,26700.0,,,26550.0
1423,2020-04-24,26550.0,,,26650.0
1424,2020-04-24,25500.0,,,26150.0
1425,2020-04-24,26150.0,,,26600.0
1426,2020-04-27,26900.0,,,26650.0
1427,2020-04-27,26650.0,,,26550.0
1428,2020-04-27,26550.0,,,26550.0
1429,2020-04-27,27350.0,,,26900.0
1430,2020-04-28,26600.0,,,26250.0
1431,2020-04-28,26250.0,,,26400.0
1432,2020-04-28,26400.0,,,26200.0
1433,2020-04-28,26200.0,,,26450.0
1434,2020-04-29,26500.0,,,26400.0
1435,2020-04-29,27000.0,,,26750.0
1436,2020-04-29,26750.0,,,26500.0
1437,2020-04-29,26500.0,,,27000.0
1438,2020-05-04,25900.0,,,26750.0
1439,2020-05-04,26750.0,,,27850.0
1440,2020-05-04,27800.0,,,27350.0
1441,2020-05-04,27300.0,,,27600.0
1442,2020-05-06,28650.0,,,28800.0
1443,2020-05-06,29350.0,,,28650.0
1444,2020-05-06,27900.0,,,29050.0
1445,2020-05-06,29050.0,,,29400.0
1446,2020-05-07,28900.0,,,29300.0
1447,2020-05-07,29300.0,,,29300.0
1448,2020-05-07,29400.0,,,28950.0
1449,2020-05-07,29000.0,,,28950.0
1450,2020-05-08,28950.0,,,28700.0
1451,2020-05-08,28650.0,,,28500.0
1452,2020-05-08,28500.0,,,28850.0
1453,2020-05-08,28900.0,,,28900.0
1454,2020-05-11,28850.0,,,29100.0
1455,2020-05-11,29050.0,,,29250.0
1456,2020-05-11,29300.0,,,29050.0
1457,2020-05-11,29050.0,,,28850.0
1458,2020-05-12,29350.0,,,29200.0
1459,2020-05-12,29200.0,,,29250.0
1460,2020-05-12,29200.0,,,29700.0
1461,2020-05-12,29700.0,,,29600.0
1462,2020-05-13,31700.0,,,31950.0
1463,2020-05-13,29550.0,,,30900.0
1464,2020-05-13,30900.0,,,31800.0
1465,2020-05-13,31850.0,,,31700.0
1466,2020-05-14,32400.0,,,32800.0
1467,2020-05-14,32850.0,,,33650.0
1468,2020-05-14,33650.0,,,33500.0
1469,2020-05-14,32050.0,,,32450.0
1470,2020-05-15,33600.0,,,33250.0
1471,2020-05-15,33200.0,,,33450.0
1472,2020-05-15,33500.0,,,33500.0
1473,2020-05-15,33500.0,,,33600.0
1474,2020-05-18,32850.0,,,32750.0
1475,2020-05-18,32950.0,,,32600.0
1476,2020-05-18,32600.0,,,32850.0
1477,2020-05-18,34000.0,,,32900.0
1478,2020-05-19,33600.0,,,31250.0
1479,2020-05-19,31300.0,,,31850.0
1480,2020-05-19,31900.0,,,31750.0
1481,2020-05-19,31700.0,,,32200.0
1482,2020-05-20,31750.0,,,31850.0
1483,2020-05-20,32300.0,,,31700.0
1484,2020-05-20,31950.0,,,31950.0
1485,2020-05-20,31950.0,,,32250.0
1486,2020-05-21,32100.0,,,32000.0
1487,2020-05-21,31950.0,,,31900.0
1488,2020-05-21,31950.0,,,32100.0
1489,2020-05-21,32100.0,,,32300.0
1490,2020-05-22,31900.0,,,31750.0
1491,2020-05-22,31750.0,,,31950.0
1492,2020-05-22,31950.0,,,32250.0
1493,2020-05-22,32250.0,,,32200.0
1494,2020-05-25,33550.0,,,33700.0
1495,2020-05-25,33100.0,,,33500.0
1496,2020-05-25,33450.0,,,33500.0
1497,2020-05-25,33500.0,,,33500.0
1498,2020-05-26,33900.0,,,33850.0
1499,2020-05-26,33800.0,,,33850.0
1500,2020-05-26,33800.0,,,33450.0
1501,2020-05-26,33400.0,,,33400.0
1502,2020-05-27,32500.0,,,32400.0
1503,2020-05-27,33100.0,,,32150.0
1504,2020-05-27,32150.0,,,32550.0
1505,2020-05-27,32550.0,,,32450.0
1506,2020-05-28,32400.0,,,31950.0
1507,2020-05-28,31950.0,,,31250.0
1508,2020-05-28,31250.0,,,30500.0
1509,2020-05-28,30500.0,,,31450.0
1510,2020-05-29,31350.0,,,31650.0
1511,2020-05-29,31700.0,,,32450.0
1512,2020-05-29,32450.0,,,32100.0
1513,2020-05-29,32200.0,,,32150.0
1514,2020-06-01,32700.0,,,32500.0
1515,2020-06-01,33000.0,,,32550.0
1516,2020-06-01,32600.0,,,32650.0
1517,2020-06-01,32600.0,,,32750.0
1518,2020-06-02,33150.0,,,32100.0
1519,2020-06-02,32100.0,,,31950.0
1520,2020-06-02,32000.0,,,32500.0
1521,2020-06-02,32550.0,,,32500.0
1522,2020-06-03,31500.0,,,31900.0
1523,2020-06-03,32700.0,,,31400.0
1524,2020-06-03,31350.0,,,31700.0
1525,2020-06-03,31700.0,,,31500.0
1526,2020-06-04,32000.0,,,31200.0
1527,2020-06-04,31200.0,,,31000.0
1528,2020-06-04,31000.0,,,31500.0
1529,2020-06-04,31500.0,,,31400.0
1530,2020-06-05,31400.0,,,31150.0
1531,2020-06-05,31150.0,,,31200.0
1532,2020-06-05,31250.0,,,31450.0
1533,2020-06-05,31400.0,,,31550.0
1534,2020-06-08,32000.0,,,30800.0
1535,2020-06-08,30800.0,,,30700.0
1536,2020-06-08,30700.0,,,30650.0
1537,2020-06-08,30650.0,,,30750.0
1538,2020-06-09,30750.0,,,30950.0
1539,2020-06-09,30500.0,,,30550.0
1540,2020-06-09,30850.0,,,30500.0
1541,2020-06-09,30500.0,,,30700.0
1542,2020-06-10,30800.0,,,30550.0
1543,2020-06-10,30600.0,,,30550.0
1544,2020-06-10,30550.0,,,30550.0
1545,2020-06-10,31050.0,,,30800.0
1546,2020-06-11,30550.0,,,30550.0
1547,2020-06-11,30600.0,,,30700.0
1548,2020-06-11,30700.0,,,30550.0
1549,2020-06-11,30500.0,,,30650.0
1550,2020-06-12,29200.0,,,30350.0
1551,2020-06-12,30300.0,,,30300.0
1552,2020-06-12,30300.0,,,30950.0
1553,2020-06-12,31000.0,,,31250.0
1554,2020-06-15,31750.0,,,32300.0
1555,2020-06-15,32250.0,,,32450.0
1556,2020-06-15,32450.0,,,31200.0
1557,2020-06-15,31200.0,,,30400.0
1558,2020-06-16,31600.0,,,31900.0
1559,2020-06-16,30850.0,,,31600.0
1560,2020-06-16,31200.0,,,30850.0
1561,2020-06-16,30850.0,,,31000.0
1562,2020-06-17,31900.0,,,31050.0
1563,2020-06-17,31050.0,,,31000.0
1564,2020-06-17,31050.0,,,31200.0
1565,2020-06-17,31200.0,,,31100.0
1566,2020-06-18,30450.0,,,30450.0
1567,2020-06-18,30500.0,,,30300.0
1568,2020-06-18,31100.0,,,30500.0
1569,2020-06-18,30500.0,,,30450.0
1570,2020-06-19,30550.0,,,29450.0
1571,2020-06-19,29450.0,,,29950.0
1572,2020-06-19,29950.0,,,29650.0
1573,2020-06-19,29650.0,,,29700.0
1574,2020-06-22,30900.0,,,31600.0
1575,2020-06-22,31600.0,,,31750.0
1576,2020-06-22,31750.0,,,32150.0
1577,2020-06-22,32150.0,,,32400.0
1578,2020-06-23,32350.0,,,32300.0
1579,2020-06-23,32250.0,,,32350.0
1580,2020-06-23,32150.0,,,31850.0
1581,2020-06-23,31950.0,,,32250.0
1582,2020-06-24,32550.0,,,32700.0
1583,2020-06-24,32800.0,,,32900.0
1584,2020-06-24,32900.0,,,32600.0
1585,2020-06-24,33300.0,,,32550.0
1586,2020-06-25,32300.0,,,33550.0
1587,2020-06-25,33550.0,,,34300.0
1588,2020-06-25,34300.0,,,35100.0
1589,2020-06-25,35150.0,,,35150.0
1590,2020-06-26,35450.0,,,35600.0
1591,2020-06-26,35400.0,,,35700.0
1592,2020-06-26,35650.0,,,35450.0
1593,2020-06-26,36000.0,,,35400.0
1594,2020-06-29,35200.0,,,35400.0
1595,2020-06-29,35400.0,,,36200.0
1596,2020-06-29,36200.0,,,35900.0
1597,2020-06-29,35950.0,,,35800.0
1598,2020-06-30,34950.0,,,34650.0
1599,2020-06-30,34700.0,,,34950.0
1600,2020-06-30,35650.0,,,34100.0
1601,2020-06-30,34100.0,,,34700.0
1602,2020-07-01,35100.0,,,34900.0
1603,2020-07-01,34900.0,,,34900.0
1604,2020-07-01,34950.0,,,33900.0
1605,2020-07-01,33900.0,,,33850.0
1606,2020-07-02,34100.0,,,34100.0
1607,2020-07-02,34100.0,,,34150.0
1608,2020-07-02,34200.0,,,34200.0
1609,2020-07-02,34250.0,,,34100.0
1610,2020-07-03,36300.0,,,36400.0
1611,2020-07-03,34500.0,,,35000.0
1612,2020-07-03,35000.0,,,35400.0
1613,2020-07-03,35400.0,,,36300.0
1614,2020-07-06,36850.0,,,35900.0
1615,2020-07-06,35900.0,,,36250.0
1616,2020-07-06,36200.0,,,36300.0
1617,2020-07-06,36400.0,,,36600.0
1618,2020-07-07,38050.0,,,37500.0
1619,2020-07-07,37050.0,,,37400.0
1620,2020-07-07,37400.0,,,38150.0
1621,2020-07-07,38200.0,,,38050.0
1622,2020-07-08,38050.0,,,38650.0
1623,2020-07-08,38650.0,,,38900.0
1624,2020-07-08,38950.0,,,39100.0
1625,2020-07-08,37700.0,,,38100.0
1626,2020-07-09,39200.0,,,38450.0
1627,2020-07-09,38500.0,,,39000.0
1628,2020-07-09,39050.0,,,38900.0
1629,2020-07-09,38950.0,,,38800.0
1630,2020-07-10,40350.0,,,40000.0
1631,2020-07-10,39800.0,,,39500.0
1632,2020-07-10,39500.0,,,40350.0
1633,2020-07-10,39400.0,,,39850.0
1634,2020-07-13,40350.0,,,39850.0
1635,2020-07-13,39850.0,,,40800.0
1636,2020-07-13,40850.0,,,41000.0
1637,2020-07-13,41050.0,,,40900.0
1638,2020-07-14,39450.0,,,39450.0
1639,2020-07-14,40200.0,,,39500.0
1640,2020-07-14,40800.0,,,40250.0
1641,2020-07-14,40250.0,,,40200.0
1642,2020-07-15,39300.0,,,39650.0
1643,2020-07-15,39700.0,,,39350.0
1644,2020-07-15,39300.0,,,39450.0
1645,2020-07-15,39450.0,,,39500.0
1646,2020-07-16,40100.0,,,38700.0
1647,2020-07-16,38700.0,,,38300.0
1648,2020-07-16,38300.0,,,38050.0
1649,2020-07-16,38050.0,,,38400.0
1650,2020-07-17,38050.0,,,38250.0
1651,2020-07-17,38800.0,,,38000.0
1652,2020-07-17,38000.0,,,38250.0
1653,2020-07-17,38250.0,,,38050.0
1654,2020-07-20,38800.0,,,37950.0
1655,2020-07-20,37900.0,,,37950.0
1656,2020-07-20,37950.0,,,37850.0
1657,2020-07-20,37850.0,,,37900.0
1658,2020-07-21,38600.0,,,38850.0
1659,2020-07-21,37900.0,,,39100.0
1660,2020-07-21,39100.0,,,38450.0
1661,2020-07-21,38450.0,,,38600.0
1662,2020-07-22,38800.0,,,38050.0
1663,2020-07-22,38050.0,,,38100.0
1664,2020-07-22,38100.0,,,38300.0
1665,2020-07-22,38300.0,,,38450.0
1666,2020-07-23,39200.0,,,39000.0
1667,2020-07-23,38950.0,,,39150.0
1668,2020-07-23,39050.0,,,40900.0
1669,2020-07-23,40850.0,,,40550.0
1670,2020-07-24,39550.0,,,39300.0
1671,2020-07-24,39700.0,,,39750.0
1672,2020-07-24,39800.0,,,39100.0
1673,2020-07-24,39100.0,,,39550.0
1674,2020-07-27,39600.0,,,41150.0
1675,2020-07-27,41150.0,,,41500.0
1676,2020-07-27,41450.0,,,41750.0
1677,2020-07-27,41750.0,,,41800.0
1678,2020-07-28,41700.0,,,41750.0
1679,2020-07-28,41900.0,,,41500.0
1680,2020-07-28,41500.0,,,41800.0
1681,2020-07-28,41700.0,,,41700.0
1682,2020-07-29,41850.0,,,40600.0
1683,2020-07-29,40600.0,,,40900.0
1684,2020-07-29,40900.0,,,40550.0
1685,2020-07-29,40550.0,,,40600.0
1686,2020-07-30,40850.0,,,39550.0
1687,2020-07-30,39550.0,,,40050.0
1688,2020-07-30,40050.0,,,39850.0
1689,2020-07-30,39900.0,,,39900.0
1690,2020-07-31,39750.0,,,40300.0
1691,2020-07-31,40250.0,,,40600.0
1692,2020-07-31,40600.0,,,40550.0
1693,2020-07-31,40400.0,,,40050.0
1694,2020-08-03,42400.0,,,42200.0
1695,2020-08-03,41300.0,,,41250.0
1696,2020-08-03,41250.0,,,41750.0
1697,2020-08-03,41800.0,,,42400.0
1698,2020-08-04,41900.0,,,41450.0
1699,2020-08-04,41300.0,,,40850.0
1700,2020-08-04,42600.0,,,41950.0
1701,2020-08-04,41450.0,,,41300.0
1702,2020-08-05,41000.0,,,41900.0
1703,2020-08-05,42000.0,,,41950.0
1704,2020-08-05,41900.0,,,41050.0
1705,2020-08-05,41050.0,,,41200.0
1706,2020-08-06,42000.0,,,40700.0
1707,2020-08-06,40700.0,,,40550.0
1708,2020-08-06,40550.0,,,41250.0
1709,2020-08-06,41250.0,,,41150.0
1710,2020-08-07,41750.0,,,42850.0
1711,2020-08-07,42850.0,,,42850.0
1712,2020-08-07,42850.0,,,43050.0
1713,2020-08-07,43100.0,,,43150.0
1714,2020-08-10,44700.0,,,43500.0
1715,2020-08-10,43400.0,,,43900.0
1716,2020-08-10,44000.0,,,44650.0
1717,2020-08-10,44600.0,,,44750.0
1718,2020-08-11,43700.0,,,42650.0
1719,2020-08-11,42700.0,,,42800.0
1720,2020-08-11,42800.0,,,43050.0
1721,2020-08-11,42950.0,,,42950.0
1722,2020-08-12,44000.0,,,43500.0
1723,2020-08-12,43500.0,,,43050.0
1724,2020-08-12,43050.0,,,42700.0
1725,2020-08-12,42750.0,,,42900.0
1726,2020-08-13,42300.0,,,42050.0
1727,2020-08-13,43700.0,,,43000.0
1728,2020-08-13,43000.0,,,42950.0
1729,2020-08-13,42950.0,,,42300.0
1730,2020-08-14,42750.0,,,41150.0
1731,2020-08-14,41200.0,,,41500.0
1732,2020-08-14,41500.0,,,41200.0
1733,2020-08-14,41150.0,,,41600.0
1734,2020-08-18,40850.0,,,40900.0
1735,2020-08-18,40700.0,,,41300.0
1736,2020-08-18,41600.0,,,40700.0
1737,2020-08-18,41300.0,,,40850.0
1738,2020-08-19,40500.0,,,40800.0
1739,2020-08-19,40750.0,,,41200.0
1740,2020-08-19,41150.0,,,40950.0
1741,2020-08-19,41000.0,,,41150.0
1742,2020-08-20,41150.0,,,40050.0
1743,2020-08-20,40150.0,,,40200.0
1744,2020-08-20,40200.0,,,40050.0
1745,2020-08-20,40000.0,,,40150.0
1746,2020-08-21,40600.0,,,40600.0
1747,2020-08-21,40700.0,,,40800.0
1748,2020-08-21,40800.0,,,41150.0
1749,2020-08-21,41100.0,,,40650.0
1750,2020-08-24,40650.0,,,41600.0
1751,2020-08-24,41650.0,,,41900.0
1752,2020-08-24,41850.0,,,41850.0
1753,2020-08-24,41800.0,,,41800.0
1754,2020-08-25,42300.0,,,42300.0
1755,2020-08-25,42300.0,,,41950.0
1756,2020-08-25,41950.0,,,41900.0
1757,2020-08-25,41900.0,,,42300.0
1758,2020-08-26,42400.0,,,41250.0
1759,2020-08-26,41250.0,,,41550.0
1760,2020-08-26,41550.0,,,41600.0
1761,2020-08-26,41650.0,,,41700.0
1762,2020-08-27,41600.0,,,42600.0
1763,2020-08-27,42600.0,,,43050.0
1764,2020-08-27,43050.0,,,43250.0
1765,2020-08-27,43250.0,,,43150.0
1766,2020-08-28,44000.0,,,43400.0
1767,2020-08-28,43450.0,,,43650.0
1768,2020-08-28,43650.0,,,43650.0
1769,2020-08-28,43650.0,,,43350.0
1770,2020-08-31,43050.0,,,42900.0
1771,2020-08-31,42500.0,,,43050.0
1772,2020-08-31,43600.0,,,42650.0
1773,2020-08-31,42650.0,,,42550.0
1774,2020-09-01,44100.0,,,44500.0
1775,2020-09-01,44500.0,,,44850.0
1776,2020-09-01,44900.0,,,44750.0
1777,2020-09-01,43400.0,,,44100.0
1778,2020-09-02,44500.0,,,43300.0
1779,2020-09-02,43300.0,,,43800.0
1780,2020-09-02,43800.0,,,44300.0
1781,2020-09-02,44250.0,,,43750.0
1782,2020-09-03,43750.0,,,43750.0
1783,2020-09-03,43850.0,,,43750.0
1784,2020-09-03,43800.0,,,43800.0
1785,2020-09-03,44200.0,,,43850.0
1786,2020-09-04,42000.0,,,42900.0
1787,2020-09-04,42900.0,,,42750.0
1788,2020-09-04,42750.0,,,42800.0
1789,2020-09-04,42750.0,,,42850.0
1790,2020-09-07,44150.0,,,44400.0
1791,2020-09-07,44350.0,,,44150.0
1792,2020-09-07,43250.0,,,43650.0
1793,2020-09-07,43700.0,,,44350.0
1794,2020-09-08,45000.0,,,43800.0
1795,2020-09-08,43800.0,,,43750.0
1796,2020-09-08,43750.0,,,43450.0
1797,2020-09-08,43450.0,,,43550.0
1798,2020-09-09,42750.0,,,43000.0
1799,2020-09-09,43000.0,,,42850.0
1800,2020-09-09,42850.0,,,42400.0
1801,2020-09-09,42400.0,,,42300.0
1802,2020-09-10,42000.0,,,42100.0
1803,2020-09-10,42750.0,,,42450.0
1804,2020-09-10,42400.0,,,42100.0
1805,2020-09-10,42100.0,,,42000.0
1806,2020-09-11,41800.0,,,41000.0
1807,2020-09-11,41000.0,,,41100.0
1808,2020-09-11,41100.0,,,41800.0
1809,2020-09-11,41800.0,,,41900.0
1810,2020-09-14,41950.0,,,41900.0
1811,2020-09-14,42000.0,,,41250.0
1812,2020-09-14,41150.0,,,41900.0
1813,2020-09-14,41900.0,,,41950.0
1814,2020-09-15,42800.0,,,43450.0
1815,2020-09-15,43450.0,,,43750.0
1816,2020-09-15,43700.0,,,44600.0
1817,2020-09-15,44650.0,,,44200.0
1818,2020-09-16,44350.0,,,43550.0
1819,2020-09-16,43550.0,,,43400.0
1820,2020-09-16,43400.0,,,43050.0
1821,2020-09-16,43050.0,,,43000.0
1822,2020-09-17,42050.0,,,42050.0
1823,2020-09-17,44200.0,,,43300.0
1824,2020-09-17,43300.0,,,42650.0
1825,2020-09-17,42650.0,,,42050.0
1826,2020-09-18,42000.0,,,42300.0
1827,2020-09-18,42250.0,,,42550.0
1828,2020-09-18,42600.0,,,42500.0
1829,2020-09-18,42500.0,,,42500.0
1830,2020-09-21,41450.0,,,41300.0
1831,2020-09-21,43000.0,,,41600.0
1832,2020-09-21,41550.0,,,41400.0
1833,2020-09-21,41350.0,,,41400.0
1834,2020-09-22,40800.0,,,40350.0
1835,2020-09-22,40350.0,,,40250.0
1836,2020-09-22,40300.0,,,40550.0
1837,2020-09-22,40500.0,,,40200.0
1838,2020-09-23,40750.0,,,40100.0
1839,2020-09-23,40150.0,,,40650.0
1840,2020-09-23,40650.0,,,40550.0
1841,2020-09-23,40500.0,,,40650.0
1842,2020-09-24,39650.0,,,40300.0
1843,2020-09-24,40250.0,,,39950.0
1844,2020-09-24,40000.0,,,39850.0
1845,2020-09-24,39800.0,,,39600.0
1846,2020-09-25,38950.0,,,39150.0
1847,2020-09-25,41000.0,,,39900.0
1848,2020-09-25,39750.0,,,39750.0
1849,2020-09-25,39750.0,,,38950.0
1850,2020-09-28,39450.0,,,39600.0
1851,2020-09-28,40600.0,,,40550.0
1852,2020-09-28,39200.0,,,39450.0
1853,2020-09-28,39550.0,,,40550.0
1854,2020-09-29,41200.0,,,40550.0
1855,2020-09-29,40550.0,,,40850.0
1856,2020-09-29,40850.0,,,40600.0
1857,2020-09-29,40550.0,,,40550.0
1858,2020-10-05,40600.0,,,40650.0
1859,2020-10-05,40650.0,,,40700.0
1860,2020-10-05,40650.0,,,40650.0
1861,2020-10-05,40650.0,,,40650.0
1862,2020-10-06,41000.0,,,40450.0
1863,2020-10-06,40450.0,,,40450.0
1864,2020-10-06,40450.0,,,40300.0
1865,2020-10-06,40350.0,,,40400.0
1866,2020-10-07,40350.0,,,40400.0
1867,2020-10-07,40350.0,,,40450.0
1868,2020-10-07,40500.0,,,40700.0
1869,2020-10-07,40700.0,,,40400.0
1870,2020-10-08,40450.0,,,40200.0
1871,2020-10-08,40200.0,,,40300.0
1872,2020-10-08,40300.0,,,39900.0
1873,2020-10-08,39850.0,,,39900.0
1874,2020-10-12,39900.0,,,39100.0
1875,2020-10-12,39100.0,,,39050.0
1876,2020-10-12,39000.0,,,39900.0
1877,2020-10-12,39900.0,,,39700.0
1878,2020-10-13,39050.0,,,39100.0
1879,2020-10-13,39700.0,,,39300.0
1880,2020-10-13,39300.0,,,39350.0
1881,2020-10-13,39300.0,,,39050.0
1882,2020-10-14,39050.0,,,39250.0
1883,2020-10-14,39200.0,,,39150.0
1884,2020-10-14,39150.0,,,39100.0
1885,2020-10-14,39100.0,,,39150.0
1886,2020-10-15,38150.0,,,38050.0
1887,2020-10-15,38500.0,,,38250.0
1888,2020-10-15,39050.0,,,38550.0
1889,2020-10-15,38250.0,,,38150.0
1890,2020-10-16,38300.0,,,37200.0
1891,2020-10-16,37200.0,,,38050.0
1892,2020-10-16,38050.0,,,38050.0
1893,2020-10-16,38050.0,,,38200.0
1894,2020-10-19,38250.0,,,38200.0
1895,2020-10-19,38250.0,,,38200.0
1896,2020-10-19,38250.0,,,38200.0
1897,2020-10-19,38200.0,,,38200.0
1898,2020-10-20,38300.0,,,38300.0
1899,2020-10-20,37800.0,,,37200.0
1900,2020-10-20,37250.0,,,37750.0
1901,2020-10-20,37750.0,,,38300.0
1902,2020-10-21,38300.0,,,37850.0
1903,2020-10-21,37850.0,,,38300.0
1904,2020-10-21,38300.0,,,38400.0
1905,2020-10-21,38450.0,,,38300.0
1906,2020-10-22,38450.0,,,38550.0
1907,2020-10-22,39250.0,,,39200.0
1908,2020-10-22,39250.0,,,38950.0
1909,2020-10-22,39050.0,,,38450.0
1910,2020-10-23,39000.0,,,38450.0
1911,2020-10-23,38450.0,,,38700.0
1912,2020-10-23,38700.0,,,38650.0
1913,2020-10-23,38650.0,,,38700.0
1914,2020-10-26,38700.0,,,37100.0
1915,2020-10-26,37150.0,,,37100.0
1916,2020-10-26,37100.0,,,37500.0
1917,2020-10-26,37500.0,,,37450.0
1918,2020-10-27,37400.0,,,37050.0
1919,2020-10-27,37100.0,,,36950.0
1920,2020-10-27,36950.0,,,37000.0
1921,2020-10-27,37000.0,,,37000.0
1922,2020-10-28,37100.0,,,37300.0
1923,2020-10-28,37350.0,,,37700.0
1924,2020-10-28,36700.0,,,37200.0
1925,2020-10-28,37200.0,,,37100.0
1926,2020-10-29,36800.0,,,36900.0
1927,2020-10-29,36900.0,,,37900.0
1928,2020-10-29,37900.0,,,37550.0
1929,2020-10-29,37350.0,,,36800.0
1930,2020-10-30,37950.0,,,37350.0
1931,2020-10-30,37250.0,,,36750.0
1932,2020-10-30,36700.0,,,36250.0
1933,2020-10-30,36250.0,,,36500.0
1934,2020-11-02,36100.0,,,36350.0
1935,2020-11-02,36100.0,,,36000.0
1936,2020-11-02,35950.0,,,36200.0
1937,2020-11-02,36500.0,,,36050.0
1938,2020-11-03,36400.0,,,37050.0
1939,2020-11-03,37050.0,,,36950.0
1940,2020-11-03,36950.0,,,37400.0
1941,2020-11-03,37400.0,,,37700.0
1942,2020-11-04,37100.0,,,37200.0
1943,2020-11-04,37100.0,,,37050.0
1944,2020-11-04,37950.0,,,37200.0
1945,2020-11-04,37150.0,,,37100.0
1946,2020-11-05,37300.0,,,37400.0
1947,2020-11-05,37400.0,,,37500.0
1948,2020-11-05,37500.0,,,37350.0
1949,2020-11-05,37400.0,,,37400.0
1950,2020-11-06,37900.0,,,37350.0
1951,2020-11-06,37500.0,,,37050.0
1952,2020-11-06,37050.0,,,36750.0
1953,2020-11-06,36700.0,,,36950.0
1954,2020-11-09,38050.0,,,38350.0
1955,2020-11-09,37100.0,,,38500.0
1956,2020-11-09,38400.0,,,38050.0
1957,2020-11-09,38100.0,,,38150.0
1958,2020-11-10,37450.0,,,37350.0
1959,2020-11-10,37350.0,,,36850.0
1960,2020-11-10,36850.0,,,36600.0
1961,2020-11-10,36600.0,,,36600.0
1962,2020-11-11,37100.0,,,37150.0
1963,2020-11-11,36700.0,,,36950.0
1964,2020-11-11,36950.0,,,37100.0
1965,2020-11-11,37050.0,,,37100.0
1966,2020-11-12,37450.0,,,38250.0
1967,2020-11-12,38250.0,,,38250.0
1968,2020-11-12,38250.0,,,38400.0
1969,2020-11-12,38400.0,,,38300.0
1970,2020-11-13,38500.0,,,37800.0
1971,2020-11-13,37800.0,,,37800.0
1972,2020-11-13,37800.0,,,37700.0
1973,2020-11-13,37700.0,,,37700.0
1974,2020-11-16,38100.0,,,38000.0
1975,2020-11-16,37900.0,,,37650.0
1976,2020-11-16,37600.0,,,37450.0
1977,2020-11-16,37450.0,,,38050.0
1978,2020-11-17,38000.0,,,36900.0
1979,2020-11-17,36900.0,,,37450.0
1980,2020-11-17,37400.0,,,37500.0
1981,2020-11-17,37450.0,,,37550.0
1982,2020-11-18,38100.0,,,38300.0
1983,2020-11-18,37600.0,,,37750.0
1984,2020-11-18,37750.0,,,37700.0
1985,2020-11-18,37650.0,,,38100.0
1986,2020-11-19,38000.0,,,38000.0
1987,2020-11-19,38050.0,,,37900.0
1988,2020-11-19,37850.0,,,38000.0
1989,2020-11-19,37950.0,,,38150.0
1990,2020-11-20,38400.0,,,38900.0
1991,2020-11-20,38900.0,,,39100.0
1992,2020-11-20,39100.0,,,39400.0
1993,2020-11-20,39450.0,,,39450.0
1994,2020-11-23,39450.0,,,39050.0
1995,2020-11-23,39100.0,,,38700.0
1996,2020-11-23,38700.0,,,38600.0
1997,2020-11-23,38600.0,,,38600.0
1998,2020-11-24,38600.0,,,38950.0
1999,2020-11-24,38950.0,,,38950.0
2000,2020-11-24,38300.0,,,38600.0
2001,2020-11-24,38600.0,,,38350.0
2002,2020-11-25,38000.0,,,38050.0
2003,2020-11-25,39100.0,,,38350.0
2004,2020-11-25,38350.0,,,38250.0
2005,2020-11-25,38200.0,,,38000.0
2006,2020-11-26,38000.0,,,38700.0
2007,2020-11-26,38700.0,,,38400.0
2008,2020-11-26,38450.0,,,38550.0
2009,2020-11-26,38550.0,,,38650.0
2010,2020-11-27,39050.0,,,39300.0
2011,2020-11-27,39300.0,,,39400.0
2012,2020-11-27,39400.0,,,39500.0
2013,2020-11-27,38900.0,,,39050.0
2014,2020-11-30,39550.0,,,39450.0
2015,2020-11-30,39450.0,,,40150.0
2016,2020-11-30,40150.0,,,40300.0
2017,2020-11-30,40300.0,,,40200.0
2018,2020-12-01,40000.0,,,40150.0
2019,2020-12-01,40200.0,,,40000.0
2020,2020-12-01,40200.0,,,39950.0
2021,2020-12-01,40000.0,,,40150.0
2022,2020-12-02,40500.0,,,39350.0
2023,2020-12-02,39350.0,,,39350.0
2024,2020-12-02,39350.0,,,38900.0
2025,2020-12-02,38900.0,,,39250.0
2026,2020-12-03,39250.0,,,38850.0
2027,2020-12-03,38850.0,,,38750.0
2028,2020-12-03,38800.0,,,38850.0
2029,2020-12-03,38850.0,,,38800.0
2030,2020-12-04,38750.0,,,38700.0
2031,2020-12-04,38550.0,,,38950.0
2032,2020-12-04,38900.0,,,38950.0
2033,2020-12-04,38950.0,,,38700.0
2034,2020-12-07,38300.0,,,38650.0
2035,2020-12-07,38650.0,,,38600.0
2036,2020-12-07,38600.0,,,38400.0
2037,2020-12-07,38400.0,,,38500.0
2038,2020-12-08,38450.0,,,38750.0
2039,2020-12-08,38500.0,,,38400.0
2040,2020-12-08,38500.0,,,39100.0
2041,2020-12-08,39100.0,,,38450.0
2042,2020-12-09,38850.0,,,38150.0
2043,2020-12-09,38150.0,,,38600.0
2044,2020-12-09,38650.0,,,37900.0
2045,2020-12-09,37950.0,,,37950.0
2046,2020-12-10,37950.0,,,36850.0
2047,2020-12-10,36900.0,,,37000.0
2048,2020-12-10,37000.0,,,37100.0
2049,2020-12-10,37150.0,,,36550.0
2050,2020-12-11,36450.0,,,36500.0
2051,2020-12-11,36800.0,,,36400.0
2052,2020-12-11,36400.0,,,36350.0
2053,2020-12-11,36400.0,,,36550.0
2054,2020-12-14,36500.0,,,36900.0
2055,2020-12-14,36900.0,,,37100.0
2056,2020-12-14,37150.0,,,36900.0
2057,2020-12-14,36900.0,,,36950.0
2058,2020-12-15,37150.0,,,37100.0
2059,2020-12-15,36950.0,,,37050.0
2060,2020-12-15,37050.0,,,37100.0
2061,2020-12-15,37100.0,,,37200.0
2062,2020-12-16,37300.0,,,37350.0
2063,2020-12-16,37300.0,,,37100.0
2064,2020-12-16,37100.0,,,37100.0
2065,2020-12-16,37150.0,,,37250.0
2066,2020-12-17,37300.0,,,37300.0
2067,2020-12-17,37350.0,,,37450.0
2068,2020-12-17,37450.0,,,37500.0
2069,2020-12-17,37450.0,,,37350.0
2070,2020-12-18,37350.0,,,37450.0
2071,2020-12-18,37400.0,,,37900.0
2072,2020-12-18,37850.0,,,38400.0
2073,2020-12-18,38400.0,,,37950.0
2074,2020-12-21,37950.0,,,38100.0
2075,2020-12-21,38050.0,,,37900.0
2076,2020-12-21,37950.0,,,37550.0
2077,2020-12-21,37550.0,,,37900.0
2078,2020-12-22,37500.0,,,37400.0
2079,2020-12-22,37050.0,,,37000.0
2080,2020-12-22,37700.0,,,37500.0
2081,2020-12-22,37450.0,,,37050.0
2082,2020-12-23,37400.0,,,37000.0
2083,2020-12-23,37000.0,,,37300.0
2084,2020-12-23,37350.0,,,36900.0
2085,2020-12-23,36950.0,,,36950.0
2086,2020-12-24,36800.0,,,37350.0
2087,2020-12-24,37650.0,,,37400.0
2088,2020-12-24,37400.0,,,37350.0
2089,2020-12-24,37400.0,,,37650.0
2090,2020-12-28,37700.0,,,37450.0
2091,2020-12-28,37500.0,,,37450.0
2092,2020-12-28,37450.0,,,38400.0
2093,2020-12-28,38400.0,,,38300.0
2094,2020-12-29,38850.0,,,38900.0
2095,2020-12-29,38850.0,,,38900.0
2096,2020-12-29,38500.0,,,38400.0
2097,2020-12-29,38400.0,,,38800.0
2098,2020-12-30,38550.0,,,38750.0
2099,2020-12-30,38750.0,,,39000.0
2100,2020-12-30,38900.0,,,38950.0
2101,2020-12-30,39100.0,,,38500.0
2102,2021-01-04,39050.0,,,37850.0
2103,2021-01-04,37850.0,,,38900.0
2104,2021-01-04,38950.0,,,38800.0
2105,2021-01-05,38100.0,,,38100.0
2106,2021-01-05,38050.0,,,38200.0
2107,2021-01-05,38150.0,,,38150.0
2108,2021-01-05,38750.0,,,38100.0
2109,2021-01-06,37700.0,,,37650.0
2110,2021-01-06,37650.0,,,37750.0
2111,2021-01-06,37700.0,,,37600.0
2112,2021-01-06,37650.0,,,37400.0
2113,2021-01-07,37250.0,,,37350.0
2114,2021-01-07,37600.0,,,37250.0
2115,2021-01-07,37250.0,,,37650.0
2116,2021-01-07,37650.0,,,37600.0
2117,2021-01-08,37250.0,,,37450.0
2118,2021-01-08,37450.0,,,37400.0
2119,2021-01-08,37400.0,,,37500.0
2120,2021-01-08,37350.0,,,37250.0
2121,2021-01-11,37600.0,,,37500.0
2122,2021-01-11,37450.0,,,37050.0
2123,2021-01-11,37050.0,,,36950.0
2124,2021-01-11,37000.0,,,37050.0
2125,2021-01-12,36800.0,,,36700.0
2126,2021-01-12,37100.0,,,36900.0
2127,2021-01-12,36900.0,,,36750.0
2128,2021-01-12,36800.0,,,37050.0
2129,2021-01-13,36800.0,,,36700.0
2130,2021-01-13,36700.0,,,37050.0
2131,2021-01-13,37050.0,,,37250.0
2132,2021-01-13,37250.0,,,37150.0
2133,2021-01-14,37700.0,,,37900.0
2134,2021-01-14,37550.0,,,37700.0
2135,2021-01-14,37550.0,,,38450.0
2136,2021-01-14,38500.0,,,37600.0
2137,2021-01-15,38550.0,,,37950.0
2138,2021-01-15,37950.0,,,37600.0
2139,2021-01-15,37600.0,,,38200.0
2140,2021-01-15,38200.0,,,38300.0
2141,2021-01-18,38300.0,,,38150.0
2142,2021-01-18,38150.0,,,38650.0
2143,2021-01-18,38650.0,,,38150.0
2144,2021-01-18,38200.0,,,38350.0
2145,2021-01-19,38550.0,,,38550.0
2146,2021-01-19,38150.0,,,38500.0
2147,2021-01-19,38500.0,,,38500.0
2148,2021-01-19,38500.0,,,38600.0
2149,2021-01-20,38950.0,,,38150.0
2150,2021-01-20,38100.0,,,38750.0
2151,2021-01-20,38750.0,,,38200.0
2152,2021-01-20,38200.0,,,38050.0
2153,2021-01-21,37900.0,,,38150.0
2154,2021-01-21,38450.0,,,37900.0
2155,2021-01-21,38900.0,,,38250.0
2156,2021-01-21,38150.0,,,38400.0
2157,2021-01-22,38000.0,,,37900.0
2158,2021-01-22,38050.0,,,38200.0
2159,2021-01-22,38650.0,,,37950.0
2160,2021-01-22,37900.0,,,38050.0
2161,2021-01-25,37750.0,,,38100.0
2162,2021-01-25,38100.0,,,38300.0
2163,2021-01-25,38350.0,,,38250.0
2164,2021-01-25,38250.0,,,38450.0
2165,2021-01-26,38500.0,,,38550.0
2166,2021-01-26,38600.0,,,38600.0
2167,2021-01-26,38600.0,,,38600.0
2168,2021-01-26,38600.0,,,38550.0
2169,2021-01-27,38850.0,,,37900.0
2170,2021-01-27,37900.0,,,37800.0
2171,2021-01-27,37750.0,,,37700.0
2172,2021-01-27,37650.0,,,37200.0
2173,2021-01-28,36900.0,,,37150.0
2174,2021-01-28,37150.0,,,37050.0
2175,2021-01-28,36950.0,,,37000.0
2176,2021-01-28,37000.0,,,36850.0
2177,2021-01-29,37850.0,,,37000.0
2178,2021-01-29,37000.0,,,36750.0
2179,2021-01-29,36750.0,,,36300.0
2180,2021-01-29,36250.0,,,36300.0
2181,2021-02-01,36300.0,,,37350.0
2182,2021-02-01,37350.0,,,37700.0
2183,2021-02-01,37700.0,,,37650.0
2184,2021-02-01,37700.0,,,37150.0
2185,2021-02-02,37650.0,,,37100.0
2186,2021-02-02,37300.0,,,37850.0
2187,2021-02-02,37800.0,,,37500.0
2188,2021-02-02,37500.0,,,37650.0
2189,2021-02-03,37250.0,,,37300.0
2190,2021-02-03,37300.0,,,37350.0
2191,2021-02-03,37500.0,,,37600.0
2192,2021-02-03,37700.0,,,37750.0
2193,2021-02-04,37600.0,,,37500.0
2194,2021-02-04,37150.0,,,37050.0
2195,2021-02-04,37500.0,,,37150.0
2196,2021-02-04,37050.0,,,37650.0
2197,2021-02-05,37200.0,,,37100.0
2198,2021-02-05,37200.0,,,37350.0
2199,2021-02-05,37350.0,,,37300.0
2200,2021-02-05,37250.0,,,37400.0
2201,2021-02-08,36950.0,,,37350.0
2202,2021-02-08,37350.0,,,37600.0
2203,2021-02-08,37600.0,,,37550.0
2204,2021-02-08,37550.0,,,37350.0
2205,2021-02-09,38700.0,,,38600.0
2206,2021-02-09,37750.0,,,37900.0
2207,2021-02-09,37900.0,,,37400.0
2208,2021-02-09,37350.0,,,38700.0
2209,2021-02-10,39500.0,,,38200.0
2210,2021-02-10,38050.0,,,38000.0
2211,2021-02-10,37900.0,,,38850.0
2212,2021-02-10,38850.0,,,39000.0
2213,2021-02-15,41200.0,,,41200.0
2214,2021-02-15,39550.0,,,40500.0
2215,2021-02-15,40550.0,,,41400.0
2216,2021-02-15,41350.0,,,41250.0
2217,2021-02-16,41000.0,,,40450.0
2218,2021-02-16,40450.0,,,40350.0
2219,2021-02-16,40400.0,,,40900.0
2220,2021-02-16,40900.0,,,40700.0
2221,2021-02-17,40350.0,,,40050.0
2222,2021-02-17,40000.0,,,40200.0
2223,2021-02-17,40200.0,,,40450.0
2224,2021-02-17,40400.0,,,40400.0
2225,2021-02-18,40350.0,,,40900.0
2226,2021-02-18,40900.0,,,40550.0
2227,2021-02-18,40550.0,,,40800.0
2228,2021-02-18,40600.0,,,41100.0
2229,2021-02-19,41350.0,,,41100.0
2230,2021-02-19,40600.0,,,41350.0
2231,2021-02-19,41150.0,,,40300.0
2232,2021-02-19,40400.0,,,40600.0
2233,2021-02-22,41350.0,,,41250.0
2234,2021-02-22,41250.0,,,41650.0
2235,2021-02-22,41650.0,,,41750.0
2236,2021-02-22,41350.0,,,41300.0
2237,2021-02-23,41200.0,,,40950.0
2238,2021-02-23,40900.0,,,40950.0
2239,2021-02-23,41050.0,,,41000.0
2240,2021-02-23,41000.0,,,40750.0
2241,2021-02-24,40000.0,,,39250.0
2242,2021-02-24,40150.0,,,40050.0
2243,2021-02-24,40000.0,,,40000.0
2244,2021-02-24,40750.0,,,40200.0
2245,2021-02-25,39650.0,,,39650.0
2246,2021-02-25,39750.0,,,39550.0
2247,2021-02-25,39500.0,,,39800.0
2248,2021-02-25,39900.0,,,39650.0
2249,2021-02-26,38650.0,,,38800.0
2250,2021-02-26,38650.0,,,38750.0
2251,2021-02-26,39250.0,,,38250.0
2252,2021-02-26,38250.0,,,38650.0
2253,2021-03-02,39150.0,,,39850.0
2254,2021-03-02,39850.0,,,39600.0
2255,2021-03-02,39600.0,,,39000.0
2256,2021-03-02,38950.0,,,39400.0
2257,2021-03-03,39800.0,,,40000.0
2258,2021-03-03,40000.0,,,39800.0
2259,2021-03-03,39800.0,,,40200.0
2260,2021-03-03,40300.0,,,40250.0
2261,2021-03-04,39950.0,,,40050.0
2262,2021-03-04,40000.0,,,39900.0
2263,2021-03-04,39950.0,,,40050.0
2264,2021-03-04,40050.0,,,39950.0
2265,2021-03-05,39550.0,,,39400.0
2266,2021-03-05,39400.0,,,40050.0
2267,2021-03-05,40050.0,,,40450.0
2268,2021-03-05,40450.0,,,40400.0
2269,2021-03-08,40500.0,,,40250.0
2270,2021-03-08,41000.0,,,41550.0
2271,2021-03-08,41600.0,,,40950.0
2272,2021-03-08,40900.0,,,40450.0
2273,2021-03-09,40600.0,,,40000.0
2274,2021-03-09,40000.0,,,40500.0
2275,2021-03-09,40550.0,,,40200.0
2276,2021-03-09,40150.0,,,40350.0
2277,2021-03-10,40500.0,,,39750.0
2278,2021-03-10,39800.0,,,39650.0
2279,2021-03-10,39600.0,,,39550.0
2280,2021-03-10,39850.0,,,39750.0
2281,2021-03-11,39900.0,,,40150.0
2282,2021-03-11,40700.0,,,40000.0
2283,2021-03-11,40000.0,,,40100.0
2284,2021-03-11,40150.0,,,39900.0
2285,2021-03-12,40600.0,,,40150.0
2286,2021-03-12,40150.0,,,39950.0
2287,2021-03-12,39950.0,,,39850.0
2288,2021-03-12,39850.0,,,39900.0
2289,2021-03-15,39700.0,,,39400.0
2290,2021-03-15,39900.0,,,39350.0
2291,2021-03-15,39350.0,,,39400.0
2292,2021-03-15,39400.0,,,39700.0
2293,2021-03-16,39500.0,,,39600.0
2294,2021-03-16,39650.0,,,39950.0
2295,2021-03-16,39900.0,,,40200.0
2296,2021-03-16,40200.0,,,40200.0
2297,2021-03-17,40250.0,,,40100.0
2298,2021-03-17,40050.0,,,41450.0
2299,2021-03-17,41400.0,,,41250.0
2300,2021-03-17,41050.0,,,41350.0
2301,2021-03-18,41500.0,,,41100.0
2302,2021-03-18,41100.0,,,40800.0
2303,2021-03-18,40800.0,,,40450.0
2304,2021-03-18,40450.0,,,40500.0
2305,2021-03-19,43200.0,,,42950.0
2306,2021-03-19,43000.0,,,42550.0
2307,2021-03-19,40400.0,,,42950.0
2308,2021-03-19,42950.0,,,43150.0
2309,2021-03-22,42200.0,,,42400.0
2310,2021-03-22,42450.0,,,42400.0
2311,2021-03-22,42400.0,,,42800.0
2312,2021-03-22,42700.0,,,42200.0
2313,2021-03-23,42550.0,,,41850.0
2314,2021-03-23,41800.0,,,42050.0
2315,2021-03-23,42000.0,,,41700.0
2316,2021-03-23,41700.0,,,41850.0
2317,2021-03-24,42000.0,,,42000.0
2318,2021-03-24,42000.0,,,41900.0
2319,2021-03-24,41900.0,,,42000.0
2320,2021-03-24,41500.0,,,42000.0
2321,2021-03-25,41600.0,,,41950.0
2322,2021-03-25,41900.0,,,41900.0
2323,2021-03-25,41900.0,,,42050.0
2324,2021-03-25,42000.0,,,42000.0
2325,2021-03-26,43000.0,,,42900.0
2326,2021-03-26,43100.0,,,43050.0
2327,2021-03-26,42450.0,,,42850.0
2328,2021-03-26,42850.0,,,43100.0
2329,2021-03-29,42900.0,,,42100.0
2330,2021-03-29,42100.0,,,42000.0
2331,2021-03-29,42000.0,,,40900.0
2332,2021-03-29,40900.0,,,41100.0
2333,2021-03-30,41150.0,,,41350.0
2334,2021-03-30,41350.0,,,41450.0
2335,2021-03-30,41450.0,,,41500.0
2336,2021-03-30,41450.0,,,41250.0
2337,2021-03-31,40550.0,,,40500.0
2338,2021-03-31,41200.0,,,40600.0
2339,2021-03-31,40600.0,,,40650.0
2340,2021-03-31,40650.0,,,40550.0
2341,2021-04-01,40500.0,,,40550.0
2342,2021-04-01,40700.0,,,40450.0
2343,2021-04-01,40450.0,,,40500.0
2344,2021-04-01,40500.0,,,40450.0
2345,2021-04-02,41200.0,,,41300.0
2346,2021-04-02,40450.0,,,40250.0
2347,2021-04-02,40250.0,,,40150.0
2348,2021-04-02,40150.0,,,41250.0
2349,2021-04-05,42100.0,,,42100.0
2350,2021-04-05,42150.0,,,42100.0
2351,2021-04-05,42100.0,,,42350.0
2352,2021-04-05,42350.0,,,42450.0
2353,2021-04-06,42650.0,,,41550.0
2354,2021-04-06,41600.0,,,41500.0
2355,2021-04-06,41500.0,,,41450.0
2356,2021-04-06,41550.0,,,41400.0
2357,2021-04-07,41500.0,,,41650.0
2358,2021-04-07,41400.0,,,41400.0
2359,2021-04-07,41350.0,,,41700.0
2360,2021-04-07,41700.0,,,41600.0
2361,2021-04-08,41650.0,,,41500.0
2362,2021-04-08,41450.0,,,41400.0
2363,2021-04-08,41400.0,,,40850.0
2364,2021-04-08,40850.0,,,41100.0
2365,2021-04-09,41050.0,,,41100.0
2366,2021-04-09,40850.0,,,41300.0
2367,2021-04-09,41350.0,,,41050.0
2368,2021-04-09,41150.0,,,41100.0
2369,2021-04-12,41450.0,,,40750.0
2370,2021-04-12,40750.0,,,40650.0
2371,2021-04-12,40650.0,,,40500.0
2372,2021-04-12,40500.0,,,40700.0
2373,2021-04-13,41000.0,,,41800.0
2374,2021-04-13,41800.0,,,41800.0
2375,2021-04-13,41750.0,,,41950.0
2376,2021-04-13,41950.0,,,42000.0
2377,2021-04-14,42000.0,,,42150.0
2378,2021-04-14,42150.0,,,42150.0
2379,2021-04-14,42150.0,,,41950.0
2380,2021-04-14,41950.0,,,41950.0
2381,2021-04-15,41600.0,,,41800.0
2382,2021-04-15,41800.0,,,41600.0
2383,2021-04-15,41950.0,,,41400.0
2384,2021-04-15,41450.0,,,41600.0
2385,2021-04-16,42400.0,,,42600.0
2386,2021-04-16,42600.0,,,42650.0
2387,2021-04-16,42650.0,,,42650.0
2388,2021-04-16,41600.0,,,42450.0
2389,2021-04-19,42800.0,,,42200.0
2390,2021-04-19,42100.0,,,42550.0
2391,2021-04-19,42600.0,,,42500.0
2392,2021-04-19,42500.0,,,42500.0
2393,2021-04-20,42500.0,,,43050.0
2394,2021-04-20,43050.0,,,43200.0
2395,2021-04-20,43150.0,,,43950.0
2396,2021-04-20,43950.0,,,43700.0
2397,2021-04-21,44150.0,,,45750.0
2398,2021-04-21,45700.0,,,46600.0
2399,2021-04-21,46600.0,,,47050.0
2400,2021-04-21,47050.0,,,48000.0
2401,2021-04-22,45500.0,,,45600.0
2402,2021-04-22,45850.0,,,45500.0
2403,2021-04-22,49200.0,,,46550.0
2404,2021-04-22,46600.0,,,45850.0
2405,2021-04-23,45300.0,,,45450.0
2406,2021-04-23,45450.0,,,45850.0
2407,2021-04-23,45850.0,,,45750.0
2408,2021-04-23,45750.0,,,45750.0
2409,2021-04-26,44450.0,,,44100.0
2410,2021-04-26,44100.0,,,44150.0
2411,2021-04-26,45150.0,,,44450.0
2412,2021-04-26,44450.0,,,44400.0
2413,2021-04-27,44100.0,,,44900.0
2414,2021-04-27,44950.0,,,45200.0
2415,2021-04-27,45250.0,,,45800.0
2416,2021-04-27,45800.0,,,46050.0
2417,2021-04-28,46100.0,,,44650.0
2418,2021-04-28,44650.0,,,45400.0
2419,2021-04-28,45450.0,,,45250.0
2420,2021-04-28,45300.0,,,44900.0
2421,2021-04-29,43300.0,,,43300.0
2422,2021-04-29,44100.0,,,43600.0
2423,2021-04-29,45300.0,,,44100.0
2424,2021-04-29,43550.0,,,43350.0
2425,2021-04-30,42700.0,,,42300.0
2426,2021-04-30,42300.0,,,42200.0
2427,2021-04-30,42200.0,,,42200.0
2428,2021-04-30,43150.0,,,42700.0
2429,2021-05-03,42750.0,,,43850.0
2430,2021-05-03,43900.0,,,43850.0
2431,2021-05-03,43900.0,,,43350.0
2432,2021-05-03,43350.0,,,43400.0
2433,2021-05-04,44000.0,,,43700.0
2434,2021-05-04,42350.0,,,42000.0
2435,2021-05-04,42000.0,,,43950.0
2436,2021-05-04,43550.0,,,42300.0
2437,2021-05-06,44400.0,,,43850.0
2438,2021-05-06,43800.0,,,43750.0
2439,2021-05-06,43800.0,,,44100.0
2440,2021-05-06,44100.0,,,44150.0
2441,2021-05-07,44500.0,,,44500.0
2442,2021-05-07,44450.0,,,44500.0
2443,2021-05-07,44200.0,,,44450.0
2444,2021-05-07,44500.0,,,44450.0
2445,2021-05-10,44550.0,,,45800.0
2446,2021-05-10,45750.0,,,45400.0
2447,2021-05-10,45400.0,,,45450.0
2448,2021-05-10,45450.0,,,45450.0
2449,2021-05-11,45250.0,,,45550.0
2450,2021-05-11,45500.0,,,45500.0
2451,2021-05-11,45200.0,,,44300.0
2452,2021-05-11,44350.0,,,45250.0
2453,2021-05-12,45700.0,,,46450.0
2454,2021-05-12,46400.0,,,45850.0
2455,2021-05-12,45900.0,,,45650.0
2456,2021-05-12,45650.0,,,45550.0
2457,2021-05-13,44450.0,,,45300.0
2458,2021-05-13,45350.0,,,45450.0
2459,2021-05-13,45500.0,,,46000.0
2460,2021-05-13,46000.0,,,45900.0
