Datetime,Open,High,Low,Close,Volume
2016-05-16 09:00:00,4113.0,4194.0,4113.0,4146.0,2546.0
2016-05-16 10:00:00,4057.0,4073.0,4000.0,4000.0,8433.0
2016-05-16 11:00:00,4073.0,4073.0,4041.0,4057.0,7573.0
2016-05-16 12:00:00,4146.0,4178.0,4113.0,4170.0,1106.0
2016-05-16 13:00:00,4138.0,4146.0,4081.0,4146.0,6615.0
2016-05-16 14:00:00,4097.0,4129.0,4073.0,4113.0,3689.0
2016-05-17 09:00:00,4029.0,4073.0,4029.0,4033.0,407.0
2016-05-17 10:00:00,4041.0,4041.0,3984.0,3984.0,2265.0
2016-05-17 11:00:00,4033.0,4033.0,4025.0,4025.0,280.0
2016-05-17 12:00:00,3976.0,4113.0,3976.0,4021.0,9374.0
2016-05-17 13:00:00,4033.0,4033.0,4000.0,4029.0,2151.0
2016-05-17 14:00:00,4025.0,4057.0,4025.0,4057.0,1709.0
2016-05-18 09:00:00,3984.0,4081.0,3896.0,3976.0,1988.0
2016-05-18 10:00:00,3976.0,3988.0,3924.0,3928.0,5706.0
2016-05-18 11:00:00,3960.0,3960.0,3900.0,3924.0,2481.0
2016-05-18 12:00:00,3928.0,3936.0,3904.0,3936.0,1113.0
2016-05-18 13:00:00,3936.0,3952.0,3936.0,3952.0,1262.0
2016-05-18 14:00:00,3984.0,3984.0,3936.0,3936.0,2362.0
2016-05-19 09:00:00,3823.0,4004.0,3823.0,3964.0,3722.0
2016-05-19 10:00:00,3936.0,3940.0,3924.0,3940.0,374.0
2016-05-19 11:00:00,3940.0,3972.0,3940.0,3960.0,980.0
2016-05-19 12:00:00,3960.0,3960.0,3916.0,3960.0,1552.0
2016-05-19 13:00:00,3956.0,3960.0,3883.0,3932.0,444.0
2016-05-20 09:00:00,3932.0,3952.0,3912.0,3952.0,1134.0
2016-05-20 10:00:00,3944.0,3948.0,3928.0,3948.0,1241.0
2016-05-20 11:00:00,3944.0,3944.0,3932.0,3932.0,1969.0
2016-05-20 12:00:00,3896.0,3904.0,3896.0,3904.0,438.0
2016-05-20 13:00:00,3912.0,3944.0,3912.0,3944.0,104.0
2016-05-20 14:00:00,3988.0,3988.0,3871.0,3924.0,1886.0
2016-05-23 09:00:00,3952.0,3952.0,3892.0,3920.0,1652.0
2016-05-23 10:00:00,3912.0,3952.0,3900.0,3952.0,6165.0
2016-05-23 11:00:00,3960.0,3960.0,3904.0,3940.0,868.0
2016-05-23 12:00:00,3940.0,3940.0,3904.0,3904.0,2649.0
2016-05-23 13:00:00,3904.0,3936.0,3904.0,3936.0,578.0
2016-05-23 14:00:00,3936.0,4017.0,3936.0,3956.0,2599.0
2016-05-24 09:00:00,4029.0,4029.0,3908.0,3912.0,5876.0
2016-05-24 10:00:00,3916.0,3980.0,3916.0,3980.0,5891.0
2016-05-24 11:00:00,3976.0,3976.0,3956.0,3976.0,352.0
2016-05-24 12:00:00,3976.0,3980.0,3940.0,3940.0,365.0
2016-05-24 13:00:00,3940.0,3976.0,3928.0,3932.0,1737.0
2016-05-24 14:00:00,3932.0,3956.0,3851.0,3940.0,6416.0
2016-05-25 09:00:00,3920.0,3920.0,3892.0,3908.0,2756.0
2016-05-25 10:00:00,3940.0,3952.0,3912.0,3920.0,6148.0
2016-05-25 11:00:00,3928.0,3960.0,3928.0,3960.0,1514.0
2016-05-25 12:00:00,3916.0,3952.0,3912.0,3952.0,1002.0
2016-05-25 13:00:00,3976.0,3976.0,3900.0,3956.0,3227.0
2016-05-25 14:00:00,4008.0,4008.0,3883.0,3944.0,774.0
2016-05-26 09:00:00,3908.0,3960.0,3908.0,3908.0,3792.0
2016-05-26 10:00:00,3908.0,3928.0,3851.0,3871.0,5242.0
2016-05-26 11:00:00,3851.0,3871.0,3750.0,3799.0,5791.0
2016-05-26 12:00:00,3799.0,3851.0,3799.0,3851.0,2298.0
2016-05-26 13:00:00,3851.0,3912.0,3851.0,3883.0,4046.0
2016-05-26 14:00:00,3892.0,3904.0,3855.0,3900.0,1973.0
2016-05-27 09:00:00,3823.0,3851.0,3815.0,3839.0,4213.0
2016-05-27 10:00:00,3823.0,3823.0,3819.0,3823.0,1009.0
2016-05-27 11:00:00,3629.0,3980.0,3629.0,3823.0,5236.0
2016-05-27 12:00:00,3823.0,3831.0,3811.0,3811.0,3030.0
2016-05-27 13:00:00,3823.0,3883.0,3823.0,3823.0,2223.0
2016-05-27 14:00:00,3823.0,3823.0,3815.0,3823.0,1234.0
2016-05-30 09:00:00,3827.0,3839.0,3827.0,3827.0,886.0
2016-05-30 10:00:00,3803.0,3827.0,3791.0,3827.0,781.0
2016-05-30 11:00:00,3827.0,3831.0,3787.0,3823.0,1508.0
2016-05-30 12:00:00,3859.0,3887.0,3835.0,3835.0,1841.0
2016-05-30 13:00:00,3847.0,3904.0,3771.0,3904.0,2491.0
2016-05-30 14:00:00,3831.0,3839.0,3831.0,3839.0,313.0
2016-05-31 09:00:00,3835.0,3928.0,3710.0,3758.0,5977.0
2016-05-31 10:00:00,3783.0,3827.0,3783.0,3823.0,748.0
2016-05-31 11:00:00,3823.0,3823.0,3807.0,3823.0,251.0
2016-05-31 12:00:00,3823.0,3827.0,3791.0,3827.0,1749.0
2016-05-31 13:00:00,3807.0,3827.0,3791.0,3827.0,103.0
2016-05-31 14:00:00,3819.0,3827.0,3807.0,3807.0,247.0
2016-06-01 09:00:00,3928.0,3928.0,3807.0,3807.0,776.0
2016-06-01 10:00:00,3855.0,3855.0,3799.0,3843.0,1297.0
2016-06-01 11:00:00,3835.0,3843.0,3791.0,3791.0,5506.0
2016-06-01 12:00:00,3795.0,3795.0,3775.0,3775.0,4321.0
2016-06-01 13:00:00,3811.0,3843.0,3775.0,3827.0,1318.0
2016-06-02 09:00:00,3783.0,3811.0,3779.0,3791.0,1042.0
2016-06-02 10:00:00,3815.0,3815.0,3775.0,3775.0,1989.0
2016-06-02 11:00:00,3811.0,3811.0,3779.0,3779.0,390.0
2016-06-02 12:00:00,3827.0,3827.0,3775.0,3779.0,2960.0
2016-06-02 13:00:00,3827.0,3827.0,3811.0,3811.0,82.0
2016-06-02 14:00:00,3787.0,3819.0,3787.0,3819.0,128.0
2016-06-03 09:00:00,3795.0,3863.0,3787.0,3787.0,246.0
2016-06-03 10:00:00,3783.0,3783.0,3654.0,3718.0,2964.0
2016-06-03 11:00:00,3718.0,3779.0,3714.0,3726.0,1022.0
2016-06-03 12:00:00,3726.0,3754.0,3710.0,3730.0,2098.0
2016-06-03 13:00:00,3730.0,3738.0,3722.0,3738.0,62.0
2016-06-03 14:00:00,3734.0,3734.0,3714.0,3730.0,1500.0
2016-06-07 09:00:00,3714.0,3730.0,3662.0,3730.0,640.0
2016-06-07 10:00:00,3710.0,3750.0,3678.0,3678.0,2846.0
2016-06-07 11:00:00,3742.0,3742.0,3662.0,3674.0,4671.0
2016-06-07 12:00:00,3666.0,3694.0,3654.0,3662.0,6814.0
2016-06-07 13:00:00,3686.0,3706.0,3662.0,3662.0,3070.0
2016-06-07 14:00:00,3694.0,3766.0,3694.0,3710.0,2027.0
2016-06-08 09:00:00,3730.0,3734.0,3726.0,3726.0,140.0
2016-06-08 10:00:00,3710.0,3726.0,3694.0,3726.0,2848.0
2016-06-08 11:00:00,3726.0,3726.0,3710.0,3710.0,855.0
2016-06-08 12:00:00,3714.0,3726.0,3690.0,3702.0,2235.0
2016-06-08 13:00:00,3706.0,3714.0,3678.0,3714.0,1964.0
2016-06-08 14:00:00,3775.0,3775.0,3670.0,3710.0,1598.0
2016-06-09 09:00:00,3726.0,3896.0,3726.0,3827.0,6028.0
2016-06-09 10:00:00,3823.0,3851.0,3799.0,3799.0,1974.0
2016-06-09 11:00:00,3799.0,3871.0,3686.0,3811.0,6426.0
2016-06-09 12:00:00,3811.0,3811.0,3766.0,3766.0,420.0
2016-06-09 13:00:00,3766.0,3807.0,3738.0,3807.0,2097.0
2016-06-09 14:00:00,3766.0,3871.0,3738.0,3855.0,7655.0
2016-06-10 09:00:00,3831.0,3855.0,3799.0,3799.0,2648.0
2016-06-10 10:00:00,3835.0,3855.0,3831.0,3855.0,119.0
2016-06-10 11:00:00,3879.0,3879.0,3823.0,3823.0,475.0
2016-06-10 12:00:00,3863.0,3867.0,3843.0,3843.0,2992.0
2016-06-10 13:00:00,3859.0,3867.0,3859.0,3867.0,15.0
2016-06-10 14:00:00,3843.0,3863.0,3831.0,3855.0,521.0
2016-06-13 09:00:00,3742.0,3791.0,3742.0,3779.0,3592.0
2016-06-13 10:00:00,3714.0,3742.0,3710.0,3742.0,2094.0
2016-06-13 11:00:00,3791.0,3791.0,3702.0,3702.0,2197.0
2016-06-13 12:00:00,3746.0,3754.0,3742.0,3742.0,58.0
2016-06-13 13:00:00,3702.0,3771.0,3686.0,3710.0,3639.0
2016-06-13 14:00:00,3738.0,3738.0,3718.0,3718.0,754.0
2016-06-14 09:00:00,3779.0,3779.0,3702.0,3726.0,289.0
2016-06-14 10:00:00,3730.0,3779.0,3702.0,3754.0,6054.0
2016-06-14 11:00:00,3754.0,3754.0,3754.0,3754.0,2404.0
2016-06-14 12:00:00,3738.0,3738.0,3738.0,3738.0,1.0
2016-06-14 13:00:00,3734.0,3746.0,3726.0,3746.0,191.0
2016-06-14 14:00:00,3746.0,3791.0,3726.0,3791.0,2183.0
2016-06-15 09:00:00,3819.0,3831.0,3799.0,3831.0,869.0
2016-06-15 10:00:00,3791.0,3827.0,3791.0,3823.0,1318.0
2016-06-15 11:00:00,3847.0,3855.0,3799.0,3799.0,555.0
2016-06-15 12:00:00,3742.0,3823.0,3738.0,3823.0,2850.0
2016-06-15 13:00:00,3831.0,3831.0,3730.0,3799.0,404.0
2016-06-15 14:00:00,3799.0,3799.0,3799.0,3799.0,7.0
2016-06-16 09:00:00,3762.0,3762.0,3710.0,3742.0,6990.0
2016-06-16 10:00:00,3738.0,3795.0,3730.0,3762.0,7859.0
2016-06-16 11:00:00,3811.0,3811.0,3758.0,3762.0,4611.0
2016-06-16 12:00:00,3758.0,3758.0,3726.0,3730.0,3563.0
2016-06-16 13:00:00,3762.0,3791.0,3754.0,3758.0,2888.0
2016-06-16 14:00:00,3730.0,3754.0,3722.0,3754.0,3916.0
2016-06-17 09:00:00,3678.0,3908.0,3678.0,3863.0,3023.0
2016-06-17 10:00:00,3908.0,3908.0,3819.0,3863.0,1531.0
2016-06-17 11:00:00,3851.0,3851.0,3851.0,3851.0,1.0
2016-06-17 12:00:00,3827.0,3827.0,3803.0,3807.0,266.0
2016-06-17 13:00:00,3847.0,3855.0,3783.0,3783.0,6964.0
2016-06-17 14:00:00,3783.0,3847.0,3775.0,3835.0,1621.0
2016-06-20 09:00:00,3847.0,3867.0,3771.0,3843.0,3128.0
2016-06-20 10:00:00,3843.0,3843.0,3811.0,3843.0,253.0
2016-06-20 11:00:00,3831.0,3900.0,3831.0,3900.0,2306.0
2016-06-20 12:00:00,3896.0,3896.0,3641.0,3815.0,8745.0
2016-06-20 13:00:00,3851.0,3871.0,3791.0,3843.0,3979.0
2016-06-20 14:00:00,3831.0,3900.0,3831.0,3831.0,269.0
2016-06-21 09:00:00,3843.0,3871.0,3835.0,3835.0,796.0
2016-06-21 10:00:00,3839.0,3904.0,3835.0,3904.0,4571.0
2016-06-21 11:00:00,3867.0,3964.0,3867.0,3883.0,3350.0
2016-06-21 12:00:00,3879.0,3879.0,3863.0,3863.0,3780.0
2016-06-21 13:00:00,3863.0,3871.0,3851.0,3851.0,1947.0
2016-06-21 14:00:00,3851.0,3924.0,3851.0,3916.0,1632.0
2016-06-22 09:00:00,3916.0,3916.0,3831.0,3867.0,2729.0
2016-06-22 10:00:00,3867.0,3920.0,3815.0,3916.0,6438.0
2016-06-22 11:00:00,3908.0,3940.0,3908.0,3916.0,5987.0
2016-06-22 12:00:00,3912.0,3916.0,3871.0,3912.0,1480.0
2016-06-22 13:00:00,3875.0,3908.0,3871.0,3908.0,1170.0
2016-06-22 14:00:00,3875.0,3904.0,3831.0,3831.0,3522.0
2016-06-23 09:00:00,3742.0,3779.0,3742.0,3779.0,1574.0
2016-06-23 10:00:00,3742.0,3742.0,3742.0,3742.0,230.0
2016-06-23 11:00:00,3734.0,3742.0,3726.0,3742.0,275.0
2016-06-23 12:00:00,3686.0,3791.0,3678.0,3791.0,7995.0
2016-06-23 13:00:00,3932.0,3932.0,3670.0,3730.0,13698.0
2016-06-23 14:00:00,3758.0,3758.0,3726.0,3746.0,25.0
2016-06-24 09:00:00,3775.0,3791.0,3718.0,3738.0,4888.0
2016-06-24 10:00:00,3742.0,3762.0,3718.0,3726.0,2082.0
2016-06-24 11:00:00,3754.0,3754.0,3654.0,3662.0,2526.0
2016-06-24 12:00:00,3726.0,3726.0,3581.0,3694.0,5487.0
2016-06-24 13:00:00,3577.0,3609.0,3549.0,3601.0,3713.0
2016-06-24 14:00:00,3605.0,3706.0,3605.0,3698.0,2949.0
2016-06-27 09:00:00,3710.0,3730.0,3662.0,3702.0,3419.0
2016-06-27 10:00:00,3662.0,3710.0,3658.0,3710.0,7795.0
2016-06-27 11:00:00,3468.0,3629.0,3468.0,3629.0,1926.0
2016-06-27 12:00:00,3658.0,3710.0,3629.0,3710.0,4299.0
2016-06-27 13:00:00,3629.0,3662.0,3593.0,3662.0,4847.0
2016-06-27 14:00:00,3633.0,3702.0,3633.0,3702.0,1174.0
2016-06-28 09:00:00,3807.0,3867.0,3722.0,3823.0,3162.0
2016-06-28 10:00:00,3775.0,3791.0,3682.0,3791.0,2365.0
2016-06-28 11:00:00,3670.0,3766.0,3633.0,3706.0,3863.0
2016-06-28 12:00:00,3658.0,3771.0,3658.0,3771.0,3052.0
2016-06-28 13:00:00,3766.0,3779.0,3766.0,3779.0,1549.0
2016-06-28 14:00:00,3629.0,3771.0,3621.0,3762.0,8091.0
2016-06-29 09:00:00,3847.0,3859.0,3799.0,3855.0,4040.0
2016-06-29 10:00:00,3815.0,3851.0,3799.0,3815.0,1342.0
2016-06-29 11:00:00,3799.0,3815.0,3799.0,3815.0,755.0
2016-06-29 12:00:00,3799.0,3871.0,3791.0,3871.0,9515.0
2016-06-29 13:00:00,3871.0,3952.0,3871.0,3944.0,3483.0
2016-06-29 14:00:00,3766.0,3867.0,3766.0,3851.0,1691.0
2016-06-30 09:00:00,3952.0,3992.0,3867.0,3984.0,3233.0
2016-06-30 10:00:00,3952.0,3976.0,3948.0,3948.0,254.0
2016-06-30 11:00:00,3976.0,3976.0,3924.0,3924.0,1114.0
2016-06-30 12:00:00,3944.0,3944.0,3928.0,3928.0,340.0
2016-06-30 13:00:00,3928.0,3940.0,3831.0,3887.0,2754.0
2016-06-30 14:00:00,3855.0,3855.0,3823.0,3823.0,4419.0
2016-07-01 09:00:00,3871.0,3871.0,3823.0,3827.0,1221.0
2016-07-01 10:00:00,3904.0,3916.0,3827.0,3871.0,5849.0
2016-07-01 11:00:00,3883.0,3883.0,3883.0,3883.0,400.0
2016-07-01 12:00:00,3875.0,3875.0,3871.0,3871.0,199.0
2016-07-01 13:00:00,3904.0,3904.0,3875.0,3875.0,56.0
2016-07-01 14:00:00,3839.0,4017.0,3839.0,3883.0,1589.0
2016-07-04 09:00:00,3835.0,3992.0,3823.0,3875.0,1654.0
2016-07-04 10:00:00,3875.0,3984.0,3875.0,3976.0,679.0
2016-07-04 11:00:00,3964.0,3972.0,3811.0,3916.0,3846.0
2016-07-04 12:00:00,3944.0,3968.0,3916.0,3968.0,1550.0
2016-07-04 13:00:00,3948.0,3968.0,3948.0,3968.0,1213.0
2016-07-04 14:00:00,3948.0,3964.0,3871.0,3871.0,5219.0
2016-07-05 09:00:00,3879.0,3924.0,3879.0,3904.0,1079.0
2016-07-05 10:00:00,3904.0,3940.0,3892.0,3940.0,454.0
2016-07-05 11:00:00,3904.0,3904.0,3879.0,3879.0,101.0
2016-07-05 12:00:00,3924.0,3944.0,3871.0,3936.0,1575.0
2016-07-05 13:00:00,3968.0,3968.0,3867.0,3956.0,944.0
2016-07-05 14:00:00,3936.0,3952.0,3879.0,3879.0,2823.0
2016-07-06 09:00:00,3956.0,3956.0,3855.0,3912.0,4099.0
2016-07-06 10:00:00,3912.0,3936.0,3871.0,3908.0,1097.0
2016-07-06 11:00:00,3871.0,3900.0,3871.0,3900.0,67.0
2016-07-06 12:00:00,3871.0,3896.0,3871.0,3896.0,2.0
2016-07-06 13:00:00,3875.0,3896.0,3871.0,3896.0,1165.0
2016-07-06 14:00:00,3871.0,3900.0,3867.0,3892.0,1141.0
2016-07-07 09:00:00,3875.0,3908.0,3871.0,3871.0,2568.0
2016-07-07 10:00:00,3912.0,3916.0,3875.0,3904.0,932.0
2016-07-07 11:00:00,3932.0,3932.0,3831.0,3920.0,2069.0
2016-07-07 12:00:00,3859.0,3916.0,3851.0,3916.0,1757.0
2016-07-07 13:00:00,3904.0,3904.0,3847.0,3879.0,793.0
2016-07-07 14:00:00,3916.0,3916.0,3875.0,3875.0,656.0
2016-07-08 09:00:00,3992.0,4154.0,3984.0,4033.0,14544.0
2016-07-08 10:00:00,3960.0,3984.0,3960.0,3984.0,3168.0
2016-07-08 11:00:00,3952.0,3960.0,3952.0,3960.0,3170.0
2016-07-08 12:00:00,3944.0,3952.0,3928.0,3952.0,3564.0
2016-07-08 13:00:00,3916.0,3952.0,3912.0,3944.0,4805.0
2016-07-08 14:00:00,3867.0,3980.0,3867.0,3952.0,980.0
2016-07-11 09:00:00,4105.0,4194.0,4033.0,4097.0,5949.0
2016-07-11 10:00:00,4097.0,4121.0,4073.0,4105.0,2258.0
2016-07-11 11:00:00,4105.0,4105.0,4105.0,4105.0,239.0
2016-07-11 12:00:00,4105.0,4138.0,4073.0,4113.0,816.0
2016-07-11 13:00:00,4089.0,4089.0,4081.0,4081.0,223.0
2016-07-11 14:00:00,4073.0,4105.0,4073.0,4105.0,577.0
2016-07-12 09:00:00,4041.0,4073.0,4041.0,4041.0,1110.0
2016-07-12 10:00:00,4049.0,4073.0,4041.0,4073.0,540.0
2016-07-12 11:00:00,4186.0,4186.0,4049.0,4105.0,2275.0
2016-07-12 12:00:00,4073.0,4073.0,4057.0,4057.0,463.0
2016-07-12 13:00:00,4081.0,4113.0,4033.0,4033.0,2543.0
2016-07-12 14:00:00,4073.0,4073.0,4049.0,4073.0,193.0
2016-07-13 09:00:00,4041.0,4089.0,3936.0,3996.0,18277.0
2016-07-13 10:00:00,4041.0,4113.0,4021.0,4041.0,7140.0
2016-07-13 11:00:00,4113.0,4113.0,3992.0,4012.0,1825.0
2016-07-13 12:00:00,4049.0,4081.0,4049.0,4081.0,63.0
2016-07-13 13:00:00,4041.0,4105.0,4041.0,4089.0,2071.0
2016-07-13 14:00:00,4049.0,4113.0,4033.0,4081.0,4653.0
2016-07-14 09:00:00,4033.0,4033.0,3928.0,4000.0,4468.0
2016-07-14 10:00:00,3992.0,4021.0,3940.0,3940.0,1758.0
2016-07-14 11:00:00,3940.0,4008.0,3940.0,4008.0,2373.0
2016-07-14 12:00:00,3960.0,4000.0,3960.0,3988.0,56.0
2016-07-14 13:00:00,3988.0,4017.0,3988.0,4017.0,1006.0
2016-07-14 14:00:00,4017.0,4033.0,3992.0,4033.0,2851.0
2016-07-15 09:00:00,4033.0,4033.0,3996.0,4025.0,3252.0
2016-07-15 10:00:00,4025.0,4041.0,4012.0,4033.0,2244.0
2016-07-15 11:00:00,4097.0,4097.0,3992.0,4049.0,2595.0
2016-07-15 12:00:00,4033.0,4049.0,4033.0,4049.0,102.0
2016-07-15 13:00:00,4049.0,4049.0,3992.0,4049.0,754.0
2016-07-15 14:00:00,4004.0,4049.0,4004.0,4041.0,53.0
2016-07-18 09:00:00,3992.0,4000.0,3988.0,4000.0,229.0
2016-07-18 10:00:00,4000.0,4000.0,3988.0,3988.0,2585.0
2016-07-18 11:00:00,4146.0,4146.0,3980.0,3996.0,6421.0
2016-07-18 12:00:00,4025.0,4025.0,4025.0,4025.0,38.0
2016-07-18 13:00:00,3996.0,4025.0,3996.0,4025.0,717.0
2016-07-18 14:00:00,4025.0,4025.0,4000.0,4000.0,446.0
2016-07-19 09:00:00,3980.0,4057.0,3980.0,4033.0,212.0
2016-07-19 10:00:00,4033.0,4049.0,3964.0,3964.0,2584.0
2016-07-19 11:00:00,3968.0,3988.0,3952.0,3988.0,1352.0
2016-07-19 12:00:00,3964.0,3984.0,3964.0,3984.0,105.0
2016-07-19 13:00:00,3964.0,3984.0,3960.0,3984.0,348.0
2016-07-19 14:00:00,3984.0,3996.0,3968.0,3984.0,1719.0
2016-07-20 09:00:00,3944.0,3976.0,3928.0,3968.0,1344.0
2016-07-20 10:00:00,3964.0,3996.0,3952.0,3996.0,1921.0
2016-07-20 11:00:00,3984.0,3988.0,3936.0,3944.0,2571.0
2016-07-20 12:00:00,4017.0,4017.0,3972.0,4008.0,95.0
2016-07-20 13:00:00,4017.0,4033.0,3972.0,4025.0,979.0
2016-07-20 14:00:00,4004.0,4004.0,3960.0,4004.0,960.0
2016-07-21 09:00:00,4057.0,4057.0,3928.0,3928.0,4394.0
2016-07-21 10:00:00,3928.0,3960.0,3896.0,3960.0,4279.0
2016-07-21 11:00:00,3952.0,3952.0,3900.0,3944.0,1680.0
2016-07-21 12:00:00,3932.0,3932.0,3912.0,3924.0,522.0
2016-07-21 13:00:00,3920.0,3928.0,3896.0,3924.0,2484.0
2016-07-21 14:00:00,3924.0,3924.0,3912.0,3920.0,318.0
2016-07-22 09:00:00,3912.0,3912.0,3900.0,3900.0,669.0
2016-07-22 10:00:00,3912.0,3916.0,3896.0,3916.0,1637.0
2016-07-22 11:00:00,3916.0,3988.0,3892.0,3920.0,2161.0
2016-07-22 12:00:00,3904.0,3916.0,3896.0,3916.0,679.0
2016-07-22 13:00:00,3920.0,3920.0,3896.0,3920.0,792.0
2016-07-22 14:00:00,3916.0,3920.0,3916.0,3916.0,1335.0
2016-07-25 09:00:00,3956.0,3956.0,3944.0,3944.0,1405.0
2016-07-25 10:00:00,3960.0,3960.0,3960.0,3960.0,81.0
2016-07-25 11:00:00,3968.0,3972.0,3968.0,3972.0,50.0
2016-07-25 12:00:00,3928.0,3972.0,3896.0,3972.0,2106.0
2016-07-25 13:00:00,3904.0,3976.0,3900.0,3904.0,530.0
2016-07-25 14:00:00,3879.0,3992.0,3879.0,3904.0,2990.0
2016-07-26 09:00:00,3936.0,3936.0,3875.0,3908.0,3126.0
2016-07-26 10:00:00,3879.0,4008.0,3855.0,3940.0,766.0
2016-07-26 11:00:00,3944.0,3944.0,3855.0,3944.0,3028.0
2016-07-26 12:00:00,3896.0,3908.0,3871.0,3887.0,1246.0
2016-07-26 13:00:00,3887.0,3940.0,3887.0,3904.0,762.0
2016-07-26 14:00:00,3936.0,3944.0,3916.0,3944.0,1734.0
2016-07-27 09:00:00,3948.0,3968.0,3932.0,3960.0,1811.0
2016-07-27 10:00:00,3948.0,3968.0,3948.0,3968.0,1212.0
2016-07-27 11:00:00,4017.0,4017.0,3912.0,3928.0,1969.0
2016-07-27 12:00:00,3956.0,3960.0,3956.0,3956.0,16.0
2016-07-27 13:00:00,3928.0,3968.0,3928.0,3968.0,163.0
2016-07-27 14:00:00,3936.0,3956.0,3928.0,3948.0,1052.0
2016-07-28 09:00:00,3964.0,3968.0,3964.0,3968.0,285.0
2016-07-28 10:00:00,3936.0,3968.0,3936.0,3968.0,895.0
2016-07-28 11:00:00,3960.0,3968.0,3956.0,3964.0,1621.0
2016-07-28 12:00:00,3960.0,3972.0,3960.0,3960.0,1459.0
2016-07-28 13:00:00,3956.0,3980.0,3916.0,3976.0,2282.0
2016-07-28 14:00:00,3960.0,3960.0,3952.0,3952.0,982.0
2016-07-29 09:00:00,3968.0,4021.0,3952.0,4021.0,5202.0
2016-07-29 10:00:00,4021.0,4057.0,3992.0,3992.0,3652.0
2016-07-29 11:00:00,3988.0,4021.0,3988.0,4017.0,3840.0
2016-07-29 12:00:00,4017.0,4025.0,4017.0,4025.0,3103.0
2016-07-29 13:00:00,4025.0,4033.0,4017.0,4025.0,2941.0
2016-07-29 14:00:00,4025.0,4073.0,4025.0,4065.0,9571.0
2016-08-01 09:00:00,4218.0,4242.0,4194.0,4242.0,7389.0
2016-08-01 10:00:00,4186.0,4218.0,4154.0,4218.0,19037.0
2016-08-01 11:00:00,4194.0,4194.0,4154.0,4186.0,4404.0
2016-08-01 12:00:00,4113.0,4138.0,4105.0,4138.0,11071.0
2016-08-01 13:00:00,4138.0,4154.0,4138.0,4146.0,12780.0
2016-08-01 14:00:00,4113.0,4234.0,4089.0,4113.0,26031.0
2016-08-01 15:00:00,4154.0,4194.0,4146.0,4194.0,13726.0
2016-08-02 09:00:00,4218.0,4226.0,4138.0,4194.0,4874.0
2016-08-02 10:00:00,4162.0,4194.0,4154.0,4154.0,2747.0
2016-08-02 11:00:00,4242.0,4258.0,4210.0,4226.0,10932.0
2016-08-02 12:00:00,4234.0,4234.0,4178.0,4194.0,6154.0
2016-08-02 13:00:00,4210.0,4210.0,4170.0,4210.0,437.0
2016-08-02 14:00:00,4194.0,4210.0,4154.0,4210.0,4429.0
2016-08-02 15:00:00,4210.0,4250.0,4210.0,4250.0,1504.0
2016-08-03 09:00:00,4129.0,4242.0,4129.0,4194.0,6959.0
2016-08-03 10:00:00,4186.0,4194.0,4154.0,4194.0,2960.0
2016-08-03 11:00:00,4194.0,4210.0,4105.0,4105.0,7338.0
2016-08-03 12:00:00,4105.0,4162.0,4012.0,4081.0,16537.0
2016-08-03 13:00:00,4073.0,4089.0,4057.0,4073.0,11126.0
2016-08-03 14:00:00,4097.0,4146.0,4097.0,4121.0,341.0
2016-08-03 15:00:00,4121.0,4121.0,4105.0,4121.0,830.0
2016-08-04 09:00:00,4218.0,4242.0,4186.0,4234.0,5952.0
2016-08-04 10:00:00,4113.0,4242.0,4089.0,4218.0,10379.0
2016-08-04 11:00:00,4121.0,4121.0,4089.0,4121.0,470.0
2016-08-04 12:00:00,4186.0,4186.0,4041.0,4138.0,2760.0
2016-08-04 13:00:00,4113.0,4138.0,4057.0,4097.0,4452.0
2016-08-04 14:00:00,4129.0,4129.0,4113.0,4121.0,39.0
2016-08-04 15:00:00,4089.0,4129.0,4065.0,4129.0,1056.0
2016-08-05 09:00:00,4267.0,4912.0,4242.0,4476.0,448659.0
2016-08-05 10:00:00,4476.0,4613.0,4460.0,4581.0,56758.0
2016-08-05 11:00:00,4581.0,4638.0,4468.0,4476.0,37607.0
2016-08-05 12:00:00,4476.0,4509.0,4363.0,4396.0,52469.0
2016-08-05 13:00:00,4396.0,4404.0,4275.0,4323.0,39955.0
2016-08-05 14:00:00,4323.0,4379.0,4315.0,4347.0,33030.0
2016-08-05 15:00:00,4347.0,4371.0,4315.0,4315.0,20622.0
2016-08-08 09:00:00,4355.0,4363.0,4323.0,4363.0,6938.0
2016-08-08 10:00:00,4331.0,4388.0,4323.0,4363.0,19566.0
2016-08-08 11:00:00,4355.0,4379.0,4331.0,4339.0,17152.0
2016-08-08 12:00:00,4331.0,4396.0,4331.0,4379.0,11564.0
2016-08-08 13:00:00,4355.0,4388.0,4339.0,4355.0,5855.0
2016-08-08 14:00:00,4339.0,4428.0,4323.0,4355.0,36294.0
2016-08-08 15:00:00,4339.0,4363.0,4315.0,4339.0,9243.0
2016-08-09 09:00:00,4428.0,4468.0,4363.0,4412.0,18640.0
2016-08-09 10:00:00,4412.0,4420.0,4379.0,4379.0,3907.0
2016-08-09 11:00:00,4460.0,4500.0,4420.0,4468.0,12448.0
2016-08-09 12:00:00,4420.0,4436.0,4388.0,4388.0,17485.0
2016-08-09 13:00:00,4396.0,4436.0,4379.0,4412.0,12670.0
2016-08-09 14:00:00,4420.0,4484.0,4412.0,4460.0,18644.0
2016-08-09 15:00:00,4428.0,4509.0,4388.0,4420.0,25641.0
2016-08-10 09:00:00,4379.0,4420.0,4258.0,4315.0,21619.0
2016-08-10 10:00:00,4315.0,4331.0,4234.0,4299.0,10666.0
2016-08-10 11:00:00,4291.0,4339.0,4267.0,4307.0,2874.0
2016-08-10 12:00:00,4275.0,4307.0,4258.0,4258.0,2203.0
2016-08-10 13:00:00,4267.0,4291.0,4234.0,4267.0,9206.0
2016-08-10 14:00:00,4267.0,4355.0,4242.0,4331.0,6021.0
2016-08-10 15:00:00,4339.0,4363.0,4315.0,4339.0,7124.0
2016-08-11 09:00:00,4218.0,4267.0,4218.0,4242.0,7727.0
2016-08-11 10:00:00,4323.0,4331.0,4299.0,4323.0,1398.0
2016-08-11 11:00:00,4242.0,4339.0,4234.0,4339.0,12862.0
2016-08-11 12:00:00,4250.0,4250.0,4210.0,4250.0,1012.0
2016-08-11 13:00:00,4323.0,4323.0,4226.0,4226.0,9990.0
2016-08-11 14:00:00,4226.0,4275.0,4202.0,4250.0,4649.0
2016-08-11 15:00:00,4339.0,4396.0,4275.0,4323.0,4918.0
2016-08-12 09:00:00,4331.0,4331.0,4234.0,4267.0,3129.0
2016-08-12 10:00:00,4275.0,4275.0,4194.0,4194.0,11371.0
2016-08-12 11:00:00,4242.0,4242.0,4186.0,4234.0,6783.0
2016-08-12 12:00:00,4202.0,4242.0,4202.0,4234.0,361.0
2016-08-12 13:00:00,4234.0,4234.0,4178.0,4226.0,8561.0
2016-08-12 14:00:00,4194.0,4250.0,4162.0,4210.0,14210.0
2016-08-12 15:00:00,4202.0,4226.0,4162.0,4162.0,8595.0
2016-08-16 09:00:00,4186.0,4186.0,4154.0,4186.0,495.0
2016-08-16 10:00:00,4170.0,4194.0,4146.0,4194.0,1110.0
2016-08-16 11:00:00,4154.0,4178.0,4113.0,4121.0,9578.0
2016-08-16 12:00:00,4162.0,4275.0,4146.0,4226.0,4669.0
2016-08-16 13:00:00,4129.0,4194.0,4121.0,4154.0,5465.0
2016-08-16 14:00:00,4226.0,4226.0,4129.0,4138.0,14399.0
2016-08-16 15:00:00,4226.0,4242.0,4162.0,4194.0,3801.0
2016-08-17 09:00:00,4105.0,4105.0,4065.0,4089.0,6388.0
2016-08-17 10:00:00,4113.0,4129.0,4089.0,4089.0,13441.0
2016-08-17 11:00:00,4089.0,4121.0,4081.0,4121.0,1402.0
2016-08-17 12:00:00,4162.0,4162.0,4089.0,4154.0,3345.0
2016-08-17 13:00:00,4097.0,4170.0,4073.0,4162.0,5638.0
2016-08-17 14:00:00,4105.0,4154.0,4081.0,4129.0,5146.0
2016-08-17 15:00:00,4081.0,4162.0,4033.0,4097.0,19276.0
2016-08-18 09:00:00,4073.0,4097.0,4073.0,4097.0,200.0
2016-08-18 10:00:00,4089.0,4154.0,4065.0,4138.0,8504.0
2016-08-18 11:00:00,4113.0,4129.0,4073.0,4089.0,1784.0
2016-08-18 12:00:00,4081.0,4089.0,4057.0,4081.0,1802.0
2016-08-18 13:00:00,4081.0,4138.0,4081.0,4089.0,3068.0
2016-08-18 14:00:00,4089.0,4089.0,4057.0,4081.0,5583.0
2016-08-18 15:00:00,4097.0,4097.0,4049.0,4097.0,3843.0
2016-08-19 09:00:00,4170.0,4194.0,4154.0,4194.0,5679.0
2016-08-19 10:00:00,4186.0,4186.0,4138.0,4178.0,9647.0
2016-08-19 11:00:00,4202.0,4218.0,4178.0,4194.0,1898.0
2016-08-19 12:00:00,4154.0,4154.0,4105.0,4138.0,4517.0
2016-08-19 13:00:00,4226.0,4226.0,4154.0,4194.0,3268.0
2016-08-19 14:00:00,4138.0,4275.0,4138.0,4226.0,11437.0
2016-08-19 15:00:00,4194.0,4226.0,4194.0,4226.0,1560.0
2016-08-22 09:00:00,4186.0,4307.0,4154.0,4194.0,6131.0
2016-08-22 10:00:00,4186.0,4218.0,4178.0,4210.0,2707.0
2016-08-22 11:00:00,4178.0,4218.0,4178.0,4202.0,1250.0
2016-08-22 12:00:00,4202.0,4202.0,4162.0,4194.0,3065.0
2016-08-22 13:00:00,4162.0,4186.0,4154.0,4186.0,1149.0
2016-08-22 14:00:00,4186.0,4202.0,4170.0,4202.0,3092.0
2016-08-22 15:00:00,4202.0,4210.0,4154.0,4154.0,6534.0
2016-08-23 09:00:00,4033.0,4065.0,4033.0,4033.0,4374.0
2016-08-23 10:00:00,4029.0,4065.0,4025.0,4065.0,5878.0
2016-08-23 11:00:00,4073.0,4073.0,4021.0,4065.0,6704.0
2016-08-23 12:00:00,4202.0,4202.0,4129.0,4154.0,6786.0
2016-08-23 13:00:00,4065.0,4113.0,4033.0,4113.0,9025.0
2016-08-23 14:00:00,4129.0,4162.0,3996.0,4065.0,27413.0
2016-08-23 15:00:00,4073.0,4081.0,4057.0,4073.0,789.0
2016-08-24 09:00:00,4029.0,4033.0,3992.0,4017.0,16481.0
2016-08-24 10:00:00,4017.0,4033.0,4012.0,4033.0,13972.0
2016-08-24 11:00:00,4025.0,4057.0,4025.0,4033.0,4797.0
2016-08-24 12:00:00,4029.0,4105.0,4017.0,4017.0,9298.0
2016-08-24 13:00:00,4033.0,4033.0,3996.0,3996.0,14000.0
2016-08-24 14:00:00,4021.0,4057.0,4021.0,4033.0,2765.0
2016-08-24 15:00:00,3992.0,4029.0,3992.0,4029.0,2594.0
2016-08-25 09:00:00,3988.0,4105.0,3988.0,4073.0,3680.0
2016-08-25 10:00:00,4073.0,4073.0,3952.0,4041.0,13461.0
2016-08-25 11:00:00,4041.0,4041.0,3976.0,4025.0,9427.0
2016-08-25 12:00:00,4025.0,4025.0,3992.0,4025.0,1246.0
2016-08-25 13:00:00,4025.0,4041.0,4025.0,4041.0,626.0
2016-08-25 14:00:00,4033.0,4041.0,4025.0,4025.0,333.0
2016-08-25 15:00:00,4041.0,4065.0,4033.0,4065.0,860.0
2016-08-26 09:00:00,4162.0,4170.0,4097.0,4097.0,12686.0
2016-08-26 10:00:00,4226.0,4234.0,4154.0,4162.0,17840.0
2016-08-26 11:00:00,4275.0,4283.0,4210.0,4218.0,11570.0
2016-08-26 12:00:00,4105.0,4202.0,4065.0,4089.0,10129.0
2016-08-26 13:00:00,4283.0,4299.0,4178.0,4258.0,46552.0
2016-08-26 14:00:00,4138.0,4662.0,4097.0,4283.0,151265.0
2016-08-26 15:00:00,4258.0,4347.0,4210.0,4275.0,21032.0
2016-08-29 09:00:00,4105.0,4162.0,3984.0,3992.0,18850.0
2016-08-29 10:00:00,3992.0,4012.0,3968.0,4000.0,9293.0
2016-08-29 11:00:00,4000.0,4008.0,3988.0,4008.0,3237.0
2016-08-29 12:00:00,4008.0,4081.0,4008.0,4081.0,6218.0
2016-08-29 13:00:00,4081.0,4089.0,4025.0,4041.0,2651.0
2016-08-29 14:00:00,4033.0,4049.0,3984.0,4017.0,2242.0
2016-08-29 15:00:00,4004.0,4049.0,4000.0,4021.0,2378.0
2016-08-30 09:00:00,4057.0,4065.0,4033.0,4033.0,2976.0
2016-08-30 10:00:00,4065.0,4073.0,4017.0,4073.0,6273.0
2016-08-30 11:00:00,4033.0,4065.0,4029.0,4065.0,3842.0
2016-08-30 12:00:00,4025.0,4033.0,4000.0,4000.0,8451.0
2016-08-30 13:00:00,4025.0,4029.0,4004.0,4025.0,3995.0
2016-08-30 14:00:00,4097.0,4097.0,4004.0,4029.0,5538.0
2016-08-30 15:00:00,4000.0,4073.0,3992.0,4073.0,20660.0
2016-08-31 09:00:00,3964.0,3964.0,3928.0,3928.0,2948.0
2016-08-31 10:00:00,3944.0,3952.0,3936.0,3936.0,1247.0
2016-08-31 11:00:00,3936.0,3972.0,3928.0,3932.0,3547.0
2016-08-31 12:00:00,4017.0,4033.0,3912.0,3992.0,11181.0
2016-08-31 13:00:00,4049.0,4057.0,4017.0,4041.0,3726.0
2016-08-31 14:00:00,3980.0,3984.0,3940.0,3944.0,3687.0
2016-08-31 15:00:00,3984.0,4073.0,3984.0,4057.0,5169.0
2016-09-01 09:00:00,3920.0,3936.0,3912.0,3936.0,1752.0
2016-09-01 10:00:00,3912.0,3976.0,3859.0,3960.0,4732.0
2016-09-01 11:00:00,3960.0,3968.0,3912.0,3956.0,2039.0
2016-09-01 12:00:00,3952.0,3960.0,3928.0,3960.0,292.0
2016-09-01 13:00:00,3960.0,3960.0,3916.0,3952.0,382.0
2016-09-01 14:00:00,3944.0,3952.0,3944.0,3948.0,1453.0
2016-09-01 15:00:00,3948.0,3952.0,3916.0,3936.0,1455.0
2016-09-02 09:00:00,3924.0,3936.0,3912.0,3920.0,1330.0
2016-09-02 10:00:00,3936.0,3948.0,3920.0,3948.0,2775.0
2016-09-02 11:00:00,3904.0,3948.0,3904.0,3948.0,1998.0
2016-09-02 12:00:00,3892.0,3908.0,3871.0,3887.0,11540.0
2016-09-02 13:00:00,3904.0,3908.0,3896.0,3900.0,1001.0
2016-09-02 14:00:00,3879.0,3912.0,3875.0,3904.0,3562.0
2016-09-02 15:00:00,3900.0,3912.0,3900.0,3904.0,1472.0
2016-09-05 09:00:00,3952.0,3952.0,3896.0,3928.0,6346.0
2016-09-05 10:00:00,3920.0,3928.0,3904.0,3904.0,6439.0
2016-09-05 11:00:00,3904.0,3944.0,3887.0,3944.0,6328.0
2016-09-05 12:00:00,3944.0,3944.0,3920.0,3936.0,2411.0
2016-09-05 13:00:00,3928.0,3936.0,3928.0,3928.0,1184.0
2016-09-05 14:00:00,3932.0,3944.0,3920.0,3928.0,2267.0
2016-09-05 15:00:00,3928.0,3944.0,3912.0,3944.0,733.0
2016-09-06 09:00:00,4008.0,4008.0,3992.0,4008.0,1284.0
2016-09-06 10:00:00,3968.0,4017.0,3968.0,4008.0,5189.0
2016-09-06 11:00:00,3956.0,3968.0,3936.0,3968.0,3518.0
2016-09-06 12:00:00,3944.0,4057.0,3920.0,3952.0,5284.0
2016-09-06 13:00:00,3944.0,3964.0,3932.0,3952.0,4207.0
2016-09-06 14:00:00,3952.0,3968.0,3928.0,3944.0,16853.0
2016-09-06 15:00:00,3948.0,3960.0,3940.0,3940.0,1380.0
2016-09-07 09:00:00,3896.0,3916.0,3839.0,3887.0,22738.0
2016-09-07 10:00:00,3887.0,3900.0,3883.0,3896.0,6506.0
2016-09-07 11:00:00,3932.0,3936.0,3896.0,3924.0,1513.0
2016-09-07 12:00:00,4033.0,4049.0,3799.0,3912.0,12202.0
2016-09-07 13:00:00,3928.0,3932.0,3883.0,3908.0,2642.0
2016-09-07 14:00:00,3908.0,3932.0,3883.0,3908.0,5932.0
2016-09-07 15:00:00,3916.0,3940.0,3879.0,3920.0,6568.0
2016-09-08 09:00:00,3871.0,4008.0,3871.0,3892.0,5409.0
2016-09-08 10:00:00,3892.0,3944.0,3879.0,3883.0,5784.0
2016-09-08 11:00:00,3883.0,3896.0,3871.0,3896.0,7051.0
2016-09-08 12:00:00,3871.0,3896.0,3867.0,3871.0,3970.0
2016-09-08 13:00:00,3871.0,3871.0,3811.0,3855.0,3210.0
2016-09-08 14:00:00,3851.0,3855.0,3815.0,3843.0,2666.0
2016-09-08 15:00:00,3843.0,3843.0,3819.0,3819.0,561.0
2016-09-09 09:00:00,3795.0,3807.0,3775.0,3775.0,346.0
2016-09-09 10:00:00,3803.0,3803.0,3791.0,3791.0,693.0
2016-09-09 11:00:00,3815.0,3823.0,3779.0,3795.0,785.0
2016-09-09 12:00:00,3819.0,3867.0,3775.0,3827.0,1820.0
2016-09-09 13:00:00,3823.0,3823.0,3742.0,3742.0,1612.0
2016-09-09 14:00:00,3819.0,3823.0,3815.0,3823.0,1268.0
2016-09-09 15:00:00,3791.0,3823.0,3758.0,3823.0,363.0
2016-09-12 09:00:00,3783.0,3791.0,3734.0,3734.0,4817.0
2016-09-12 10:00:00,3734.0,3734.0,3718.0,3718.0,1609.0
2016-09-12 11:00:00,3718.0,3718.0,3710.0,3710.0,2778.0
2016-09-12 12:00:00,3710.0,3762.0,3710.0,3762.0,866.0
2016-09-12 13:00:00,3722.0,3722.0,3686.0,3710.0,4096.0
2016-09-12 14:00:00,3710.0,3714.0,3694.0,3698.0,2085.0
2016-09-12 15:00:00,3710.0,3730.0,3706.0,3710.0,492.0
2016-09-13 09:00:00,3742.0,3775.0,3718.0,3775.0,977.0
2016-09-13 10:00:00,3714.0,3746.0,3710.0,3746.0,49.0
2016-09-13 11:00:00,3775.0,3779.0,3710.0,3750.0,2223.0
2016-09-13 12:00:00,3779.0,3779.0,3775.0,3779.0,463.0
2016-09-13 13:00:00,3738.0,3783.0,3706.0,3783.0,779.0
2016-09-13 14:00:00,3783.0,3783.0,3646.0,3738.0,1954.0
2016-09-13 15:00:00,3779.0,3779.0,3779.0,3779.0,50.0
2016-09-19 09:00:00,3791.0,3871.0,3775.0,3787.0,8086.0
2016-09-19 10:00:00,3811.0,3811.0,3807.0,3811.0,2804.0
2016-09-19 11:00:00,3787.0,3811.0,3783.0,3783.0,868.0
2016-09-19 12:00:00,3783.0,3811.0,3775.0,3791.0,1971.0
2016-09-19 13:00:00,3779.0,3791.0,3762.0,3787.0,2550.0
2016-09-19 14:00:00,3787.0,3791.0,3762.0,3787.0,739.0
2016-09-19 15:00:00,3787.0,3791.0,3766.0,3791.0,651.0
2016-09-20 09:00:00,3815.0,3815.0,3795.0,3807.0,673.0
2016-09-20 10:00:00,3799.0,3815.0,3787.0,3815.0,616.0
2016-09-20 11:00:00,3823.0,3823.0,3795.0,3823.0,712.0
2016-09-20 12:00:00,3811.0,3827.0,3791.0,3823.0,2147.0
2016-09-20 13:00:00,3775.0,3896.0,3775.0,3819.0,3788.0
2016-09-20 14:00:00,3815.0,3839.0,3791.0,3831.0,726.0
2016-09-20 15:00:00,3791.0,3791.0,3690.0,3775.0,10096.0
2016-09-21 09:00:00,3863.0,3863.0,3783.0,3799.0,3110.0
2016-09-21 10:00:00,3819.0,3847.0,3742.0,3791.0,2368.0
2016-09-21 11:00:00,3791.0,3831.0,3783.0,3791.0,5368.0
2016-09-21 12:00:00,3791.0,3823.0,3787.0,3791.0,2771.0
2016-09-21 13:00:00,3791.0,3823.0,3783.0,3795.0,810.0
2016-09-21 14:00:00,3803.0,3827.0,3787.0,3791.0,4790.0
2016-09-21 15:00:00,3823.0,3851.0,3823.0,3847.0,2754.0
2016-09-22 09:00:00,3811.0,3835.0,3795.0,3795.0,2230.0
2016-09-22 10:00:00,3807.0,3843.0,3807.0,3835.0,367.0
2016-09-22 11:00:00,3855.0,3855.0,3803.0,3827.0,2095.0
2016-09-22 12:00:00,3843.0,3843.0,3791.0,3823.0,4780.0
2016-09-22 13:00:00,3827.0,3831.0,3815.0,3831.0,66.0
2016-09-22 14:00:00,3904.0,3904.0,3791.0,3843.0,2266.0
2016-09-22 15:00:00,3831.0,3859.0,3799.0,3855.0,3916.0
2016-09-23 09:00:00,3758.0,3775.0,3742.0,3742.0,7148.0
2016-09-23 10:00:00,3758.0,3771.0,3742.0,3742.0,3025.0
2016-09-23 11:00:00,3762.0,3791.0,3734.0,3775.0,22974.0
2016-09-23 12:00:00,3811.0,3839.0,3775.0,3787.0,7555.0
2016-09-23 13:00:00,3787.0,3811.0,3750.0,3791.0,12465.0
2016-09-23 14:00:00,3871.0,3871.0,3783.0,3807.0,4109.0
2016-09-23 15:00:00,3762.0,3799.0,3762.0,3791.0,4378.0
2016-09-26 09:00:00,3823.0,3823.0,3730.0,3742.0,2571.0
2016-09-26 10:00:00,3746.0,3803.0,3742.0,3762.0,11543.0
2016-09-26 11:00:00,3750.0,3779.0,3722.0,3722.0,5463.0
2016-09-26 12:00:00,3722.0,3811.0,3722.0,3738.0,2372.0
2016-09-26 13:00:00,3746.0,3746.0,3714.0,3726.0,5522.0
2016-09-26 14:00:00,3726.0,3771.0,3714.0,3750.0,3987.0
2016-09-26 15:00:00,3742.0,3766.0,3718.0,3766.0,3365.0
2016-09-27 09:00:00,3762.0,3766.0,3758.0,3766.0,1187.0
2016-09-27 10:00:00,3734.0,3762.0,3710.0,3762.0,10660.0
2016-09-27 11:00:00,3722.0,3766.0,3710.0,3766.0,4173.0
2016-09-27 12:00:00,3758.0,3787.0,3758.0,3787.0,1989.0
2016-09-27 13:00:00,3750.0,3791.0,3726.0,3762.0,1390.0
2016-09-27 14:00:00,3762.0,3762.0,3734.0,3734.0,15.0
2016-09-27 15:00:00,3787.0,3787.0,3726.0,3730.0,4886.0
2016-09-28 09:00:00,3783.0,3831.0,3754.0,3787.0,2115.0
2016-09-28 10:00:00,3787.0,3811.0,3787.0,3811.0,3605.0
2016-09-28 11:00:00,3807.0,3908.0,3807.0,3863.0,17431.0
2016-09-28 12:00:00,3863.0,3904.0,3859.0,3896.0,8432.0
2016-09-28 13:00:00,3879.0,3896.0,3867.0,3883.0,5404.0
2016-09-28 14:00:00,3871.0,3883.0,3863.0,3879.0,3066.0
2016-09-28 15:00:00,3871.0,3871.0,3863.0,3871.0,932.0
2016-09-29 09:00:00,3839.0,3855.0,3827.0,3855.0,3492.0
2016-09-29 10:00:00,3855.0,3855.0,3823.0,3839.0,6980.0
2016-09-29 11:00:00,3892.0,3896.0,3839.0,3855.0,4232.0
2016-09-29 12:00:00,3928.0,3928.0,3879.0,3879.0,5543.0
2016-09-29 13:00:00,3904.0,3908.0,3904.0,3904.0,258.0
2016-09-29 14:00:00,3879.0,3912.0,3875.0,3912.0,158.0
2016-09-29 15:00:00,3892.0,3900.0,3851.0,3859.0,2480.0
2016-09-30 09:00:00,3831.0,3835.0,3795.0,3835.0,3480.0
2016-09-30 10:00:00,3807.0,3823.0,3799.0,3823.0,2294.0
2016-09-30 11:00:00,3855.0,3855.0,3819.0,3851.0,2031.0
2016-09-30 12:00:00,3831.0,3839.0,3791.0,3835.0,2231.0
2016-09-30 13:00:00,3855.0,3871.0,3815.0,3871.0,1273.0
2016-09-30 14:00:00,3791.0,3863.0,3791.0,3819.0,9878.0
2016-09-30 15:00:00,3887.0,3887.0,3855.0,3855.0,451.0
2016-10-04 09:00:00,3855.0,3904.0,3823.0,3892.0,3611.0
2016-10-04 10:00:00,3847.0,3879.0,3831.0,3831.0,1845.0
2016-10-04 11:00:00,3875.0,3892.0,3839.0,3892.0,3666.0
2016-10-04 12:00:00,3851.0,3896.0,3851.0,3879.0,3725.0
2016-10-04 13:00:00,3879.0,3896.0,3855.0,3867.0,4802.0
2016-10-04 14:00:00,3867.0,3944.0,3855.0,3908.0,6079.0
2016-10-04 15:00:00,3883.0,3908.0,3883.0,3904.0,1473.0
2016-10-05 09:00:00,3867.0,3871.0,3851.0,3871.0,1537.0
2016-10-05 10:00:00,3863.0,3871.0,3851.0,3851.0,1525.0
2016-10-05 11:00:00,3871.0,3887.0,3855.0,3855.0,3338.0
2016-10-05 12:00:00,3916.0,3916.0,3871.0,3896.0,5503.0
2016-10-05 13:00:00,3879.0,3896.0,3851.0,3867.0,1203.0
2016-10-05 14:00:00,3904.0,3968.0,3887.0,3887.0,6077.0
2016-10-05 15:00:00,3859.0,3887.0,3855.0,3871.0,2083.0
2016-10-06 09:00:00,3843.0,3916.0,3843.0,3883.0,3131.0
2016-10-06 10:00:00,3883.0,3883.0,3795.0,3843.0,3436.0
2016-10-06 11:00:00,3843.0,3843.0,3811.0,3843.0,930.0
2016-10-06 12:00:00,3815.0,3855.0,3803.0,3807.0,5163.0
2016-10-06 13:00:00,3843.0,3871.0,3827.0,3867.0,953.0
2016-10-06 14:00:00,3867.0,3867.0,3847.0,3847.0,30.0
2016-10-06 15:00:00,3831.0,3847.0,3803.0,3803.0,2753.0
2016-10-07 09:00:00,3738.0,3771.0,3734.0,3762.0,2362.0
2016-10-07 10:00:00,3750.0,3775.0,3726.0,3742.0,8008.0
2016-10-07 11:00:00,3783.0,3791.0,3750.0,3775.0,23788.0
2016-10-07 12:00:00,3803.0,3831.0,3787.0,3823.0,6602.0
2016-10-07 13:00:00,3831.0,3863.0,3815.0,3859.0,1483.0
2016-10-07 14:00:00,3807.0,3871.0,3807.0,3831.0,5583.0
2016-10-07 15:00:00,3859.0,3859.0,3779.0,3779.0,8296.0
2016-10-10 09:00:00,3758.0,3762.0,3742.0,3762.0,2760.0
2016-10-10 10:00:00,3762.0,3766.0,3762.0,3766.0,616.0
2016-10-10 11:00:00,3771.0,3771.0,3746.0,3766.0,319.0
2016-10-10 12:00:00,3742.0,3783.0,3738.0,3775.0,3372.0
2016-10-10 13:00:00,3771.0,3775.0,3750.0,3775.0,1431.0
2016-10-10 14:00:00,3746.0,3771.0,3746.0,3771.0,734.0
2016-10-10 15:00:00,3766.0,3771.0,3750.0,3750.0,523.0
2016-10-11 09:00:00,3827.0,3827.0,3754.0,3762.0,2027.0
2016-10-11 10:00:00,3758.0,3779.0,3750.0,3766.0,644.0
2016-10-11 11:00:00,3766.0,3791.0,3726.0,3746.0,5444.0
2016-10-11 12:00:00,3726.0,3750.0,3714.0,3742.0,2109.0
2016-10-11 13:00:00,3738.0,3738.0,3722.0,3734.0,331.0
2016-10-11 14:00:00,3734.0,3734.0,3710.0,3734.0,5993.0
2016-10-11 15:00:00,3710.0,3738.0,3706.0,3738.0,2504.0
2016-10-12 09:00:00,3629.0,3654.0,3593.0,3629.0,5653.0
2016-10-12 10:00:00,3629.0,3629.0,3605.0,3605.0,4944.0
2016-10-12 11:00:00,3654.0,3654.0,3561.0,3613.0,15875.0
2016-10-12 12:00:00,3706.0,3730.0,3686.0,3694.0,4169.0
2016-10-12 13:00:00,3714.0,3714.0,3694.0,3710.0,2203.0
2016-10-12 14:00:00,3698.0,3746.0,3698.0,3738.0,2627.0
2016-10-12 15:00:00,3698.0,3706.0,3646.0,3706.0,12668.0
2016-10-13 09:00:00,3609.0,3670.0,3504.0,3573.0,55039.0
2016-10-13 10:00:00,3573.0,3605.0,3549.0,3589.0,7751.0
2016-10-13 11:00:00,3581.0,3581.0,3408.0,3460.0,16647.0
2016-10-13 12:00:00,3468.0,3492.0,3468.0,3492.0,2116.0
2016-10-13 13:00:00,3492.0,3504.0,3484.0,3484.0,1583.0
2016-10-13 14:00:00,3484.0,3569.0,3476.0,3533.0,3263.0
2016-10-13 15:00:00,3533.0,3585.0,3529.0,3585.0,4433.0
2016-10-14 09:00:00,3525.0,3533.0,3484.0,3533.0,1164.0
2016-10-14 10:00:00,3525.0,3529.0,3500.0,3525.0,1954.0
2016-10-14 11:00:00,3504.0,3533.0,3488.0,3525.0,3057.0
2016-10-14 12:00:00,3545.0,3545.0,3500.0,3529.0,5710.0
2016-10-14 13:00:00,3541.0,3549.0,3521.0,3545.0,2062.0
2016-10-14 14:00:00,3549.0,3565.0,3504.0,3549.0,4300.0
2016-10-14 15:00:00,3545.0,3545.0,3541.0,3545.0,510.0
2016-10-17 09:00:00,3565.0,3565.0,3472.0,3500.0,7000.0
2016-10-17 10:00:00,3476.0,3525.0,3476.0,3480.0,2200.0
2016-10-17 11:00:00,3488.0,3492.0,3480.0,3484.0,1143.0
2016-10-17 12:00:00,3480.0,3480.0,3379.0,3432.0,18367.0
2016-10-17 13:00:00,3432.0,3432.0,3387.0,3387.0,5792.0
2016-10-17 14:00:00,3420.0,3541.0,3420.0,3452.0,8491.0
2016-10-17 15:00:00,3452.0,3488.0,3432.0,3488.0,3146.0
2016-10-18 09:00:00,3472.0,3496.0,3460.0,3460.0,4097.0
2016-10-18 10:00:00,3472.0,3496.0,3472.0,3472.0,1852.0
2016-10-18 11:00:00,3460.0,3496.0,3456.0,3496.0,2928.0
2016-10-18 12:00:00,3496.0,3496.0,3468.0,3468.0,701.0
2016-10-18 13:00:00,3504.0,3512.0,3476.0,3476.0,2547.0
2016-10-18 14:00:00,3488.0,3492.0,3468.0,3488.0,123.0
2016-10-18 15:00:00,3488.0,3500.0,3432.0,3500.0,8815.0
2016-10-19 09:00:00,3428.0,3456.0,3428.0,3444.0,2789.0
2016-10-19 10:00:00,3428.0,3428.0,3420.0,3428.0,787.0
2016-10-19 11:00:00,3428.0,3432.0,3416.0,3428.0,8845.0
2016-10-19 12:00:00,3496.0,3516.0,3452.0,3460.0,7382.0
2016-10-19 13:00:00,3452.0,3452.0,3432.0,3440.0,5592.0
2016-10-19 14:00:00,3492.0,3492.0,3444.0,3448.0,2968.0
2016-10-19 15:00:00,3440.0,3444.0,3428.0,3428.0,6522.0
2016-10-20 09:00:00,3424.0,3476.0,3424.0,3464.0,725.0
2016-10-20 10:00:00,3456.0,3464.0,3444.0,3464.0,1401.0
2016-10-20 11:00:00,3464.0,3504.0,3464.0,3480.0,1773.0
2016-10-20 12:00:00,3504.0,3504.0,3464.0,3468.0,4600.0
2016-10-20 13:00:00,3464.0,3468.0,3420.0,3468.0,6487.0
2016-10-20 14:00:00,3424.0,3444.0,3420.0,3444.0,160.0
2016-10-20 15:00:00,3424.0,3444.0,3420.0,3420.0,462.0
2016-10-21 09:00:00,3355.0,3383.0,3351.0,3371.0,706.0
2016-10-21 10:00:00,3379.0,3387.0,3355.0,3379.0,4453.0
2016-10-21 11:00:00,3379.0,3379.0,3355.0,3379.0,3341.0
2016-10-21 12:00:00,3412.0,3428.0,3343.0,3359.0,10695.0
2016-10-21 13:00:00,3379.0,3387.0,3363.0,3387.0,1360.0
2016-10-21 14:00:00,3375.0,3387.0,3375.0,3387.0,884.0
2016-10-21 15:00:00,3375.0,3383.0,3363.0,3383.0,1182.0
2016-10-24 09:00:00,3319.0,3327.0,3315.0,3315.0,589.0
2016-10-24 10:00:00,3315.0,3319.0,3311.0,3315.0,3617.0
2016-10-24 11:00:00,3327.0,3327.0,3327.0,3327.0,62.0
2016-10-24 12:00:00,3323.0,3379.0,3319.0,3331.0,3643.0
2016-10-24 13:00:00,3327.0,3331.0,3315.0,3327.0,5195.0
2016-10-24 14:00:00,3327.0,3331.0,3323.0,3327.0,6278.0
2016-10-24 15:00:00,3327.0,3331.0,3327.0,3327.0,245.0
2016-10-25 09:00:00,3371.0,3371.0,3258.0,3258.0,2328.0
2016-10-25 10:00:00,3258.0,3295.0,3230.0,3242.0,2589.0
2016-10-25 11:00:00,3230.0,3262.0,3222.0,3250.0,4369.0
2016-10-25 12:00:00,3250.0,3250.0,3206.0,3206.0,1173.0
2016-10-25 13:00:00,3250.0,3250.0,3234.0,3234.0,588.0
2016-10-25 14:00:00,3242.0,3246.0,3226.0,3246.0,5906.0
2016-10-25 15:00:00,3246.0,3246.0,3230.0,3230.0,3179.0
2016-10-26 09:00:00,3077.0,3125.0,3077.0,3125.0,10056.0
2016-10-26 10:00:00,3125.0,3129.0,3077.0,3121.0,3625.0
2016-10-26 11:00:00,3109.0,3109.0,3077.0,3081.0,9278.0
2016-10-26 12:00:00,3307.0,3307.0,3218.0,3258.0,2124.0
2016-10-26 13:00:00,3218.0,3226.0,3097.0,3097.0,14992.0
2016-10-26 14:00:00,3258.0,3262.0,3218.0,3218.0,9540.0
2016-10-26 15:00:00,3105.0,3141.0,3101.0,3141.0,1149.0
2016-10-27 09:00:00,3004.0,3105.0,3004.0,3105.0,34969.0
2016-10-27 10:00:00,3109.0,3266.0,3097.0,3266.0,14288.0
2016-10-27 11:00:00,3283.0,3283.0,3234.0,3262.0,4292.0
2016-10-27 12:00:00,3238.0,3270.0,3230.0,3270.0,2774.0
2016-10-27 13:00:00,3275.0,3383.0,3266.0,3359.0,11135.0
2016-10-27 14:00:00,3359.0,3420.0,3315.0,3347.0,11968.0
2016-10-27 15:00:00,3379.0,3387.0,3347.0,3387.0,7265.0
2016-10-28 09:00:00,3261.0,3291.0,3257.0,3291.0,964.0
2016-10-28 10:00:00,3295.0,3295.0,3261.0,3261.0,1733.0
2016-10-28 11:00:00,3265.0,3295.0,3257.0,3295.0,1595.0
2016-10-28 12:00:00,3257.0,3265.0,3249.0,3265.0,2056.0
2016-10-28 13:00:00,3249.0,3265.0,3244.0,3244.0,2170.0
2016-10-28 14:00:00,3387.0,3387.0,3223.0,3244.0,11156.0
2016-10-28 15:00:00,3244.0,3265.0,3244.0,3244.0,398.0
2016-10-31 09:00:00,3257.0,3257.0,3152.0,3152.0,4664.0
2016-10-31 10:00:00,3152.0,3257.0,3139.0,3253.0,4039.0
2016-10-31 11:00:00,3185.0,3185.0,3152.0,3152.0,154.0
2016-10-31 12:00:00,3152.0,3249.0,3152.0,3232.0,1865.0
2016-10-31 13:00:00,3228.0,3228.0,3185.0,3194.0,333.0
2016-10-31 14:00:00,3211.0,3211.0,3185.0,3190.0,1643.0
2016-10-31 15:00:00,3202.0,3206.0,3185.0,3202.0,1653.0
2016-11-01 09:00:00,3173.0,3173.0,3131.0,3131.0,1671.0
2016-11-01 10:00:00,3185.0,3185.0,3156.0,3156.0,1012.0
2016-11-01 11:00:00,3131.0,3156.0,3110.0,3114.0,4111.0
2016-11-01 12:00:00,3185.0,3190.0,3148.0,3156.0,1068.0
2016-11-01 13:00:00,3139.0,3181.0,3139.0,3181.0,1480.0
2016-11-01 14:00:00,3198.0,3198.0,3114.0,3148.0,1386.0
2016-11-01 15:00:00,3169.0,3190.0,3164.0,3190.0,801.0
2016-11-02 09:00:00,3114.0,3135.0,3106.0,3135.0,805.0
2016-11-02 10:00:00,3127.0,3156.0,3013.0,3013.0,1535.0
2016-11-02 11:00:00,3009.0,3009.0,2946.0,2996.0,2468.0
2016-11-02 12:00:00,2996.0,3194.0,2996.0,3110.0,6035.0
2016-11-02 13:00:00,3055.0,3089.0,3021.0,3026.0,2387.0
2016-11-02 14:00:00,3026.0,3068.0,3026.0,3068.0,648.0
2016-11-02 15:00:00,3038.0,3110.0,2988.0,2988.0,808.0
2016-11-03 09:00:00,3110.0,3114.0,3063.0,3097.0,239.0
2016-11-03 10:00:00,3009.0,3114.0,3005.0,3110.0,2398.0
2016-11-03 11:00:00,2933.0,3051.0,2933.0,3051.0,1671.0
2016-11-03 12:00:00,2866.0,3017.0,2853.0,2920.0,4225.0
2016-11-03 13:00:00,2891.0,2929.0,2882.0,2925.0,2041.0
2016-11-03 14:00:00,2971.0,2971.0,2874.0,2916.0,1802.0
2016-11-03 15:00:00,2925.0,2937.0,2925.0,2937.0,43.0
2016-11-04 09:00:00,3068.0,3097.0,3055.0,3097.0,1683.0
2016-11-04 10:00:00,3089.0,3106.0,3072.0,3106.0,487.0
2016-11-04 11:00:00,3068.0,3106.0,3051.0,3097.0,795.0
2016-11-04 12:00:00,3114.0,3114.0,3076.0,3106.0,1450.0
2016-11-04 13:00:00,3093.0,3106.0,3059.0,3097.0,223.0
2016-11-04 14:00:00,3059.0,3101.0,3059.0,3097.0,236.0
2016-11-04 15:00:00,3068.0,3068.0,3068.0,3068.0,2.0
2016-11-07 09:00:00,3164.0,3228.0,3122.0,3206.0,2198.0
2016-11-07 10:00:00,3206.0,3362.0,3202.0,3362.0,6351.0
2016-11-07 11:00:00,3358.0,3501.0,3274.0,3303.0,31283.0
2016-11-07 12:00:00,3333.0,3333.0,3295.0,3316.0,323.0
2016-11-07 13:00:00,3295.0,3320.0,3295.0,3312.0,49.0
2016-11-07 14:00:00,3312.0,3350.0,3282.0,3337.0,2869.0
2016-11-07 15:00:00,3316.0,3341.0,3278.0,3278.0,459.0
2016-11-08 09:00:00,3261.0,3312.0,3261.0,3312.0,2021.0
2016-11-08 10:00:00,3278.0,3282.0,3198.0,3261.0,2115.0
2016-11-08 11:00:00,3307.0,3307.0,3236.0,3278.0,2105.0
2016-11-08 12:00:00,3291.0,3320.0,3274.0,3274.0,1287.0
2016-11-08 13:00:00,3316.0,3329.0,3299.0,3320.0,365.0
2016-11-08 14:00:00,3366.0,3366.0,3282.0,3329.0,773.0
2016-11-08 15:00:00,3274.0,3299.0,3270.0,3299.0,568.0
2016-11-09 09:00:00,3408.0,3446.0,3392.0,3446.0,10540.0
2016-11-09 10:00:00,3451.0,3577.0,3413.0,3413.0,22763.0
2016-11-09 11:00:00,3442.0,3451.0,3156.0,3350.0,27841.0
2016-11-09 12:00:00,3261.0,3329.0,3206.0,3240.0,8884.0
2016-11-09 13:00:00,3240.0,3320.0,3202.0,3202.0,10045.0
2016-11-09 14:00:00,3206.0,3312.0,3194.0,3291.0,2397.0
2016-11-09 15:00:00,3286.0,3295.0,3257.0,3278.0,479.0
2016-11-10 09:00:00,3383.0,3425.0,3379.0,3425.0,589.0
2016-11-10 10:00:00,3404.0,3408.0,3371.0,3400.0,4010.0
2016-11-10 11:00:00,3417.0,3438.0,3417.0,3438.0,2389.0
2016-11-10 12:00:00,3442.0,3446.0,3408.0,3408.0,3286.0
2016-11-10 13:00:00,3354.0,3438.0,3350.0,3438.0,6847.0
2016-11-10 14:00:00,3366.0,3421.0,3341.0,3383.0,5046.0
2016-11-10 15:00:00,3408.0,3425.0,3392.0,3392.0,727.0
2016-11-11 09:00:00,3400.0,3413.0,3400.0,3413.0,483.0
2016-11-11 10:00:00,3383.0,3413.0,3375.0,3413.0,1352.0
2016-11-11 11:00:00,3408.0,3413.0,3400.0,3408.0,677.0
2016-11-11 12:00:00,3425.0,3434.0,3383.0,3430.0,557.0
2016-11-11 13:00:00,3451.0,3451.0,3350.0,3430.0,2633.0
2016-11-11 14:00:00,3396.0,3425.0,3379.0,3413.0,321.0
2016-11-14 09:00:00,3442.0,3442.0,3371.0,3408.0,1100.0
2016-11-14 10:00:00,3375.0,3408.0,3375.0,3408.0,1598.0
2016-11-14 11:00:00,3408.0,3425.0,3408.0,3425.0,1748.0
2016-11-14 12:00:00,3425.0,3425.0,3379.0,3408.0,240.0
2016-11-14 13:00:00,3392.0,3404.0,3371.0,3400.0,1968.0
2016-11-14 14:00:00,3379.0,3396.0,3371.0,3387.0,1144.0
2016-11-15 09:00:00,3320.0,3366.0,3320.0,3366.0,2815.0
2016-11-15 10:00:00,3345.0,3366.0,3291.0,3320.0,7985.0
2016-11-15 11:00:00,3358.0,3358.0,3354.0,3358.0,177.0
2016-11-15 12:00:00,3358.0,3358.0,3337.0,3358.0,1451.0
2016-11-15 13:00:00,3375.0,3375.0,3354.0,3362.0,1004.0
2016-11-15 14:00:00,3396.0,3400.0,3358.0,3375.0,1008.0
2016-11-15 15:00:00,3358.0,3358.0,3341.0,3358.0,132.0
2016-11-16 09:00:00,3568.0,3568.0,3375.0,3417.0,4266.0
2016-11-16 10:00:00,3430.0,3434.0,3387.0,3434.0,26.0
2016-11-16 11:00:00,3417.0,3425.0,3379.0,3425.0,124.0
2016-11-16 12:00:00,3387.0,3425.0,3387.0,3425.0,235.0
2016-11-16 13:00:00,3413.0,3425.0,3392.0,3421.0,1194.0
2016-11-16 14:00:00,3421.0,3425.0,3387.0,3425.0,1124.0
2016-11-16 15:00:00,3421.0,3425.0,3413.0,3425.0,4430.0
2016-11-17 09:00:00,3442.0,3467.0,3442.0,3467.0,2424.0
2016-11-17 10:00:00,3438.0,3442.0,3434.0,3434.0,532.0
2016-11-17 11:00:00,3425.0,3442.0,3400.0,3438.0,2716.0
2016-11-17 12:00:00,3392.0,3425.0,3392.0,3425.0,1023.0
2016-11-17 13:00:00,3392.0,3421.0,3392.0,3421.0,91.0
2016-11-17 14:00:00,3383.0,3425.0,3383.0,3425.0,520.0
2016-11-17 15:00:00,3472.0,3472.0,3392.0,3392.0,2905.0
2016-11-18 09:00:00,3484.0,3484.0,3404.0,3404.0,1953.0
2016-11-18 10:00:00,3425.0,3459.0,3421.0,3446.0,269.0
2016-11-18 11:00:00,3451.0,3451.0,3434.0,3434.0,309.0
2016-11-18 12:00:00,3434.0,3438.0,3387.0,3396.0,1559.0
2016-11-18 13:00:00,3425.0,3425.0,3379.0,3379.0,1652.0
2016-11-18 14:00:00,3379.0,3383.0,3379.0,3383.0,777.0
2016-11-18 15:00:00,3383.0,3383.0,3379.0,3383.0,934.0
2016-11-21 09:00:00,3375.0,3400.0,3362.0,3362.0,219.0
2016-11-21 10:00:00,3392.0,3392.0,3375.0,3392.0,296.0
2016-11-21 11:00:00,3366.0,3366.0,3320.0,3320.0,1126.0
2016-11-21 12:00:00,3408.0,3421.0,3408.0,3421.0,71.0
2016-11-21 13:00:00,3350.0,3408.0,3320.0,3408.0,1328.0
2016-11-21 14:00:00,3312.0,3446.0,3312.0,3354.0,1190.0
2016-11-21 15:00:00,3400.0,3408.0,3375.0,3400.0,202.0
2016-11-22 09:00:00,3408.0,3408.0,3350.0,3354.0,60.0
2016-11-22 10:00:00,3362.0,3362.0,3337.0,3337.0,109.0
2016-11-22 11:00:00,3333.0,3333.0,3324.0,3324.0,63.0
2016-11-22 12:00:00,3316.0,3316.0,3316.0,3316.0,288.0
2016-11-22 13:00:00,3316.0,3316.0,3249.0,3299.0,3624.0
2016-11-22 14:00:00,3270.0,3299.0,3261.0,3299.0,514.0
2016-11-22 15:00:00,3278.0,3324.0,3257.0,3324.0,831.0
2016-11-23 09:00:00,3253.0,3282.0,3249.0,3282.0,164.0
2016-11-23 10:00:00,3257.0,3291.0,3253.0,3291.0,1796.0
2016-11-23 11:00:00,3249.0,3295.0,3249.0,3282.0,349.0
2016-11-23 12:00:00,3253.0,3257.0,3215.0,3223.0,956.0
2016-11-23 13:00:00,3228.0,3261.0,3198.0,3257.0,1177.0
2016-11-23 14:00:00,3324.0,3324.0,3122.0,3240.0,2627.0
2016-11-23 15:00:00,3249.0,3265.0,3249.0,3265.0,483.0
2016-11-24 09:00:00,3219.0,3236.0,3206.0,3236.0,1332.0
2016-11-24 10:00:00,3206.0,3223.0,3206.0,3215.0,222.0
2016-11-24 11:00:00,3223.0,3265.0,3223.0,3265.0,701.0
2016-11-24 12:00:00,3265.0,3274.0,3194.0,3223.0,4404.0
2016-11-24 13:00:00,3232.0,3274.0,3215.0,3274.0,370.0
2016-11-24 14:00:00,3206.0,3274.0,3206.0,3232.0,1875.0
2016-11-24 15:00:00,3211.0,3228.0,3194.0,3228.0,323.0
2016-11-25 09:00:00,3312.0,3312.0,3223.0,3278.0,143.0
2016-11-25 10:00:00,3274.0,3274.0,3274.0,3274.0,1.0
2016-11-25 11:00:00,3270.0,3270.0,3223.0,3232.0,116.0
2016-11-25 12:00:00,3232.0,3232.0,3160.0,3160.0,2000.0
2016-11-25 13:00:00,3244.0,3274.0,3206.0,3232.0,282.0
2016-11-25 14:00:00,3265.0,3274.0,3206.0,3270.0,300.0
2016-11-25 15:00:00,3270.0,3274.0,3270.0,3274.0,487.0
2016-11-28 09:00:00,3228.0,3228.0,3219.0,3228.0,399.0
2016-11-28 10:00:00,3249.0,3249.0,3223.0,3223.0,631.0
2016-11-28 11:00:00,3228.0,3253.0,3228.0,3249.0,781.0
2016-11-28 12:00:00,3249.0,3249.0,3249.0,3249.0,310.0
2016-11-28 13:00:00,3286.0,3286.0,3282.0,3282.0,1189.0
2016-11-28 14:00:00,3249.0,3253.0,3249.0,3253.0,601.0
2016-11-28 15:00:00,3274.0,3274.0,3232.0,3249.0,1765.0
2016-11-29 09:00:00,3278.0,3278.0,3211.0,3211.0,1326.0
2016-11-29 10:00:00,3215.0,3236.0,3211.0,3236.0,2858.0
2016-11-29 11:00:00,3240.0,3249.0,3232.0,3232.0,1349.0
2016-11-29 12:00:00,3249.0,3362.0,3249.0,3316.0,1426.0
2016-11-29 13:00:00,3324.0,3337.0,3253.0,3257.0,488.0
2016-11-29 14:00:00,3261.0,3324.0,3257.0,3265.0,143.0
2016-11-29 15:00:00,3270.0,3270.0,3270.0,3270.0,2.0
2016-11-30 09:00:00,3206.0,3286.0,3206.0,3219.0,1980.0
2016-11-30 10:00:00,3228.0,3270.0,3206.0,3232.0,1331.0
2016-11-30 11:00:00,3249.0,3307.0,3240.0,3240.0,1544.0
2016-11-30 12:00:00,3312.0,3312.0,3312.0,3312.0,8.0
2016-11-30 13:00:00,3240.0,3244.0,3240.0,3240.0,207.0
2016-11-30 14:00:00,3244.0,3316.0,3215.0,3316.0,439.0
2016-11-30 15:00:00,3244.0,3265.0,3215.0,3265.0,3189.0
2016-12-01 09:00:00,3249.0,3274.0,3236.0,3274.0,4249.0
2016-12-01 10:00:00,3270.0,3366.0,3270.0,3366.0,5249.0
2016-12-01 11:00:00,3274.0,3274.0,3244.0,3244.0,519.0
2016-12-01 12:00:00,3291.0,3291.0,3232.0,3265.0,4112.0
2016-12-01 13:00:00,3265.0,3278.0,3265.0,3278.0,339.0
2016-12-01 14:00:00,3261.0,3274.0,3261.0,3274.0,27.0
2016-12-01 15:00:00,3274.0,3295.0,3135.0,3291.0,4579.0
2016-12-02 09:00:00,3366.0,3366.0,3282.0,3282.0,2467.0
2016-12-02 10:00:00,3282.0,3286.0,3244.0,3270.0,2663.0
2016-12-02 11:00:00,3270.0,3270.0,3244.0,3244.0,517.0
2016-12-02 12:00:00,3244.0,3265.0,3219.0,3240.0,1253.0
2016-12-02 13:00:00,3253.0,3253.0,3228.0,3228.0,1806.0
2016-12-02 14:00:00,3228.0,3240.0,3219.0,3223.0,339.0
2016-12-02 15:00:00,3219.0,3265.0,3219.0,3236.0,4107.0
2016-12-05 09:00:00,3190.0,3215.0,3181.0,3185.0,217.0
2016-12-05 10:00:00,3177.0,3206.0,3160.0,3185.0,586.0
2016-12-05 11:00:00,3181.0,3202.0,3164.0,3164.0,376.0
2016-12-05 12:00:00,3177.0,3190.0,3160.0,3190.0,407.0
2016-12-05 13:00:00,3185.0,3190.0,3173.0,3173.0,409.0
2016-12-05 14:00:00,3240.0,3358.0,3181.0,3232.0,1930.0
2016-12-05 15:00:00,3173.0,3181.0,3164.0,3181.0,1148.0
2016-12-06 09:00:00,3127.0,3261.0,3127.0,3261.0,1956.0
2016-12-06 10:00:00,3198.0,3198.0,3135.0,3164.0,6095.0
2016-12-06 11:00:00,3173.0,3206.0,3173.0,3206.0,1019.0
2016-12-06 12:00:00,3211.0,3228.0,3211.0,3228.0,115.0
2016-12-06 13:00:00,3223.0,3249.0,3211.0,3244.0,857.0
2016-12-06 14:00:00,3240.0,3261.0,3240.0,3261.0,62.0
2016-12-06 15:00:00,3240.0,3244.0,3206.0,3236.0,181.0
2016-12-07 09:00:00,3202.0,3236.0,3169.0,3236.0,721.0
2016-12-07 10:00:00,3198.0,3236.0,3198.0,3206.0,845.0
2016-12-07 11:00:00,3232.0,3236.0,3198.0,3198.0,3136.0
2016-12-07 12:00:00,3223.0,3236.0,3156.0,3232.0,1467.0
2016-12-07 13:00:00,3232.0,3244.0,3228.0,3228.0,361.0
2016-12-07 14:00:00,3232.0,3240.0,3198.0,3240.0,62.0
2016-12-07 15:00:00,3228.0,3236.0,3206.0,3232.0,512.0
2016-12-08 09:00:00,3282.0,3286.0,3282.0,3282.0,281.0
2016-12-08 10:00:00,3282.0,3307.0,3282.0,3303.0,5695.0
2016-12-08 11:00:00,3282.0,3282.0,3270.0,3282.0,1858.0
2016-12-08 12:00:00,3320.0,3320.0,3223.0,3270.0,2114.0
2016-12-08 13:00:00,3278.0,3286.0,3265.0,3286.0,87.0
2016-12-08 14:00:00,3265.0,3286.0,3265.0,3286.0,1210.0
2016-12-08 15:00:00,3282.0,3282.0,3270.0,3282.0,2545.0
2016-12-09 09:00:00,3249.0,3324.0,3249.0,3286.0,3808.0
2016-12-09 10:00:00,3282.0,3324.0,3244.0,3270.0,8633.0
2016-12-09 11:00:00,3278.0,3278.0,3240.0,3270.0,5029.0
2016-12-09 12:00:00,3265.0,3265.0,3240.0,3240.0,3303.0
2016-12-09 13:00:00,3240.0,3265.0,3232.0,3232.0,1193.0
2016-12-09 14:00:00,3232.0,3270.0,3232.0,3265.0,703.0
2016-12-09 15:00:00,3265.0,3265.0,3265.0,3265.0,23.0
2016-12-12 09:00:00,3337.0,3350.0,3303.0,3341.0,1814.0
2016-12-12 10:00:00,3307.0,3341.0,3282.0,3341.0,7894.0
2016-12-12 11:00:00,3341.0,3350.0,3341.0,3350.0,431.0
2016-12-12 12:00:00,3257.0,3282.0,3215.0,3257.0,5307.0
2016-12-12 13:00:00,3320.0,3320.0,3240.0,3257.0,2429.0
2016-12-12 14:00:00,3274.0,3316.0,3261.0,3307.0,5614.0
2016-12-12 15:00:00,3244.0,3257.0,3232.0,3253.0,5168.0
2016-12-13 09:00:00,3354.0,3493.0,3354.0,3387.0,9220.0
2016-12-13 10:00:00,3392.0,3472.0,3392.0,3396.0,4149.0
2016-12-13 11:00:00,3417.0,3417.0,3392.0,3392.0,1432.0
2016-12-13 12:00:00,3404.0,3425.0,3404.0,3425.0,2582.0
2016-12-13 13:00:00,3425.0,3451.0,3413.0,3442.0,4316.0
2016-12-13 14:00:00,3442.0,3463.0,3438.0,3438.0,5072.0
2016-12-13 15:00:00,3459.0,3480.0,3451.0,3480.0,5931.0
2016-12-14 09:00:00,3640.0,3645.0,3615.0,3645.0,1512.0
2016-12-14 10:00:00,3615.0,3615.0,3615.0,3615.0,1.0
2016-12-14 11:00:00,3620.0,3680.0,3610.0,3610.0,4489.0
2016-12-14 12:00:00,3575.0,3595.0,3545.0,3590.0,5264.0
2016-12-14 13:00:00,3595.0,3615.0,3580.0,3615.0,5763.0
2016-12-14 14:00:00,3780.0,3780.0,3550.0,3555.0,13368.0
2016-12-14 15:00:00,3615.0,3630.0,3600.0,3620.0,950.0
2016-12-15 09:00:00,3655.0,3690.0,3625.0,3690.0,7348.0
2016-12-15 10:00:00,3690.0,3715.0,3690.0,3715.0,441.0
2016-12-15 11:00:00,3700.0,3700.0,3650.0,3650.0,2113.0
2016-12-15 12:00:00,3680.0,3745.0,3680.0,3730.0,1390.0
2016-12-15 13:00:00,3730.0,3745.0,3700.0,3725.0,875.0
2016-12-15 14:00:00,3700.0,3710.0,3615.0,3670.0,4898.0
2016-12-15 15:00:00,3725.0,3725.0,3700.0,3700.0,1041.0
2016-12-16 09:00:00,3740.0,3745.0,3670.0,3710.0,580.0
2016-12-16 10:00:00,3710.0,3710.0,3680.0,3680.0,846.0
2016-12-16 11:00:00,3680.0,3720.0,3625.0,3665.0,2169.0
2016-12-16 12:00:00,3660.0,3660.0,3660.0,3660.0,8.0
2016-12-16 13:00:00,3660.0,3700.0,3660.0,3690.0,115.0
2016-12-16 14:00:00,3695.0,3695.0,3670.0,3670.0,1211.0
2016-12-16 15:00:00,3670.0,3720.0,3670.0,3720.0,1506.0
2016-12-19 09:00:00,3670.0,3720.0,3670.0,3720.0,67.0
2016-12-19 10:00:00,3620.0,3735.0,3615.0,3660.0,3116.0
2016-12-19 11:00:00,3710.0,3710.0,3710.0,3710.0,81.0
2016-12-19 12:00:00,3695.0,3695.0,3615.0,3615.0,287.0
2016-12-19 13:00:00,3720.0,3720.0,3600.0,3690.0,961.0
2016-12-19 14:00:00,3670.0,3690.0,3620.0,3620.0,48.0
2016-12-19 15:00:00,3695.0,3720.0,3690.0,3720.0,519.0
2016-12-20 09:00:00,3720.0,3730.0,3720.0,3730.0,21.0
2016-12-20 10:00:00,3730.0,3800.0,3730.0,3800.0,24.0
2016-12-20 11:00:00,3770.0,3780.0,3740.0,3740.0,254.0
2016-12-20 12:00:00,3715.0,3715.0,3700.0,3700.0,241.0
2016-12-20 13:00:00,3690.0,3690.0,3690.0,3690.0,10.0
2016-12-20 14:00:00,3660.0,3700.0,3660.0,3700.0,1899.0
2016-12-20 15:00:00,3700.0,3700.0,3700.0,3700.0,30.0
2016-12-21 09:00:00,3645.0,3645.0,3610.0,3610.0,4066.0
2016-12-21 10:00:00,3645.0,3650.0,3645.0,3650.0,435.0
2016-12-21 11:00:00,3650.0,3650.0,3650.0,3650.0,40.0
2016-12-21 12:00:00,3620.0,3660.0,3605.0,3620.0,1913.0
2016-12-21 13:00:00,3620.0,3665.0,3620.0,3660.0,1354.0
2016-12-21 14:00:00,3750.0,3750.0,3620.0,3620.0,191.0
2016-12-21 15:00:00,3660.0,3660.0,3635.0,3635.0,4.0
2016-12-22 09:00:00,3675.0,3695.0,3650.0,3650.0,4179.0
2016-12-22 10:00:00,3650.0,3670.0,3645.0,3645.0,2520.0
2016-12-22 11:00:00,3735.0,3735.0,3645.0,3675.0,3255.0
2016-12-22 12:00:00,3650.0,3680.0,3635.0,3635.0,1437.0
2016-12-22 13:00:00,3645.0,3650.0,3640.0,3650.0,889.0
2016-12-22 14:00:00,3655.0,3750.0,3635.0,3725.0,5431.0
2016-12-22 15:00:00,3625.0,3695.0,3625.0,3685.0,13.0
2016-12-23 09:00:00,3400.0,3500.0,3330.0,3395.0,84395.0
2016-12-23 10:00:00,3400.0,3445.0,3395.0,3445.0,22260.0
2016-12-23 11:00:00,3440.0,3480.0,3430.0,3450.0,18323.0
2016-12-23 12:00:00,3450.0,3475.0,3450.0,3455.0,351.0
2016-12-23 13:00:00,3465.0,3545.0,3455.0,3475.0,22401.0
2016-12-23 14:00:00,3475.0,3530.0,3465.0,3520.0,9558.0
2016-12-23 15:00:00,3520.0,3520.0,3475.0,3500.0,10252.0
2016-12-26 09:00:00,3910.0,3970.0,3895.0,3905.0,43626.0
2016-12-26 10:00:00,3810.0,3850.0,3810.0,3840.0,9522.0
2016-12-26 11:00:00,3925.0,3945.0,3735.0,3810.0,28730.0
2016-12-26 12:00:00,3880.0,3940.0,3870.0,3915.0,29465.0
2016-12-26 13:00:00,3855.0,3925.0,3750.0,3805.0,48911.0
2016-12-26 14:00:00,3805.0,3895.0,3780.0,3880.0,27883.0
2016-12-26 15:00:00,3760.0,4115.0,3740.0,3855.0,232759.0
2016-12-27 09:00:00,3840.0,3880.0,3690.0,3730.0,52353.0
2016-12-27 10:00:00,3730.0,3815.0,3700.0,3815.0,32288.0
2016-12-27 11:00:00,3810.0,4010.0,3810.0,3980.0,66203.0
2016-12-27 12:00:00,3980.0,3980.0,3935.0,3965.0,8683.0
2016-12-27 13:00:00,3965.0,4000.0,3850.0,4000.0,30625.0
2016-12-27 14:00:00,4005.0,4045.0,3970.0,4000.0,58153.0
2016-12-27 15:00:00,4005.0,4100.0,4005.0,4060.0,39269.0
2016-12-28 09:00:00,4060.0,4065.0,4060.0,4065.0,3429.0
2016-12-28 10:00:00,4070.0,4095.0,4050.0,4085.0,3322.0
2016-12-28 11:00:00,4065.0,4065.0,4045.0,4045.0,12991.0
2016-12-28 12:00:00,4070.0,4105.0,4070.0,4105.0,8309.0
2016-12-28 13:00:00,4065.0,4095.0,4050.0,4070.0,18641.0
2016-12-28 14:00:00,4105.0,4105.0,4040.0,4075.0,23967.0
2016-12-28 15:00:00,4015.0,4150.0,4015.0,4090.0,43008.0
2016-12-29 09:00:00,4205.0,4250.0,4110.0,4225.0,85587.0
2016-12-29 10:00:00,4075.0,4225.0,4050.0,4215.0,47114.0
2016-12-29 11:00:00,4180.0,4400.0,4180.0,4400.0,34752.0
2016-12-29 12:00:00,3975.0,4000.0,3960.0,3990.0,10583.0
2016-12-29 13:00:00,3990.0,4000.0,3960.0,4000.0,5431.0
2016-12-29 14:00:00,3995.0,4075.0,3955.0,4075.0,10468.0
2016-12-29 15:00:00,3880.0,4010.0,3850.0,4000.0,31709.0
2017-01-02 09:00:00,4400.0,4430.0,4310.0,4325.0,53660.0
2017-01-02 10:00:00,4345.0,4440.0,4335.0,4410.0,17511.0
2017-01-02 11:00:00,4400.0,4410.0,4335.0,4390.0,10229.0
2017-01-02 12:00:00,4400.0,4490.0,4355.0,4355.0,18731.0
2017-01-02 13:00:00,4355.0,4385.0,4325.0,4335.0,9273.0
2017-01-02 14:00:00,4335.0,4375.0,4260.0,4300.0,21786.0
2017-01-03 09:00:00,4225.0,4265.0,4200.0,4220.0,9629.0
2017-01-03 10:00:00,4220.0,4250.0,4220.0,4250.0,7973.0
2017-01-03 11:00:00,4220.0,4265.0,4200.0,4225.0,19836.0
2017-01-03 12:00:00,4145.0,4250.0,4090.0,4210.0,41920.0
2017-01-03 13:00:00,4195.0,4225.0,4115.0,4165.0,43065.0
2017-01-03 14:00:00,4190.0,4275.0,4160.0,4195.0,60969.0
2017-01-03 15:00:00,4180.0,4235.0,4175.0,4220.0,5683.0
2017-01-04 09:00:00,4250.0,4290.0,4160.0,4260.0,12085.0
2017-01-04 10:00:00,4265.0,4700.0,4195.0,4320.0,395844.0
2017-01-04 11:00:00,4320.0,4320.0,4180.0,4200.0,67425.0
2017-01-04 12:00:00,4215.0,4230.0,4145.0,4190.0,39981.0
2017-01-04 13:00:00,4190.0,4200.0,4115.0,4180.0,23588.0
2017-01-04 14:00:00,4155.0,4190.0,4080.0,4130.0,39987.0
2017-01-04 15:00:00,4160.0,4160.0,4110.0,4155.0,15044.0
2017-01-05 09:00:00,4080.0,4105.0,4070.0,4100.0,4950.0
2017-01-05 10:00:00,4070.0,4105.0,4060.0,4080.0,6680.0
2017-01-05 11:00:00,4115.0,4120.0,4045.0,4070.0,9491.0
2017-01-05 12:00:00,4230.0,4230.0,4115.0,4125.0,13479.0
2017-01-05 13:00:00,4120.0,4130.0,4010.0,4100.0,22370.0
2017-01-05 14:00:00,4125.0,4170.0,4115.0,4115.0,5294.0
2017-01-05 15:00:00,4100.0,4130.0,4050.0,4070.0,8019.0
2017-01-06 09:00:00,4075.0,4215.0,4035.0,4175.0,56023.0
2017-01-06 10:00:00,4170.0,4245.0,4170.0,4200.0,20287.0
2017-01-06 11:00:00,4120.0,4120.0,4065.0,4100.0,4220.0
2017-01-06 12:00:00,4175.0,4175.0,4035.0,4060.0,11198.0
2017-01-06 13:00:00,4100.0,4150.0,4075.0,4100.0,8104.0
2017-01-06 14:00:00,4070.0,4105.0,4040.0,4100.0,11194.0
2017-01-06 15:00:00,4100.0,4145.0,4090.0,4120.0,11440.0
2017-01-09 09:00:00,4200.0,4280.0,4170.0,4255.0,24477.0
2017-01-09 10:00:00,4255.0,4255.0,4210.0,4250.0,5506.0
2017-01-09 11:00:00,4250.0,4255.0,4215.0,4250.0,1777.0
2017-01-09 12:00:00,4250.0,4255.0,4215.0,4250.0,9638.0
2017-01-09 13:00:00,4255.0,4255.0,4225.0,4240.0,2380.0
2017-01-09 14:00:00,4235.0,4245.0,4215.0,4215.0,5782.0
2017-01-09 15:00:00,4230.0,4240.0,4215.0,4240.0,1073.0
2017-01-10 09:00:00,4330.0,4340.0,4200.0,4225.0,101620.0
2017-01-10 10:00:00,4365.0,5040.0,4300.0,4350.0,849130.0
2017-01-10 11:00:00,4325.0,4395.0,4310.0,4370.0,7533.0
2017-01-10 12:00:00,4295.0,4400.0,4260.0,4310.0,22048.0
2017-01-10 13:00:00,4155.0,4320.0,4155.0,4305.0,39309.0
2017-01-10 14:00:00,4240.0,4240.0,4100.0,4145.0,23918.0
2017-01-10 15:00:00,4335.0,4400.0,4260.0,4350.0,38669.0
2017-01-11 09:00:00,4230.0,4290.0,4160.0,4250.0,51461.0
2017-01-11 10:00:00,4250.0,4330.0,4240.0,4290.0,17478.0
2017-01-11 11:00:00,4315.0,4645.0,4300.0,4375.0,151663.0
2017-01-11 12:00:00,4360.0,4470.0,4350.0,4415.0,28225.0
2017-01-11 13:00:00,4415.0,4550.0,4410.0,4485.0,64512.0
2017-01-11 14:00:00,4475.0,4495.0,4435.0,4475.0,12928.0
2017-01-11 15:00:00,4460.0,4500.0,4430.0,4500.0,13556.0
2017-01-12 09:00:00,4590.0,4640.0,4570.0,4590.0,11059.0
2017-01-12 10:00:00,4600.0,4645.0,4570.0,4590.0,29021.0
2017-01-12 11:00:00,4690.0,4770.0,4590.0,4600.0,36091.0
2017-01-12 12:00:00,4540.0,4540.0,4375.0,4420.0,28515.0
2017-01-12 13:00:00,4590.0,4730.0,4565.0,4725.0,77679.0
2017-01-12 14:00:00,4425.0,4595.0,4420.0,4590.0,28961.0
2017-01-12 15:00:00,4725.0,4790.0,4650.0,4655.0,35558.0
2017-01-13 09:00:00,4645.0,4775.0,4645.0,4765.0,24200.0
2017-01-13 10:00:00,4710.0,4765.0,4690.0,4720.0,5368.0
2017-01-13 11:00:00,4625.0,4650.0,4610.0,4650.0,10053.0
2017-01-13 12:00:00,4590.0,4750.0,4555.0,4695.0,26446.0
2017-01-13 13:00:00,4630.0,4700.0,4620.0,4685.0,5528.0
2017-01-13 14:00:00,4690.0,4710.0,4625.0,4665.0,15678.0
2017-01-13 15:00:00,4670.0,4690.0,4615.0,4650.0,24789.0
2017-01-16 09:00:00,4885.0,4885.0,4560.0,4565.0,40489.0
2017-01-16 10:00:00,4560.0,4600.0,4500.0,4595.0,28571.0
2017-01-16 11:00:00,4600.0,4615.0,4510.0,4570.0,34913.0
2017-01-16 12:00:00,4570.0,4610.0,4530.0,4530.0,6104.0
2017-01-16 13:00:00,4565.0,4590.0,4535.0,4585.0,4654.0
2017-01-16 14:00:00,4585.0,4595.0,4520.0,4535.0,15393.0
2017-01-16 15:00:00,4535.0,4625.0,4535.0,4625.0,16246.0
2017-01-17 09:00:00,4510.0,4530.0,4490.0,4525.0,5338.0
2017-01-17 10:00:00,4520.0,4530.0,4450.0,4450.0,27332.0
2017-01-17 11:00:00,4520.0,4535.0,4485.0,4535.0,6001.0
2017-01-17 12:00:00,4515.0,4530.0,4505.0,4530.0,929.0
2017-01-17 13:00:00,4540.0,4540.0,4490.0,4515.0,3500.0
2017-01-17 14:00:00,4550.0,4550.0,4480.0,4540.0,28122.0
2017-01-17 15:00:00,4605.0,4605.0,4520.0,4520.0,27632.0
2017-01-18 09:00:00,4470.0,4470.0,4395.0,4395.0,12296.0
2017-01-18 10:00:00,4425.0,4600.0,4380.0,4550.0,15819.0
2017-01-18 11:00:00,4550.0,4580.0,4485.0,4525.0,6174.0
2017-01-18 12:00:00,4485.0,4520.0,4480.0,4490.0,284.0
2017-01-18 13:00:00,4490.0,4550.0,4475.0,4535.0,443.0
2017-01-18 14:00:00,4530.0,4570.0,4470.0,4470.0,15342.0
2017-01-18 15:00:00,4470.0,4505.0,4465.0,4465.0,3234.0
2017-01-19 09:00:00,4720.0,4735.0,4700.0,4700.0,11206.0
2017-01-19 10:00:00,4600.0,4725.0,4600.0,4720.0,14288.0
2017-01-19 11:00:00,4645.0,4655.0,4595.0,4600.0,19781.0
2017-01-19 12:00:00,4465.0,4700.0,4465.0,4610.0,45689.0
2017-01-19 13:00:00,4655.0,4695.0,4635.0,4695.0,11672.0
2017-01-19 14:00:00,4620.0,4905.0,4620.0,4655.0,149272.0
2017-01-19 15:00:00,4695.0,4705.0,4640.0,4650.0,3658.0
2017-01-20 09:00:00,4785.0,4885.0,4785.0,4880.0,37807.0
2017-01-20 10:00:00,4880.0,4940.0,4880.0,4895.0,44940.0
2017-01-20 11:00:00,4800.0,4825.0,4780.0,4785.0,10831.0
2017-01-20 12:00:00,4700.0,4930.0,4700.0,4800.0,67197.0
2017-01-20 13:00:00,4800.0,4820.0,4760.0,4765.0,7260.0
2017-01-20 14:00:00,4800.0,4830.0,4755.0,4800.0,17879.0
2017-01-20 15:00:00,4765.0,4810.0,4765.0,4800.0,2984.0
2017-01-23 09:00:00,4895.0,4960.0,4810.0,4885.0,33768.0
2017-01-23 10:00:00,4890.0,4890.0,4855.0,4870.0,2555.0
2017-01-23 11:00:00,4870.0,4890.0,4770.0,4825.0,17582.0
2017-01-23 12:00:00,4830.0,4835.0,4775.0,4780.0,4188.0
2017-01-23 13:00:00,4790.0,4840.0,4770.0,4770.0,9358.0
2017-01-23 14:00:00,4775.0,4865.0,4775.0,4830.0,9660.0
2017-01-23 15:00:00,4805.0,4830.0,4775.0,4820.0,12992.0
2017-01-24 09:00:00,4745.0,4750.0,4710.0,4750.0,7753.0
2017-01-24 10:00:00,4725.0,4780.0,4720.0,4725.0,3829.0
2017-01-24 11:00:00,4775.0,4780.0,4720.0,4725.0,7811.0
2017-01-24 12:00:00,4820.0,4870.0,4720.0,4720.0,19931.0
2017-01-24 13:00:00,4720.0,4780.0,4715.0,4770.0,2044.0
2017-01-24 14:00:00,4755.0,4780.0,4750.0,4750.0,7126.0
2017-01-24 15:00:00,4770.0,4800.0,4725.0,4730.0,6603.0
2017-01-25 09:00:00,4800.0,4800.0,4645.0,4690.0,10316.0
2017-01-25 10:00:00,4695.0,4715.0,4655.0,4710.0,4584.0
2017-01-25 11:00:00,4710.0,4720.0,4630.0,4675.0,7589.0
2017-01-25 12:00:00,4630.0,4680.0,4610.0,4660.0,1341.0
2017-01-25 13:00:00,4630.0,4660.0,4620.0,4660.0,6297.0
2017-01-25 14:00:00,4660.0,4680.0,4620.0,4670.0,4082.0
2017-01-25 15:00:00,4650.0,4675.0,4635.0,4670.0,4002.0
2017-01-26 09:00:00,4780.0,4850.0,4780.0,4850.0,12500.0
2017-01-26 10:00:00,4750.0,4800.0,4725.0,4750.0,9988.0
2017-01-26 11:00:00,4645.0,4765.0,4645.0,4750.0,6760.0
2017-01-26 12:00:00,4650.0,4685.0,4590.0,4680.0,12126.0
2017-01-26 13:00:00,4635.0,4685.0,4625.0,4680.0,4091.0
2017-01-26 14:00:00,4670.0,4800.0,4650.0,4650.0,3599.0
2017-01-26 15:00:00,4650.0,4680.0,4635.0,4675.0,3392.0
2017-01-31 09:00:00,4765.0,4770.0,4765.0,4770.0,300.0
2017-01-31 10:00:00,4765.0,4770.0,4745.0,4750.0,3119.0
2017-01-31 11:00:00,4785.0,4785.0,4730.0,4765.0,1566.0
2017-01-31 12:00:00,4770.0,4780.0,4710.0,4770.0,2636.0
2017-01-31 13:00:00,4725.0,4800.0,4725.0,4800.0,8847.0
2017-01-31 14:00:00,4795.0,4800.0,4740.0,4740.0,11734.0
2017-01-31 15:00:00,4850.0,4850.0,4705.0,4735.0,4404.0
2017-02-01 09:00:00,4770.0,4780.0,4665.0,4725.0,13587.0
2017-02-01 10:00:00,4675.0,4730.0,4675.0,4715.0,5026.0
2017-02-01 11:00:00,4715.0,4715.0,4670.0,4670.0,13170.0
2017-02-01 12:00:00,4670.0,4715.0,4670.0,4710.0,1141.0
2017-02-01 13:00:00,4710.0,4715.0,4690.0,4715.0,1279.0
2017-02-01 14:00:00,4715.0,4760.0,4700.0,4760.0,4573.0
2017-02-01 15:00:00,4750.0,4770.0,4745.0,4745.0,4617.0
2017-02-02 09:00:00,4675.0,4675.0,4640.0,4660.0,3839.0
2017-02-02 10:00:00,4630.0,4665.0,4600.0,4655.0,4718.0
2017-02-02 11:00:00,4650.0,4665.0,4575.0,4640.0,17726.0
2017-02-02 12:00:00,4685.0,4690.0,4645.0,4645.0,6203.0
2017-02-02 13:00:00,4695.0,4735.0,4665.0,4665.0,9359.0
2017-02-02 14:00:00,4670.0,4690.0,4655.0,4670.0,11666.0
2017-02-02 15:00:00,4700.0,4745.0,4610.0,4745.0,13482.0
2017-02-03 09:00:00,4710.0,4710.0,4535.0,4655.0,5481.0
2017-02-03 10:00:00,4620.0,4700.0,4620.0,4685.0,4563.0
2017-02-03 11:00:00,4680.0,4690.0,4630.0,4655.0,6994.0
2017-02-03 12:00:00,4655.0,4695.0,4610.0,4650.0,6778.0
2017-02-03 13:00:00,4650.0,4650.0,4615.0,4615.0,1637.0
2017-02-03 14:00:00,4630.0,4665.0,4595.0,4655.0,2212.0
2017-02-03 15:00:00,4610.0,4660.0,4580.0,4660.0,4371.0
2017-02-06 09:00:00,4400.0,4445.0,4380.0,4420.0,17603.0
2017-02-06 10:00:00,4400.0,4440.0,4350.0,4400.0,23813.0
2017-02-06 11:00:00,4420.0,4440.0,4360.0,4440.0,9519.0
2017-02-06 12:00:00,4545.0,4545.0,4490.0,4490.0,7820.0
2017-02-06 13:00:00,4510.0,4550.0,4450.0,4545.0,18748.0
2017-02-06 14:00:00,4730.0,4730.0,4480.0,4510.0,17957.0
2017-02-06 15:00:00,4490.0,4490.0,4385.0,4425.0,18352.0
2017-02-07 09:00:00,4265.0,4300.0,4230.0,4290.0,8358.0
2017-02-07 10:00:00,4225.0,4225.0,4150.0,4175.0,8869.0
2017-02-07 11:00:00,4175.0,4280.0,4150.0,4265.0,22045.0
2017-02-07 12:00:00,4230.0,4255.0,4190.0,4205.0,13277.0
2017-02-07 13:00:00,4255.0,4260.0,4140.0,4210.0,47670.0
2017-02-07 14:00:00,4200.0,4230.0,4125.0,4225.0,17978.0
2017-02-07 15:00:00,4535.0,4535.0,4240.0,4255.0,37100.0
2017-02-08 09:00:00,4210.0,4280.0,4210.0,4280.0,2683.0
2017-02-08 10:00:00,4370.0,4370.0,4200.0,4200.0,8538.0
2017-02-08 11:00:00,4280.0,4290.0,4240.0,4290.0,3537.0
2017-02-08 12:00:00,4255.0,4290.0,4255.0,4290.0,3975.0
2017-02-08 13:00:00,4290.0,4290.0,4255.0,4290.0,1676.0
2017-02-08 14:00:00,4285.0,4285.0,4155.0,4215.0,38135.0
2017-02-08 15:00:00,4215.0,4215.0,4170.0,4210.0,825.0
2017-02-09 09:00:00,4215.0,4220.0,4195.0,4200.0,17450.0
2017-02-09 10:00:00,4215.0,4240.0,4210.0,4240.0,4357.0
2017-02-09 11:00:00,4225.0,4225.0,4200.0,4220.0,2230.0
2017-02-09 12:00:00,4280.0,4380.0,4185.0,4185.0,6381.0
2017-02-09 13:00:00,4225.0,4230.0,4200.0,4230.0,8072.0
2017-02-09 14:00:00,4255.0,4255.0,4195.0,4200.0,2094.0
2017-02-09 15:00:00,4230.0,4230.0,4200.0,4200.0,5853.0
2017-02-10 09:00:00,4240.0,4300.0,4240.0,4290.0,4409.0
2017-02-10 10:00:00,4290.0,4390.0,4290.0,4320.0,8319.0
2017-02-10 11:00:00,4320.0,4340.0,4290.0,4320.0,5799.0
2017-02-10 12:00:00,4325.0,4360.0,4320.0,4360.0,7281.0
2017-02-10 13:00:00,4360.0,4370.0,4335.0,4335.0,6492.0
2017-02-10 14:00:00,4340.0,4345.0,4325.0,4330.0,5257.0
2017-02-10 15:00:00,4330.0,4345.0,4210.0,4300.0,16395.0
2017-02-13 09:00:00,4240.0,4260.0,4225.0,4260.0,411.0
2017-02-13 10:00:00,4230.0,4245.0,4220.0,4240.0,3370.0
2017-02-13 11:00:00,4240.0,4240.0,4225.0,4230.0,2557.0
2017-02-13 12:00:00,4390.0,4390.0,4175.0,4285.0,2931.0
2017-02-13 13:00:00,4245.0,4245.0,4200.0,4225.0,12193.0
2017-02-13 14:00:00,4265.0,4270.0,4240.0,4265.0,202.0
2017-02-13 15:00:00,4230.0,4230.0,4220.0,4220.0,1518.0
2017-02-14 09:00:00,4270.0,4295.0,4260.0,4290.0,1240.0
2017-02-14 10:00:00,4280.0,4290.0,4265.0,4290.0,752.0
2017-02-14 11:00:00,4280.0,4280.0,4270.0,4270.0,3526.0
2017-02-14 12:00:00,4260.0,4350.0,4260.0,4265.0,10624.0
2017-02-14 13:00:00,4270.0,4280.0,4265.0,4270.0,1517.0
2017-02-14 14:00:00,4265.0,4295.0,4265.0,4265.0,3089.0
2017-02-14 15:00:00,4280.0,4290.0,4280.0,4290.0,2534.0
2017-02-15 09:00:00,4395.0,4430.0,4295.0,4335.0,41822.0
2017-02-15 10:00:00,4335.0,4335.0,4305.0,4330.0,2809.0
2017-02-15 11:00:00,4330.0,4335.0,4270.0,4320.0,8647.0
2017-02-15 12:00:00,4320.0,4320.0,4275.0,4320.0,991.0
2017-02-15 13:00:00,4300.0,4325.0,4300.0,4300.0,2605.0
2017-02-15 14:00:00,4320.0,4360.0,4320.0,4360.0,3072.0
2017-02-15 15:00:00,4345.0,4370.0,4325.0,4370.0,3169.0
2017-02-16 09:00:00,4270.0,4295.0,4265.0,4295.0,2682.0
2017-02-16 10:00:00,4285.0,4305.0,4265.0,4270.0,2528.0
2017-02-16 11:00:00,4285.0,4310.0,4285.0,4290.0,2279.0
2017-02-16 12:00:00,4420.0,4420.0,4285.0,4285.0,2813.0
2017-02-16 13:00:00,4285.0,4320.0,4285.0,4320.0,2912.0
2017-02-16 14:00:00,4285.0,4320.0,4260.0,4285.0,12469.0
2017-02-16 15:00:00,4295.0,4320.0,4285.0,4285.0,1862.0
2017-02-17 09:00:00,4210.0,4295.0,4175.0,4230.0,15368.0
2017-02-17 10:00:00,4215.0,4245.0,4190.0,4245.0,8413.0
2017-02-17 11:00:00,4235.0,4260.0,4210.0,4260.0,1773.0
2017-02-17 12:00:00,4215.0,4245.0,4200.0,4235.0,1463.0
2017-02-17 13:00:00,4230.0,4235.0,4190.0,4230.0,8340.0
2017-02-17 14:00:00,4210.0,4230.0,4185.0,4230.0,9499.0
2017-02-17 15:00:00,4230.0,4230.0,4200.0,4215.0,1000.0
2017-02-20 09:00:00,4475.0,4550.0,4330.0,4440.0,141573.0
2017-02-20 10:00:00,4200.0,4240.0,4200.0,4210.0,3728.0
2017-02-20 11:00:00,4210.0,4600.0,4205.0,4475.0,69744.0
2017-02-20 12:00:00,4280.0,4280.0,4205.0,4235.0,6655.0
2017-02-20 13:00:00,4240.0,4370.0,4220.0,4360.0,6833.0
2017-02-20 14:00:00,4275.0,4275.0,4170.0,4210.0,1413.0
2017-02-20 15:00:00,4215.0,4245.0,4200.0,4200.0,7307.0
2017-02-21 09:00:00,4350.0,4395.0,4335.0,4395.0,6769.0
2017-02-21 10:00:00,4365.0,4395.0,4360.0,4385.0,1251.0
2017-02-21 11:00:00,4370.0,4430.0,4350.0,4350.0,10209.0
2017-02-21 12:00:00,4390.0,4440.0,4345.0,4400.0,11953.0
2017-02-21 13:00:00,4370.0,4420.0,4345.0,4390.0,30412.0
2017-02-21 14:00:00,4370.0,4400.0,4360.0,4370.0,326.0
2017-02-21 15:00:00,4440.0,4440.0,4315.0,4375.0,24559.0
2017-02-22 09:00:00,4225.0,4240.0,4190.0,4190.0,5617.0
2017-02-22 10:00:00,4425.0,4425.0,4240.0,4285.0,21266.0
2017-02-22 11:00:00,4250.0,4290.0,4195.0,4200.0,20629.0
2017-02-22 12:00:00,4230.0,4275.0,4190.0,4270.0,13298.0
2017-02-22 13:00:00,4270.0,4275.0,4200.0,4230.0,7554.0
2017-02-22 14:00:00,4230.0,4270.0,4200.0,4225.0,18977.0
2017-02-22 15:00:00,4225.0,4250.0,4190.0,4200.0,15676.0
2017-02-23 09:00:00,4200.0,4220.0,4175.0,4210.0,2479.0
2017-02-23 10:00:00,4180.0,4290.0,4165.0,4290.0,10222.0
2017-02-23 11:00:00,4195.0,4200.0,4195.0,4200.0,4110.0
2017-02-23 12:00:00,4240.0,4250.0,4195.0,4220.0,3291.0
2017-02-23 13:00:00,4200.0,4220.0,4170.0,4170.0,8857.0
2017-02-23 14:00:00,4215.0,4220.0,4200.0,4200.0,3151.0
2017-02-23 15:00:00,4175.0,4195.0,4170.0,4195.0,2158.0
2017-02-24 09:00:00,4270.0,4270.0,4200.0,4210.0,5711.0
2017-02-24 10:00:00,4215.0,4245.0,4200.0,4200.0,8584.0
2017-02-24 11:00:00,4240.0,4240.0,4200.0,4240.0,1003.0
2017-02-24 12:00:00,4235.0,4235.0,4195.0,4210.0,1012.0
2017-02-24 13:00:00,4210.0,4210.0,4150.0,4160.0,9103.0
2017-02-24 14:00:00,4150.0,4155.0,4020.0,4080.0,40833.0
2017-02-24 15:00:00,4080.0,4115.0,4020.0,4020.0,18924.0
2017-02-27 09:00:00,4115.0,4160.0,4115.0,4160.0,4348.0
2017-02-27 10:00:00,4185.0,4185.0,4115.0,4165.0,9796.0
2017-02-27 11:00:00,4020.0,4185.0,4010.0,4185.0,21120.0
2017-02-27 12:00:00,4000.0,4080.0,3940.0,3940.0,20257.0
2017-02-27 13:00:00,4005.0,4045.0,3990.0,4045.0,10405.0
2017-02-27 14:00:00,3940.0,4010.0,3940.0,4005.0,7964.0
2017-02-27 15:00:00,4045.0,4050.0,4020.0,4020.0,2125.0
2017-02-28 09:00:00,4110.0,4110.0,4080.0,4105.0,10.0
2017-02-28 10:00:00,4105.0,4110.0,4075.0,4075.0,1591.0
2017-02-28 11:00:00,4110.0,4115.0,4070.0,4110.0,1323.0
2017-02-28 12:00:00,4105.0,4170.0,4085.0,4100.0,1886.0
2017-02-28 13:00:00,4100.0,4165.0,4065.0,4165.0,2688.0
2017-02-28 14:00:00,4090.0,4110.0,4050.0,4110.0,4687.0
2017-02-28 15:00:00,4150.0,4150.0,4070.0,4075.0,1721.0
2017-03-02 09:00:00,4170.0,4170.0,4065.0,4070.0,5769.0
2017-03-02 10:00:00,4090.0,4130.0,4070.0,4115.0,3148.0
2017-03-02 11:00:00,4110.0,4140.0,4085.0,4135.0,8359.0
2017-03-02 12:00:00,4120.0,4135.0,4095.0,4135.0,4231.0
2017-03-02 13:00:00,4130.0,4135.0,4100.0,4100.0,11000.0
2017-03-02 14:00:00,4100.0,4130.0,4070.0,4080.0,12299.0
2017-03-02 15:00:00,4080.0,4140.0,4080.0,4140.0,10067.0
2017-03-03 09:00:00,4070.0,4090.0,4050.0,4085.0,657.0
2017-03-03 10:00:00,4075.0,4080.0,4045.0,4045.0,2449.0
2017-03-03 11:00:00,4060.0,4070.0,4010.0,4070.0,11969.0
2017-03-03 12:00:00,4135.0,4160.0,4120.0,4140.0,2473.0
2017-03-03 13:00:00,4070.0,4100.0,4050.0,4100.0,2164.0
2017-03-03 14:00:00,4140.0,4140.0,4070.0,4075.0,2588.0
2017-03-03 15:00:00,4060.0,4095.0,4060.0,4095.0,6.0
2017-03-06 09:00:00,4130.0,4130.0,4015.0,4095.0,515.0
2017-03-06 10:00:00,4090.0,4120.0,4070.0,4075.0,4382.0
2017-03-06 11:00:00,4120.0,4120.0,4080.0,4115.0,2590.0
2017-03-06 12:00:00,4090.0,4115.0,4085.0,4110.0,1601.0
2017-03-06 13:00:00,4085.0,4135.0,4080.0,4125.0,10072.0
2017-03-06 14:00:00,4125.0,4130.0,4085.0,4125.0,664.0
2017-03-06 15:00:00,4095.0,4095.0,4085.0,4095.0,1734.0
2017-03-07 09:00:00,4195.0,4210.0,4195.0,4210.0,317.0
2017-03-07 10:00:00,4205.0,4215.0,4190.0,4210.0,520.0
2017-03-07 11:00:00,4215.0,4215.0,4190.0,4215.0,1229.0
2017-03-07 12:00:00,4245.0,4245.0,4235.0,4235.0,2415.0
2017-03-07 13:00:00,4200.0,4260.0,4200.0,4245.0,4744.0
2017-03-07 14:00:00,4195.0,4280.0,4145.0,4195.0,26854.0
2017-03-07 15:00:00,4235.0,4235.0,4180.0,4215.0,13537.0
2017-03-08 09:00:00,4120.0,4205.0,4120.0,4185.0,1047.0
2017-03-08 10:00:00,4185.0,4200.0,4160.0,4190.0,1447.0
2017-03-08 11:00:00,4190.0,4190.0,4155.0,4190.0,1841.0
2017-03-08 12:00:00,4190.0,4190.0,4190.0,4190.0,1550.0
2017-03-08 13:00:00,4180.0,4215.0,4180.0,4210.0,1768.0
2017-03-08 14:00:00,4215.0,4225.0,4190.0,4225.0,5136.0
2017-03-08 15:00:00,4225.0,4230.0,4205.0,4230.0,3503.0
2017-03-09 09:00:00,4235.0,4235.0,4230.0,4230.0,834.0
2017-03-09 10:00:00,4205.0,4205.0,4195.0,4195.0,2393.0
2017-03-09 11:00:00,4225.0,4235.0,4205.0,4235.0,2472.0
2017-03-09 12:00:00,4210.0,4230.0,4210.0,4225.0,3334.0
2017-03-09 13:00:00,4200.0,4210.0,4160.0,4210.0,1665.0
2017-03-09 14:00:00,4245.0,4285.0,4150.0,4200.0,8512.0
2017-03-09 15:00:00,4240.0,4295.0,4240.0,4290.0,9135.0
2017-03-10 09:00:00,4160.0,4235.0,4160.0,4225.0,2801.0
2017-03-10 10:00:00,4220.0,4230.0,4205.0,4230.0,2920.0
2017-03-10 11:00:00,4205.0,4270.0,4190.0,4255.0,5147.0
2017-03-10 12:00:00,4200.0,4245.0,4200.0,4205.0,1024.0
2017-03-10 13:00:00,4205.0,4205.0,4200.0,4205.0,648.0
2017-03-10 14:00:00,4230.0,4265.0,4215.0,4235.0,3984.0
2017-03-10 15:00:00,4255.0,4265.0,4245.0,4265.0,2894.0
2017-03-13 09:00:00,4305.0,4380.0,4305.0,4375.0,9171.0
2017-03-13 10:00:00,4300.0,4330.0,4280.0,4305.0,5834.0
2017-03-13 11:00:00,4285.0,4300.0,4280.0,4300.0,20025.0
2017-03-13 12:00:00,4305.0,4305.0,4235.0,4285.0,5330.0
2017-03-13 13:00:00,4270.0,4275.0,4255.0,4260.0,2334.0
2017-03-13 14:00:00,4280.0,4280.0,4240.0,4275.0,6787.0
2017-03-13 15:00:00,4275.0,4290.0,4275.0,4290.0,3211.0
2017-03-14 09:00:00,4320.0,4330.0,4300.0,4315.0,8200.0
2017-03-14 10:00:00,4315.0,4350.0,4310.0,4350.0,2747.0
2017-03-14 11:00:00,4295.0,4320.0,4295.0,4320.0,6008.0
2017-03-14 12:00:00,4380.0,4400.0,4315.0,4320.0,13547.0
2017-03-14 13:00:00,4310.0,4320.0,4290.0,4300.0,7357.0
2017-03-14 14:00:00,4315.0,4400.0,4300.0,4310.0,15139.0
2017-03-14 15:00:00,4315.0,4335.0,4295.0,4300.0,4062.0
2017-03-15 09:00:00,4380.0,4430.0,4350.0,4365.0,8893.0
2017-03-15 10:00:00,4360.0,4475.0,4360.0,4405.0,14197.0
2017-03-15 11:00:00,4405.0,4470.0,4405.0,4440.0,4690.0
2017-03-15 12:00:00,4425.0,4450.0,4405.0,4420.0,7094.0
2017-03-15 13:00:00,4420.0,4420.0,4385.0,4395.0,7252.0
2017-03-15 14:00:00,4395.0,4545.0,4395.0,4520.0,58971.0
2017-03-15 15:00:00,4520.0,4600.0,4490.0,4600.0,28389.0
2017-03-16 09:00:00,4625.0,4630.0,4610.0,4630.0,5695.0
2017-03-16 10:00:00,4650.0,4650.0,4600.0,4620.0,6627.0
2017-03-16 11:00:00,4560.0,4655.0,4530.0,4650.0,28843.0
2017-03-16 12:00:00,4570.0,4610.0,4530.0,4610.0,21598.0
2017-03-16 13:00:00,4600.0,4600.0,4520.0,4545.0,20683.0
2017-03-16 14:00:00,4600.0,4605.0,4560.0,4600.0,10406.0
2017-03-16 15:00:00,4545.0,4560.0,4520.0,4560.0,13151.0
2017-03-17 09:00:00,4670.0,4720.0,4610.0,4685.0,24103.0
2017-03-17 10:00:00,4675.0,4705.0,4630.0,4685.0,10360.0
2017-03-17 11:00:00,4685.0,4685.0,4605.0,4645.0,23189.0
2017-03-17 12:00:00,4625.0,4650.0,4600.0,4610.0,7243.0
2017-03-17 13:00:00,4610.0,4635.0,4605.0,4635.0,587.0
2017-03-17 14:00:00,4620.0,4640.0,4610.0,4635.0,5483.0
2017-03-17 15:00:00,4620.0,4640.0,4615.0,4640.0,1231.0
2017-03-20 09:00:00,4640.0,4660.0,4640.0,4660.0,830.0
2017-03-20 10:00:00,4660.0,4665.0,4625.0,4660.0,2204.0
2017-03-20 11:00:00,4660.0,4660.0,4615.0,4640.0,4393.0
2017-03-20 12:00:00,4695.0,4715.0,4650.0,4700.0,2505.0
2017-03-20 13:00:00,4740.0,4740.0,4655.0,4695.0,11591.0
2017-03-20 14:00:00,4640.0,4770.0,4610.0,4750.0,12816.0
2017-03-20 15:00:00,4655.0,4685.0,4640.0,4650.0,1444.0
2017-03-21 09:00:00,4630.0,4635.0,4595.0,4595.0,2737.0
2017-03-21 10:00:00,4645.0,4650.0,4615.0,4640.0,7929.0
2017-03-21 11:00:00,4615.0,4640.0,4595.0,4600.0,14913.0
2017-03-21 12:00:00,4700.0,4720.0,4650.0,4650.0,10434.0
2017-03-21 13:00:00,4700.0,4705.0,4660.0,4705.0,4526.0
2017-03-21 14:00:00,4650.0,4670.0,4615.0,4645.0,6534.0
2017-03-21 15:00:00,4745.0,4745.0,4615.0,4705.0,6376.0
2017-03-22 09:00:00,4550.0,4605.0,4535.0,4535.0,6563.0
2017-03-22 10:00:00,4650.0,4650.0,4550.0,4620.0,14489.0
2017-03-22 11:00:00,4620.0,4670.0,4580.0,4635.0,6623.0
2017-03-22 12:00:00,4595.0,4600.0,4565.0,4600.0,7787.0
2017-03-22 13:00:00,4630.0,4635.0,4590.0,4590.0,582.0
2017-03-22 14:00:00,4590.0,4630.0,4590.0,4630.0,2388.0
2017-03-22 15:00:00,4600.0,4615.0,4545.0,4550.0,13220.0
2017-03-23 09:00:00,4645.0,4685.0,4645.0,4650.0,2428.0
2017-03-23 10:00:00,4650.0,4690.0,4635.0,4690.0,3880.0
2017-03-23 11:00:00,4660.0,4680.0,4635.0,4650.0,2551.0
2017-03-23 12:00:00,4610.0,4800.0,4540.0,4770.0,55739.0
2017-03-23 13:00:00,4720.0,4740.0,4650.0,4695.0,6046.0
2017-03-23 14:00:00,4740.0,4790.0,4710.0,4745.0,11623.0
2017-03-23 15:00:00,4680.0,4690.0,4635.0,4645.0,4406.0
2017-03-24 09:00:00,4660.0,4705.0,4600.0,4690.0,4434.0
2017-03-24 10:00:00,4675.0,4690.0,4660.0,4660.0,3545.0
2017-03-24 11:00:00,4660.0,4700.0,4660.0,4700.0,4342.0
2017-03-24 12:00:00,4700.0,4700.0,4695.0,4700.0,402.0
2017-03-24 13:00:00,4680.0,4695.0,4670.0,4695.0,243.0
2017-03-24 14:00:00,4670.0,4690.0,4665.0,4690.0,397.0
2017-03-24 15:00:00,4665.0,4730.0,4665.0,4730.0,10819.0
2017-03-27 09:00:00,4660.0,4670.0,4630.0,4670.0,2907.0
2017-03-27 10:00:00,4665.0,4665.0,4660.0,4660.0,535.0
2017-03-27 11:00:00,4665.0,4665.0,4655.0,4655.0,1532.0
2017-03-27 12:00:00,4725.0,4795.0,4660.0,4780.0,13267.0
2017-03-27 13:00:00,4680.0,4700.0,4650.0,4700.0,422.0
2017-03-27 14:00:00,4755.0,4775.0,4655.0,4680.0,8900.0
2017-03-27 15:00:00,4700.0,4705.0,4665.0,4665.0,1099.0
2017-03-28 09:00:00,4625.0,4625.0,4580.0,4620.0,11688.0
2017-03-28 10:00:00,4590.0,4670.0,4590.0,4670.0,3108.0
2017-03-28 11:00:00,4630.0,4630.0,4620.0,4625.0,1106.0
2017-03-28 12:00:00,4750.0,4750.0,4620.0,4650.0,955.0
2017-03-28 13:00:00,4625.0,4640.0,4610.0,4625.0,2113.0
2017-03-28 14:00:00,4660.0,4660.0,4605.0,4640.0,3117.0
2017-03-28 15:00:00,4625.0,4625.0,4600.0,4625.0,11102.0
2017-03-29 09:00:00,4745.0,4745.0,4580.0,4630.0,9767.0
2017-03-29 10:00:00,4595.0,4630.0,4570.0,4620.0,5194.0
2017-03-29 11:00:00,4585.0,4620.0,4555.0,4560.0,9238.0
2017-03-29 12:00:00,4565.0,4580.0,4515.0,4565.0,5207.0
2017-03-29 13:00:00,4575.0,4580.0,4540.0,4580.0,3623.0
2017-03-29 14:00:00,4575.0,4580.0,4515.0,4570.0,13124.0
2017-03-29 15:00:00,4570.0,4590.0,4525.0,4590.0,5189.0
2017-03-30 09:00:00,4465.0,4475.0,4425.0,4440.0,16788.0
2017-03-30 10:00:00,4475.0,4625.0,4475.0,4505.0,8672.0
2017-03-30 11:00:00,4470.0,4490.0,4455.0,4490.0,641.0
2017-03-30 12:00:00,4650.0,4650.0,4530.0,4540.0,539.0
2017-03-30 13:00:00,4470.0,4505.0,4460.0,4495.0,2069.0
2017-03-30 14:00:00,4550.0,4605.0,4470.0,4505.0,23213.0
2017-03-30 15:00:00,4485.0,4505.0,4450.0,4495.0,11555.0
2017-03-31 09:00:00,4500.0,4620.0,4500.0,4540.0,3583.0
2017-03-31 10:00:00,4515.0,4650.0,4510.0,4580.0,9990.0
2017-03-31 11:00:00,4600.0,4635.0,4540.0,4590.0,4900.0
2017-03-31 12:00:00,4600.0,4635.0,4585.0,4620.0,203.0
2017-03-31 13:00:00,4620.0,4620.0,4585.0,4585.0,760.0
2017-03-31 14:00:00,4595.0,4610.0,4575.0,4575.0,3893.0
2017-03-31 15:00:00,4585.0,4600.0,4575.0,4600.0,1060.0
2017-04-03 09:00:00,4585.0,4620.0,4560.0,4620.0,3985.0
2017-04-03 10:00:00,4585.0,4590.0,4550.0,4560.0,550.0
2017-04-03 11:00:00,4580.0,4595.0,4540.0,4550.0,1684.0
2017-04-03 12:00:00,4620.0,4620.0,4600.0,4600.0,800.0
2017-04-03 13:00:00,4590.0,4645.0,4560.0,4560.0,4382.0
2017-04-03 14:00:00,4580.0,4700.0,4570.0,4590.0,2450.0
2017-04-03 15:00:00,4575.0,4650.0,4575.0,4625.0,400.0
2017-04-04 09:00:00,4690.0,4690.0,4620.0,4630.0,9222.0
2017-04-04 10:00:00,4615.0,4615.0,4600.0,4600.0,786.0
2017-04-04 11:00:00,4590.0,4600.0,4580.0,4580.0,2127.0
2017-04-04 12:00:00,4580.0,4580.0,4550.0,4550.0,9698.0
2017-04-04 13:00:00,4545.0,4565.0,4540.0,4565.0,498.0
2017-04-04 14:00:00,4565.0,4585.0,4545.0,4575.0,588.0
2017-04-04 15:00:00,4555.0,4600.0,4545.0,4600.0,1912.0
2017-04-05 09:00:00,4575.0,4585.0,4500.0,4585.0,8140.0
2017-04-05 10:00:00,4585.0,4590.0,4550.0,4580.0,448.0
2017-04-05 11:00:00,4580.0,4600.0,4550.0,4600.0,1615.0
2017-04-05 12:00:00,4590.0,4595.0,4550.0,4590.0,165.0
2017-04-05 13:00:00,4675.0,4675.0,4525.0,4595.0,1868.0
2017-04-05 14:00:00,4595.0,4595.0,4545.0,4590.0,197.0
2017-04-05 15:00:00,4595.0,4600.0,4545.0,4590.0,807.0
2017-04-06 09:00:00,4545.0,4560.0,4530.0,4550.0,607.0
2017-04-06 10:00:00,4575.0,4580.0,4535.0,4575.0,772.0
2017-04-06 11:00:00,4540.0,4590.0,4535.0,4580.0,5905.0
2017-04-06 12:00:00,4615.0,4635.0,4525.0,4525.0,2855.0
2017-04-06 13:00:00,4530.0,4535.0,4500.0,4525.0,412.0
2017-04-06 14:00:00,4525.0,4545.0,4500.0,4500.0,11411.0
2017-04-06 15:00:00,4535.0,4540.0,4500.0,4535.0,2131.0
2017-04-07 09:00:00,4500.0,4565.0,4500.0,4560.0,7644.0
2017-04-07 10:00:00,4540.0,4540.0,4510.0,4525.0,5294.0
2017-04-07 11:00:00,4530.0,4550.0,4515.0,4550.0,1324.0
2017-04-07 12:00:00,4550.0,4550.0,4545.0,4550.0,1911.0
2017-04-07 13:00:00,4550.0,4550.0,4520.0,4520.0,1563.0
2017-04-07 14:00:00,4520.0,4550.0,4505.0,4550.0,6435.0
2017-04-07 15:00:00,4530.0,4550.0,4510.0,4510.0,2759.0
2017-04-10 09:00:00,4435.0,4445.0,4420.0,4445.0,1615.0
2017-04-10 10:00:00,4425.0,4485.0,4400.0,4435.0,2705.0
2017-04-10 11:00:00,4530.0,4530.0,4395.0,4395.0,7526.0
2017-04-10 12:00:00,4500.0,4545.0,4500.0,4530.0,2318.0
2017-04-10 13:00:00,4500.0,4500.0,4400.0,4445.0,11187.0
2017-04-10 14:00:00,4540.0,4540.0,4500.0,4540.0,3043.0
2017-04-10 15:00:00,4445.0,4560.0,4440.0,4540.0,3562.0
2017-04-11 09:00:00,4485.0,4530.0,4355.0,4525.0,3625.0
2017-04-11 10:00:00,4485.0,4525.0,4415.0,4470.0,3561.0
2017-04-11 11:00:00,4425.0,4445.0,4415.0,4445.0,657.0
2017-04-11 12:00:00,4445.0,4505.0,4415.0,4505.0,4468.0
2017-04-11 13:00:00,4505.0,4505.0,4445.0,4505.0,1968.0
2017-04-11 14:00:00,4505.0,4530.0,4460.0,4530.0,5081.0
2017-04-11 15:00:00,4530.0,4565.0,4470.0,4480.0,1309.0
2017-04-12 09:00:00,4525.0,4565.0,4520.0,4520.0,930.0
2017-04-12 10:00:00,4510.0,4565.0,4500.0,4505.0,1571.0
2017-04-12 11:00:00,4580.0,4580.0,4520.0,4540.0,5981.0
2017-04-12 12:00:00,4505.0,4585.0,4500.0,4585.0,4234.0
2017-04-12 13:00:00,4560.0,4560.0,4475.0,4480.0,1977.0
2017-04-12 14:00:00,4585.0,4585.0,4525.0,4580.0,484.0
2017-04-12 15:00:00,4480.0,4540.0,4475.0,4525.0,1091.0
2017-04-13 09:00:00,4525.0,4575.0,4500.0,4515.0,8891.0
2017-04-13 10:00:00,4515.0,4515.0,4500.0,4500.0,5409.0
2017-04-13 11:00:00,4500.0,4525.0,4475.0,4475.0,4390.0
2017-04-13 12:00:00,4475.0,4515.0,4475.0,4510.0,203.0
2017-04-13 13:00:00,4475.0,4570.0,4475.0,4560.0,7057.0
2017-04-13 14:00:00,4560.0,4560.0,4485.0,4535.0,3023.0
2017-04-13 15:00:00,4495.0,4560.0,4495.0,4560.0,1100.0
2017-04-14 09:00:00,4505.0,4535.0,4470.0,4530.0,3979.0
2017-04-14 10:00:00,4510.0,4525.0,4470.0,4510.0,8701.0
2017-04-14 11:00:00,4495.0,4570.0,4495.0,4560.0,1806.0
2017-04-14 12:00:00,4510.0,4550.0,4510.0,4550.0,100.0
2017-04-14 13:00:00,4590.0,4590.0,4465.0,4575.0,1505.0
2017-04-14 14:00:00,4540.0,4540.0,4510.0,4510.0,201.0
2017-04-17 09:00:00,4440.0,4445.0,4400.0,4400.0,12821.0
2017-04-17 10:00:00,4445.0,4450.0,4415.0,4445.0,1894.0
2017-04-17 11:00:00,4435.0,4450.0,4400.0,4445.0,9882.0
2017-04-17 12:00:00,4470.0,4480.0,4440.0,4460.0,664.0
2017-04-17 13:00:00,4445.0,4500.0,4445.0,4470.0,4322.0
2017-04-17 14:00:00,4455.0,4465.0,4430.0,4450.0,1777.0
2017-04-17 15:00:00,4565.0,4565.0,4400.0,4455.0,10098.0
2017-04-18 09:00:00,4385.0,4450.0,4370.0,4375.0,8933.0
2017-04-18 10:00:00,4400.0,4400.0,4375.0,4380.0,4439.0
2017-04-18 11:00:00,4380.0,4435.0,4355.0,4435.0,8571.0
2017-04-18 12:00:00,4425.0,4435.0,4425.0,4435.0,1134.0
2017-04-18 13:00:00,4425.0,4520.0,4420.0,4500.0,14598.0
2017-04-18 14:00:00,4480.0,4550.0,4480.0,4540.0,7840.0
2017-04-18 15:00:00,4530.0,4535.0,4510.0,4530.0,986.0
2017-04-19 09:00:00,4430.0,4535.0,4430.0,4510.0,4587.0
2017-04-19 10:00:00,4520.0,4520.0,4500.0,4520.0,1107.0
2017-04-19 11:00:00,4475.0,4520.0,4440.0,4520.0,2081.0
2017-04-19 12:00:00,4460.0,4460.0,4430.0,4430.0,349.0
2017-04-19 13:00:00,4490.0,4530.0,4460.0,4475.0,3641.0
2017-04-19 14:00:00,4475.0,4495.0,4450.0,4460.0,2883.0
2017-04-19 15:00:00,4540.0,4540.0,4480.0,4490.0,955.0
2017-04-20 09:00:00,4555.0,4555.0,4465.0,4500.0,1092.0
2017-04-20 10:00:00,4480.0,4500.0,4445.0,4445.0,3746.0
2017-04-20 11:00:00,4495.0,4495.0,4405.0,4455.0,5083.0
2017-04-20 12:00:00,4420.0,4420.0,4410.0,4420.0,4732.0
2017-04-20 13:00:00,4440.0,4490.0,4440.0,4445.0,7159.0
2017-04-20 14:00:00,4445.0,4495.0,4440.0,4485.0,6375.0
2017-04-20 15:00:00,4445.0,4485.0,4435.0,4485.0,463.0
2017-04-21 09:00:00,4405.0,4420.0,4385.0,4385.0,4443.0
2017-04-21 10:00:00,4415.0,4430.0,4400.0,4405.0,11683.0
2017-04-21 11:00:00,4415.0,4440.0,4415.0,4435.0,279.0
2017-04-21 12:00:00,4460.0,4460.0,4390.0,4410.0,7036.0
2017-04-21 13:00:00,4425.0,4460.0,4420.0,4460.0,1181.0
2017-04-21 14:00:00,4410.0,4435.0,4400.0,4415.0,4546.0
2017-04-21 15:00:00,4450.0,4535.0,4420.0,4420.0,3462.0
2017-04-24 09:00:00,4375.0,4380.0,4360.0,4375.0,1068.0
2017-04-24 10:00:00,4380.0,4380.0,4360.0,4360.0,3327.0
2017-04-24 11:00:00,4360.0,4400.0,4335.0,4400.0,4354.0
2017-04-24 12:00:00,4365.0,4380.0,4360.0,4370.0,1008.0
2017-04-24 13:00:00,4395.0,4395.0,4365.0,4365.0,529.0
2017-04-24 14:00:00,4380.0,4380.0,4370.0,4380.0,506.0
2017-04-24 15:00:00,4495.0,4495.0,4365.0,4400.0,2534.0
2017-04-25 09:00:00,4500.0,4500.0,4330.0,4405.0,7283.0
2017-04-25 10:00:00,4405.0,4405.0,4340.0,4395.0,1983.0
2017-04-25 11:00:00,4395.0,4405.0,4335.0,4345.0,471.0
2017-04-25 12:00:00,4350.0,4365.0,4320.0,4345.0,7530.0
2017-04-25 13:00:00,4340.0,4370.0,4340.0,4345.0,2069.0
2017-04-25 14:00:00,4345.0,4360.0,4340.0,4340.0,1015.0
2017-04-26 09:00:00,4365.0,4390.0,4365.0,4390.0,538.0
2017-04-26 10:00:00,4390.0,4410.0,4365.0,4410.0,552.0
2017-04-26 11:00:00,4300.0,4365.0,4295.0,4360.0,3748.0
2017-04-26 12:00:00,4360.0,4370.0,4330.0,4335.0,3486.0
2017-04-26 13:00:00,4345.0,4385.0,4345.0,4385.0,64.0
2017-04-26 14:00:00,4400.0,4400.0,4330.0,4340.0,2033.0
2017-04-26 15:00:00,4335.0,4335.0,4285.0,4320.0,8124.0
2017-04-27 09:00:00,4410.0,4430.0,4375.0,4430.0,3460.0
2017-04-27 10:00:00,4415.0,4420.0,4370.0,4395.0,1468.0
2017-04-27 11:00:00,4395.0,4405.0,4355.0,4360.0,6783.0
2017-04-27 12:00:00,4370.0,4370.0,4340.0,4340.0,4013.0
2017-04-27 13:00:00,4345.0,4390.0,4345.0,4390.0,492.0
2017-04-27 14:00:00,4385.0,4440.0,4385.0,4440.0,826.0
2017-04-27 15:00:00,4440.0,4480.0,4430.0,4440.0,3171.0
2017-04-28 09:00:00,4755.0,4795.0,4700.0,4755.0,52452.0
2017-04-28 10:00:00,4700.0,4785.0,4680.0,4755.0,29991.0
2017-04-28 11:00:00,4685.0,4730.0,4665.0,4720.0,8458.0
2017-04-28 12:00:00,4450.0,5060.0,4450.0,4750.0,458658.0
2017-04-28 13:00:00,4745.0,4800.0,4700.0,4710.0,48223.0
2017-04-28 14:00:00,4745.0,4795.0,4700.0,4770.0,74429.0
2017-04-28 15:00:00,4710.0,4725.0,4685.0,4685.0,17433.0
2017-05-02 09:00:00,5080.0,5330.0,5060.0,5180.0,148879.0
2017-05-02 10:00:00,5150.0,5240.0,5150.0,5240.0,83818.0
2017-05-02 11:00:00,5080.0,5400.0,5040.0,5080.0,465097.0
2017-05-02 12:00:00,4755.0,5300.0,4730.0,5000.0,592675.0
2017-05-02 13:00:00,5020.0,5030.0,4980.0,5000.0,14963.0
2017-05-02 14:00:00,5000.0,5060.0,4950.0,5020.0,96110.0
2017-05-02 15:00:00,5000.0,5160.0,5000.0,5090.0,118206.0
2017-05-04 09:00:00,5240.0,5300.0,5070.0,5110.0,177979.0
2017-05-04 10:00:00,5100.0,5170.0,5080.0,5120.0,46932.0
2017-05-04 11:00:00,5120.0,5170.0,5120.0,5170.0,15940.0
2017-05-04 12:00:00,5170.0,5210.0,5090.0,5140.0,63093.0
2017-05-04 13:00:00,5140.0,5190.0,5100.0,5150.0,38262.0
2017-05-04 14:00:00,5150.0,5160.0,5120.0,5140.0,25539.0
2017-05-04 15:00:00,5140.0,5180.0,5130.0,5130.0,37518.0
2017-05-08 09:00:00,5100.0,5100.0,5030.0,5100.0,26036.0
2017-05-08 10:00:00,5120.0,5160.0,5090.0,5090.0,29954.0
2017-05-08 11:00:00,5160.0,5190.0,5120.0,5160.0,32295.0
2017-05-08 12:00:00,5210.0,5210.0,5160.0,5180.0,13693.0
2017-05-08 13:00:00,5180.0,5210.0,5170.0,5190.0,8436.0
2017-05-08 14:00:00,5160.0,5320.0,5140.0,5200.0,125688.0
2017-05-08 15:00:00,5190.0,5210.0,5140.0,5170.0,19729.0
2017-05-10 09:00:00,5120.0,5280.0,5050.0,5160.0,88923.0
2017-05-10 10:00:00,5140.0,5140.0,5050.0,5120.0,27338.0
2017-05-10 11:00:00,5110.0,5160.0,5110.0,5130.0,6689.0
2017-05-10 12:00:00,5130.0,5140.0,5090.0,5100.0,5977.0
2017-05-10 13:00:00,5110.0,5120.0,5050.0,5070.0,20045.0
2017-05-10 14:00:00,5070.0,5110.0,5030.0,5060.0,15839.0
2017-05-10 15:00:00,5100.0,5170.0,5080.0,5170.0,14944.0
2017-05-11 09:00:00,5030.0,5050.0,4970.0,5040.0,26318.0
2017-05-11 10:00:00,5030.0,5050.0,4995.0,5040.0,23502.0
2017-05-11 11:00:00,5080.0,5100.0,5010.0,5020.0,29623.0
2017-05-11 12:00:00,5200.0,5200.0,5050.0,5120.0,38973.0
2017-05-11 13:00:00,5130.0,5140.0,5080.0,5100.0,9127.0
2017-05-11 14:00:00,5120.0,5170.0,5090.0,5140.0,31433.0
2017-05-11 15:00:00,5110.0,5110.0,5040.0,5060.0,22696.0
2017-05-12 09:00:00,5010.0,5020.0,4960.0,4970.0,11060.0
2017-05-12 10:00:00,4970.0,5000.0,4955.0,5000.0,16262.0
2017-05-12 11:00:00,5070.0,5070.0,5000.0,5000.0,8165.0
2017-05-12 12:00:00,5100.0,5100.0,4935.0,4970.0,31518.0
2017-05-12 13:00:00,4950.0,4960.0,4800.0,4895.0,57242.0
2017-05-12 14:00:00,4975.0,4980.0,4950.0,4950.0,6384.0
2017-05-12 15:00:00,4890.0,5080.0,4865.0,5080.0,25748.0
2017-05-15 09:00:00,5070.0,5100.0,5000.0,5000.0,33854.0
2017-05-15 10:00:00,5000.0,5040.0,4955.0,4955.0,11577.0
2017-05-15 11:00:00,4970.0,5010.0,4950.0,5010.0,4049.0
2017-05-15 12:00:00,5020.0,5020.0,4940.0,4990.0,4205.0
2017-05-15 13:00:00,4980.0,4990.0,4950.0,4985.0,1563.0
2017-05-15 14:00:00,4970.0,4990.0,4965.0,4990.0,6691.0
2017-05-15 15:00:00,4990.0,5000.0,4965.0,5000.0,3908.0
2017-05-16 09:00:00,4850.0,4910.0,4850.0,4890.0,46158.0
2017-05-16 10:00:00,4890.0,4890.0,4860.0,4885.0,3434.0
2017-05-16 11:00:00,4840.0,4855.0,4835.0,4850.0,19652.0
2017-05-16 12:00:00,4835.0,4850.0,4820.0,4840.0,21404.0
2017-05-16 13:00:00,4795.0,4845.0,4775.0,4840.0,18264.0
2017-05-16 14:00:00,4785.0,4865.0,4780.0,4795.0,53460.0
2017-05-16 15:00:00,4895.0,4895.0,4730.0,4790.0,167507.0
2017-05-17 09:00:00,4900.0,4995.0,4830.0,4995.0,42742.0
2017-05-17 10:00:00,4950.0,4985.0,4900.0,4950.0,16794.0
2017-05-17 11:00:00,4950.0,4950.0,4900.0,4940.0,7295.0
2017-05-17 12:00:00,4935.0,4940.0,4905.0,4940.0,3706.0
2017-05-17 13:00:00,4915.0,4950.0,4910.0,4945.0,9369.0
2017-05-17 14:00:00,4940.0,5060.0,4935.0,5030.0,27352.0
2017-05-17 15:00:00,5020.0,5100.0,4990.0,5100.0,30618.0
2017-05-18 09:00:00,5070.0,5100.0,5060.0,5070.0,20752.0
2017-05-18 10:00:00,5100.0,5110.0,5070.0,5090.0,9052.0
2017-05-18 11:00:00,5090.0,5130.0,5070.0,5110.0,7477.0
2017-05-18 12:00:00,5050.0,5200.0,5000.0,5150.0,70197.0
2017-05-18 13:00:00,5140.0,5160.0,5110.0,5150.0,5580.0
2017-05-18 14:00:00,5160.0,5170.0,5080.0,5140.0,31143.0
2017-05-18 15:00:00,5150.0,5150.0,5100.0,5110.0,11582.0
2017-05-19 09:00:00,5060.0,5060.0,4995.0,5040.0,9173.0
2017-05-19 10:00:00,5020.0,5050.0,4985.0,4985.0,16143.0
2017-05-19 11:00:00,5030.0,5080.0,5030.0,5070.0,1813.0
2017-05-19 12:00:00,5150.0,5180.0,5070.0,5080.0,25016.0
2017-05-19 13:00:00,5040.0,5050.0,5000.0,5020.0,2759.0
2017-05-19 14:00:00,5120.0,5120.0,4980.0,5040.0,25632.0
2017-05-19 15:00:00,5000.0,5050.0,5000.0,5030.0,3822.0
2017-05-22 09:00:00,5040.0,5040.0,4880.0,4935.0,28899.0
2017-05-22 10:00:00,4935.0,4955.0,4895.0,4930.0,8840.0
2017-05-22 11:00:00,4930.0,4980.0,4925.0,4980.0,2773.0
2017-05-22 12:00:00,4980.0,4990.0,4915.0,4990.0,10583.0
2017-05-22 13:00:00,4990.0,5060.0,4975.0,5010.0,7561.0
2017-05-22 14:00:00,5040.0,5050.0,5010.0,5050.0,2530.0
2017-05-22 15:00:00,5040.0,5060.0,5020.0,5040.0,3031.0
2017-05-23 09:00:00,4940.0,4970.0,4930.0,4965.0,3833.0
2017-05-23 10:00:00,4945.0,4995.0,4935.0,4940.0,4150.0
2017-05-23 11:00:00,5010.0,5020.0,4905.0,4935.0,18147.0
2017-05-23 12:00:00,5140.0,5140.0,4950.0,4995.0,15740.0
2017-05-23 13:00:00,4960.0,5010.0,4950.0,5000.0,8542.0
2017-05-23 14:00:00,5000.0,5030.0,5000.0,5010.0,5281.0
2017-05-23 15:00:00,4990.0,5000.0,4965.0,5000.0,5569.0
2017-05-24 09:00:00,5010.0,5010.0,4950.0,4950.0,4163.0
2017-05-24 10:00:00,4950.0,5100.0,4950.0,5030.0,13830.0
2017-05-24 11:00:00,5030.0,5060.0,5010.0,5020.0,2315.0
2017-05-24 12:00:00,5030.0,5040.0,4975.0,5040.0,9663.0
2017-05-24 13:00:00,5030.0,5050.0,5020.0,5050.0,8545.0
2017-05-24 14:00:00,5040.0,5060.0,5000.0,5050.0,11451.0
2017-05-24 15:00:00,5050.0,5080.0,5030.0,5030.0,12464.0
2017-05-25 09:00:00,5320.0,5440.0,5320.0,5370.0,40229.0
2017-05-25 10:00:00,5260.0,5560.0,5250.0,5350.0,253782.0
2017-05-25 11:00:00,5110.0,5310.0,5110.0,5270.0,95914.0
2017-05-25 12:00:00,5090.0,5100.0,5040.0,5070.0,17998.0
2017-05-25 13:00:00,5080.0,5130.0,5080.0,5100.0,12218.0
2017-05-25 14:00:00,5080.0,5100.0,5040.0,5090.0,16372.0
2017-05-25 15:00:00,5100.0,5130.0,5080.0,5120.0,9892.0
2017-05-26 09:00:00,5360.0,5470.0,5360.0,5470.0,28755.0
2017-05-26 10:00:00,5480.0,5480.0,5450.0,5470.0,12202.0
2017-05-26 11:00:00,5350.0,5390.0,5340.0,5370.0,10617.0
2017-05-26 12:00:00,5460.0,5460.0,5340.0,5430.0,31502.0
2017-05-26 13:00:00,5430.0,5430.0,5330.0,5380.0,18754.0
2017-05-26 14:00:00,5370.0,5380.0,5320.0,5370.0,20452.0
2017-05-26 15:00:00,5400.0,5510.0,5320.0,5430.0,113165.0
2017-05-29 09:00:00,5470.0,5530.0,5360.0,5450.0,22709.0
2017-05-29 10:00:00,5450.0,5450.0,5390.0,5430.0,12036.0
2017-05-29 11:00:00,5430.0,5600.0,5430.0,5550.0,33672.0
2017-05-29 12:00:00,5540.0,5590.0,5500.0,5550.0,14055.0
2017-05-29 13:00:00,5540.0,5540.0,5480.0,5510.0,7326.0
2017-05-29 14:00:00,5500.0,5510.0,5430.0,5430.0,16648.0
2017-05-29 15:00:00,5450.0,5470.0,5410.0,5450.0,13014.0
2017-05-30 09:00:00,5900.0,5920.0,5770.0,5850.0,92675.0
2017-05-30 10:00:00,5880.0,5880.0,5790.0,5880.0,47121.0
2017-05-30 11:00:00,5850.0,5940.0,5810.0,5900.0,99855.0
2017-05-30 12:00:00,5750.0,5950.0,5730.0,5940.0,281775.0
2017-05-30 13:00:00,5490.0,5680.0,5490.0,5630.0,75563.0
2017-05-30 14:00:00,5630.0,5780.0,5620.0,5750.0,61691.0
2017-05-30 15:00:00,5420.0,5500.0,5400.0,5490.0,16526.0
2017-05-31 09:00:00,5910.0,5910.0,5800.0,5840.0,50290.0
2017-05-31 10:00:00,5840.0,5870.0,5760.0,5790.0,40375.0
2017-05-31 11:00:00,5790.0,5820.0,5780.0,5810.0,11600.0
2017-05-31 12:00:00,5810.0,5820.0,5760.0,5770.0,28731.0
2017-05-31 13:00:00,5770.0,5810.0,5750.0,5800.0,21545.0
2017-05-31 14:00:00,5800.0,5850.0,5760.0,5850.0,11979.0
2017-05-31 15:00:00,5820.0,5840.0,5780.0,5780.0,10519.0
2017-06-01 09:00:00,5790.0,5790.0,5730.0,5780.0,16554.0
2017-06-01 10:00:00,5780.0,5800.0,5770.0,5780.0,12644.0
2017-06-01 11:00:00,5740.0,5780.0,5730.0,5740.0,4430.0
2017-06-01 12:00:00,5850.0,5860.0,5760.0,5800.0,22896.0
2017-06-01 13:00:00,5930.0,5940.0,5840.0,5840.0,16574.0
2017-06-01 14:00:00,5730.0,5970.0,5730.0,5930.0,54418.0
2017-06-01 15:00:00,5780.0,5800.0,5770.0,5780.0,3327.0
2017-06-02 09:00:00,5750.0,5820.0,5740.0,5820.0,8976.0
2017-06-02 10:00:00,5800.0,5800.0,5710.0,5760.0,5045.0
2017-06-02 11:00:00,5750.0,5760.0,5700.0,5740.0,12172.0
2017-06-02 12:00:00,5750.0,5880.0,5740.0,5850.0,18095.0
2017-06-02 13:00:00,5740.0,5810.0,5730.0,5790.0,9198.0
2017-06-02 14:00:00,5860.0,5860.0,5760.0,5800.0,4621.0
2017-06-02 15:00:00,5830.0,5830.0,5680.0,5740.0,40358.0
2017-06-05 09:00:00,5370.0,5410.0,5320.0,5390.0,35572.0
2017-06-05 10:00:00,5720.0,5720.0,5300.0,5370.0,158569.0
2017-06-05 11:00:00,5360.0,5410.0,5350.0,5400.0,21353.0
2017-06-05 12:00:00,5400.0,5450.0,5390.0,5400.0,40599.0
2017-06-05 13:00:00,5410.0,5440.0,5410.0,5430.0,13692.0
2017-06-05 14:00:00,5440.0,5460.0,5430.0,5430.0,13175.0
2017-06-05 15:00:00,5430.0,5430.0,5350.0,5370.0,58425.0
2017-06-07 09:00:00,5400.0,5410.0,5360.0,5400.0,11812.0
2017-06-07 10:00:00,5400.0,5410.0,5360.0,5410.0,6068.0
2017-06-07 11:00:00,5400.0,5410.0,5390.0,5410.0,2382.0
2017-06-07 12:00:00,5310.0,5500.0,5300.0,5460.0,33104.0
2017-06-07 13:00:00,5430.0,5430.0,5360.0,5390.0,12455.0
2017-06-07 14:00:00,5460.0,5470.0,5400.0,5430.0,15941.0
2017-06-07 15:00:00,5400.0,5400.0,5370.0,5400.0,5063.0
2017-06-08 09:00:00,5440.0,5440.0,5320.0,5330.0,25133.0
2017-06-08 10:00:00,5330.0,5390.0,5300.0,5300.0,18587.0
2017-06-08 11:00:00,5300.0,5360.0,5300.0,5350.0,13043.0
2017-06-08 12:00:00,5350.0,5370.0,5330.0,5350.0,6628.0
2017-06-08 13:00:00,5340.0,5360.0,5340.0,5350.0,4363.0
2017-06-08 14:00:00,5360.0,5370.0,5310.0,5330.0,15753.0
2017-06-08 15:00:00,5330.0,5380.0,5330.0,5380.0,6141.0
2017-06-09 09:00:00,5400.0,5460.0,5400.0,5460.0,19662.0
2017-06-09 10:00:00,5360.0,5410.0,5320.0,5390.0,16616.0
2017-06-09 11:00:00,5410.0,5410.0,5350.0,5350.0,8547.0
2017-06-09 12:00:00,5360.0,5400.0,5320.0,5380.0,22363.0
2017-06-09 13:00:00,5420.0,5420.0,5380.0,5400.0,4074.0
2017-06-09 14:00:00,5380.0,5450.0,5350.0,5420.0,9084.0
2017-06-09 15:00:00,5410.0,5420.0,5400.0,5410.0,1106.0
2017-06-12 09:00:00,5400.0,5420.0,5380.0,5420.0,5462.0
2017-06-12 10:00:00,5390.0,5390.0,5350.0,5360.0,11062.0
2017-06-12 11:00:00,5410.0,5430.0,5400.0,5410.0,3631.0
2017-06-12 12:00:00,5480.0,5480.0,5390.0,5400.0,18532.0
2017-06-12 13:00:00,5410.0,5450.0,5410.0,5420.0,2357.0
2017-06-12 14:00:00,5430.0,5430.0,5380.0,5420.0,1326.0
2017-06-12 15:00:00,5410.0,5440.0,5410.0,5410.0,2540.0
2017-06-13 09:00:00,5330.0,5460.0,5330.0,5400.0,20228.0
2017-06-13 10:00:00,5390.0,5420.0,5340.0,5350.0,8598.0
2017-06-13 11:00:00,5380.0,5380.0,5340.0,5350.0,1263.0
2017-06-13 12:00:00,5350.0,5380.0,5340.0,5370.0,9234.0
2017-06-13 13:00:00,5370.0,5400.0,5360.0,5380.0,10000.0
2017-06-13 14:00:00,5380.0,5400.0,5300.0,5300.0,59438.0
2017-06-13 15:00:00,5300.0,5330.0,5270.0,5290.0,4650.0
2017-06-14 09:00:00,5370.0,5400.0,5360.0,5360.0,3019.0
2017-06-14 10:00:00,5380.0,5390.0,5340.0,5370.0,5431.0
2017-06-14 11:00:00,5380.0,5400.0,5350.0,5360.0,16090.0
2017-06-14 12:00:00,5260.0,5420.0,5240.0,5400.0,23818.0
2017-06-14 13:00:00,5380.0,5390.0,5330.0,5390.0,1601.0
2017-06-14 14:00:00,5400.0,5400.0,5340.0,5340.0,10648.0
2017-06-14 15:00:00,5390.0,5390.0,5360.0,5360.0,3472.0
2017-06-15 09:00:00,5280.0,5320.0,5270.0,5300.0,42090.0
2017-06-15 10:00:00,5300.0,5310.0,5260.0,5300.0,9546.0
2017-06-15 11:00:00,5310.0,5390.0,5300.0,5360.0,11943.0
2017-06-15 12:00:00,5370.0,5390.0,5310.0,5380.0,11846.0
2017-06-15 13:00:00,5380.0,5400.0,5360.0,5390.0,2676.0
2017-06-15 14:00:00,5390.0,5410.0,5360.0,5380.0,7507.0
2017-06-15 15:00:00,5380.0,5390.0,5360.0,5390.0,3056.0
2017-06-16 09:00:00,5650.0,5670.0,5590.0,5650.0,28996.0
2017-06-16 10:00:00,5590.0,5650.0,5500.0,5650.0,40523.0
2017-06-16 11:00:00,5640.0,5690.0,5600.0,5650.0,46264.0
2017-06-16 12:00:00,5550.0,5600.0,5490.0,5600.0,40520.0
2017-06-16 13:00:00,5570.0,5650.0,5510.0,5550.0,105044.0
2017-06-16 14:00:00,5400.0,5860.0,5390.0,5580.0,207586.0
2017-06-16 15:00:00,5590.0,5590.0,5490.0,5550.0,23383.0
2017-06-19 09:00:00,6170.0,6200.0,6070.0,6200.0,132586.0
2017-06-19 10:00:00,6050.0,6130.0,6030.0,6080.0,68554.0
2017-06-19 11:00:00,6090.0,6850.0,6030.0,6180.0,585769.0
2017-06-19 12:00:00,6000.0,6040.0,5960.0,6020.0,32295.0
2017-06-19 13:00:00,5860.0,6140.0,5840.0,6030.0,178994.0
2017-06-19 14:00:00,6030.0,6380.0,6010.0,6050.0,451100.0
2017-06-19 15:00:00,5670.0,5910.0,5670.0,5860.0,76015.0
2017-06-20 09:00:00,6040.0,6050.0,6030.0,6030.0,15356.0
2017-06-20 10:00:00,6300.0,6320.0,6120.0,6170.0,103150.0
2017-06-20 11:00:00,6170.0,6200.0,6050.0,6140.0,55261.0
2017-06-20 12:00:00,6140.0,6170.0,6090.0,6100.0,19887.0
2017-06-20 13:00:00,6100.0,6120.0,6050.0,6060.0,28730.0
2017-06-20 14:00:00,6060.0,6070.0,6000.0,6030.0,27764.0
2017-06-20 15:00:00,6040.0,6050.0,6000.0,6030.0,26420.0
2017-06-21 09:00:00,6160.0,6280.0,6120.0,6250.0,29527.0
2017-06-21 10:00:00,6240.0,6260.0,6220.0,6260.0,19619.0
2017-06-21 11:00:00,6200.0,6210.0,6080.0,6150.0,17518.0
2017-06-21 12:00:00,6060.0,6070.0,5890.0,6000.0,42556.0
2017-06-21 13:00:00,6150.0,6310.0,6150.0,6230.0,87954.0
2017-06-21 14:00:00,6000.0,6230.0,6000.0,6150.0,69814.0
2017-06-21 15:00:00,6210.0,6260.0,6170.0,6200.0,15550.0
2017-06-22 09:00:00,6130.0,6440.0,6070.0,6330.0,143829.0
2017-06-22 10:00:00,6320.0,6460.0,6240.0,6380.0,82141.0
2017-06-22 11:00:00,6370.0,6440.0,6300.0,6330.0,33184.0
2017-06-22 12:00:00,6320.0,6480.0,6310.0,6420.0,41210.0
2017-06-22 13:00:00,6420.0,6450.0,6290.0,6320.0,34497.0
2017-06-22 14:00:00,6330.0,6340.0,6260.0,6310.0,34298.0
2017-06-22 15:00:00,6310.0,6380.0,6310.0,6380.0,11125.0
2017-06-23 09:00:00,6440.0,6480.0,6420.0,6420.0,13441.0
2017-06-23 10:00:00,6450.0,6500.0,6400.0,6440.0,49848.0
2017-06-23 11:00:00,6660.0,6670.0,6410.0,6470.0,77656.0
2017-06-23 12:00:00,6380.0,6450.0,6300.0,6330.0,21599.0
2017-06-23 13:00:00,6500.0,6540.0,6460.0,6540.0,23770.0
2017-06-23 14:00:00,6330.0,6570.0,6320.0,6500.0,102365.0
2017-06-23 15:00:00,6540.0,6760.0,6490.0,6660.0,91301.0
2017-06-26 09:00:00,6570.0,6800.0,6520.0,6730.0,111828.0
2017-06-26 10:00:00,6770.0,6950.0,6730.0,6900.0,60471.0
2017-06-26 11:00:00,6640.0,6660.0,6570.0,6570.0,35906.0
2017-06-26 12:00:00,6430.0,6490.0,6330.0,6490.0,28103.0
2017-06-26 13:00:00,6840.0,7200.0,6560.0,6620.0,481516.0
2017-06-26 14:00:00,6490.0,6950.0,6490.0,6850.0,171149.0
2017-06-26 15:00:00,6620.0,6680.0,6590.0,6620.0,22991.0
2017-06-27 09:00:00,6940.0,7020.0,6810.0,7010.0,59244.0
2017-06-27 10:00:00,7010.0,7010.0,6820.0,6890.0,51040.0
2017-06-27 11:00:00,6890.0,6930.0,6830.0,6840.0,15381.0
2017-06-27 12:00:00,6850.0,6900.0,6800.0,6840.0,24082.0
2017-06-27 13:00:00,6840.0,6940.0,6790.0,6790.0,26072.0
2017-06-27 14:00:00,6800.0,6900.0,6800.0,6890.0,15938.0
2017-06-27 15:00:00,6900.0,6970.0,6880.0,6950.0,15583.0
2017-06-28 09:00:00,6810.0,6820.0,6750.0,6770.0,49144.0
2017-06-28 10:00:00,6770.0,6840.0,6750.0,6750.0,9672.0
2017-06-28 11:00:00,6780.0,6810.0,6760.0,6810.0,17228.0
2017-06-28 12:00:00,6900.0,6960.0,6700.0,6950.0,90628.0
2017-06-28 13:00:00,6860.0,6860.0,6800.0,6800.0,23203.0
2017-06-28 14:00:00,6930.0,6990.0,6800.0,6850.0,34785.0
2017-06-28 15:00:00,6800.0,6820.0,6750.0,6790.0,31621.0
2017-06-29 09:00:00,6800.0,6900.0,6520.0,6580.0,53854.0
2017-06-29 10:00:00,6550.0,6780.0,6490.0,6730.0,33110.0
2017-06-29 11:00:00,6790.0,6810.0,6650.0,6660.0,23469.0
2017-06-29 12:00:00,6660.0,6690.0,6570.0,6570.0,21329.0
2017-06-29 13:00:00,6570.0,6750.0,6570.0,6680.0,22094.0
2017-06-29 14:00:00,6680.0,6790.0,6600.0,6600.0,25484.0
2017-06-29 15:00:00,6590.0,6690.0,6560.0,6650.0,17356.0
2017-06-30 09:00:00,6700.0,6710.0,6630.0,6630.0,8629.0
2017-06-30 10:00:00,6650.0,6790.0,6630.0,6700.0,17246.0
2017-06-30 11:00:00,6660.0,6660.0,6600.0,6650.0,1258.0
2017-06-30 12:00:00,6520.0,6670.0,6520.0,6560.0,14215.0
2017-06-30 13:00:00,6540.0,6540.0,6480.0,6500.0,16278.0
2017-06-30 14:00:00,6500.0,6600.0,6480.0,6560.0,27013.0
2017-06-30 15:00:00,6560.0,6660.0,6550.0,6660.0,1858.0
2017-07-03 09:00:00,6700.0,6700.0,6500.0,6550.0,15056.0
2017-07-03 10:00:00,6530.0,6530.0,6380.0,6480.0,35478.0
2017-07-03 11:00:00,6480.0,6490.0,6420.0,6450.0,9236.0
2017-07-03 12:00:00,6450.0,6450.0,6350.0,6400.0,15048.0
2017-07-03 13:00:00,6410.0,6410.0,6300.0,6310.0,24236.0
2017-07-03 14:00:00,6310.0,6360.0,6290.0,6350.0,17978.0
2017-07-03 15:00:00,6340.0,6360.0,6290.0,6290.0,14044.0
2017-07-04 09:00:00,6590.0,6600.0,6380.0,6410.0,125192.0
2017-07-04 10:00:00,6410.0,6500.0,6390.0,6480.0,36682.0
2017-07-04 11:00:00,6670.0,6670.0,6510.0,6600.0,130706.0
2017-07-04 12:00:00,6400.0,6640.0,6340.0,6450.0,41419.0
2017-07-04 13:00:00,6550.0,6800.0,6530.0,6790.0,154852.0
2017-07-04 14:00:00,6790.0,7060.0,6570.0,6670.0,483944.0
2017-07-04 15:00:00,6470.0,6640.0,6430.0,6550.0,31614.0
2017-07-05 09:00:00,6510.0,6590.0,6480.0,6540.0,72785.0
2017-07-05 10:00:00,6540.0,6810.0,6540.0,6670.0,106775.0
2017-07-05 11:00:00,6670.0,6700.0,6640.0,6680.0,20975.0
2017-07-05 12:00:00,6680.0,6720.0,6670.0,6680.0,17843.0
2017-07-05 13:00:00,6680.0,6690.0,6630.0,6650.0,17583.0
2017-07-05 14:00:00,6650.0,6700.0,6630.0,6630.0,26398.0
2017-07-05 15:00:00,6640.0,6720.0,6630.0,6720.0,23543.0
2017-07-06 09:00:00,6910.0,6920.0,6840.0,6900.0,23158.0
2017-07-06 10:00:00,6800.0,6900.0,6800.0,6900.0,51227.0
2017-07-06 11:00:00,6810.0,6840.0,6800.0,6800.0,22627.0
2017-07-06 12:00:00,6780.0,6830.0,6750.0,6750.0,31809.0
2017-07-06 13:00:00,6750.0,6800.0,6730.0,6800.0,8739.0
2017-07-06 14:00:00,6800.0,6950.0,6670.0,6810.0,122704.0
2017-07-06 15:00:00,6800.0,6850.0,6780.0,6810.0,16144.0
2017-07-07 09:00:00,7100.0,7200.0,7080.0,7120.0,63672.0
2017-07-07 10:00:00,7130.0,7170.0,7100.0,7150.0,28344.0
2017-07-07 11:00:00,7110.0,7160.0,7080.0,7100.0,29363.0
2017-07-07 12:00:00,7110.0,7290.0,7110.0,7140.0,251809.0
2017-07-07 13:00:00,7140.0,7170.0,7030.0,7100.0,65986.0
2017-07-07 14:00:00,6820.0,7170.0,6820.0,7110.0,207713.0
2017-07-07 15:00:00,7100.0,7150.0,7060.0,7120.0,32336.0
2017-07-10 09:00:00,7110.0,7250.0,7050.0,7130.0,102347.0
2017-07-10 10:00:00,7130.0,7320.0,7120.0,7260.0,90069.0
2017-07-10 11:00:00,7260.0,7260.0,7160.0,7170.0,32476.0
2017-07-10 12:00:00,7170.0,7190.0,7140.0,7160.0,36614.0
2017-07-10 13:00:00,7150.0,7180.0,7140.0,7150.0,23886.0
2017-07-10 14:00:00,7180.0,7220.0,7130.0,7160.0,40961.0
2017-07-10 15:00:00,7160.0,7240.0,7150.0,7240.0,11155.0
2017-07-11 09:00:00,6980.0,7080.0,6930.0,7080.0,30753.0
2017-07-11 10:00:00,6850.0,6910.0,6840.0,6900.0,37999.0
2017-07-11 11:00:00,6900.0,7010.0,6900.0,6980.0,34434.0
2017-07-11 12:00:00,6880.0,6900.0,6790.0,6840.0,61313.0
2017-07-11 13:00:00,7340.0,7340.0,7070.0,7080.0,119654.0
2017-07-11 14:00:00,7080.0,7100.0,6810.0,6880.0,206562.0
2017-07-11 15:00:00,6840.0,6870.0,6840.0,6850.0,25047.0
2017-07-12 09:00:00,7070.0,7120.0,6930.0,7000.0,50222.0
2017-07-12 10:00:00,7000.0,7000.0,6900.0,6950.0,31343.0
2017-07-12 11:00:00,6950.0,6970.0,6900.0,6960.0,24406.0
2017-07-12 12:00:00,6960.0,7000.0,6930.0,6990.0,12087.0
2017-07-12 13:00:00,6980.0,7010.0,6980.0,6990.0,17238.0
2017-07-12 14:00:00,7000.0,7010.0,6950.0,7000.0,24709.0
2017-07-12 15:00:00,7000.0,7010.0,6890.0,7000.0,18456.0
2017-07-13 09:00:00,7070.0,7190.0,7070.0,7190.0,22877.0
2017-07-13 10:00:00,7070.0,7100.0,7040.0,7060.0,27834.0
2017-07-13 11:00:00,7130.0,7150.0,7060.0,7060.0,36898.0
2017-07-13 12:00:00,7030.0,7100.0,6950.0,7000.0,57567.0
2017-07-13 13:00:00,7160.0,7250.0,7120.0,7170.0,62096.0
2017-07-13 14:00:00,7030.0,7170.0,7030.0,7160.0,41954.0
2017-07-13 15:00:00,7160.0,7210.0,7110.0,7130.0,44132.0
2017-07-14 09:00:00,6980.0,7050.0,6970.0,7000.0,8839.0
2017-07-14 10:00:00,7000.0,7130.0,7000.0,7130.0,7538.0
2017-07-14 11:00:00,7010.0,7070.0,6940.0,6950.0,20166.0
2017-07-14 12:00:00,7190.0,7190.0,7030.0,7080.0,45908.0
2017-07-14 13:00:00,7040.0,7130.0,7000.0,7090.0,12891.0
2017-07-14 14:00:00,7080.0,7120.0,7000.0,7040.0,25649.0
2017-07-14 15:00:00,7090.0,7100.0,7010.0,7010.0,7005.0
2017-07-17 09:00:00,7040.0,7100.0,6890.0,6970.0,34465.0
2017-07-17 10:00:00,6950.0,7050.0,6940.0,6940.0,10250.0
2017-07-17 11:00:00,6970.0,7050.0,6970.0,7050.0,20687.0
2017-07-17 12:00:00,7050.0,7060.0,7030.0,7040.0,8999.0
2017-07-17 13:00:00,7050.0,7050.0,6990.0,7000.0,23872.0
2017-07-17 14:00:00,6980.0,7020.0,6970.0,7020.0,13630.0
2017-07-17 15:00:00,7000.0,7090.0,7000.0,7090.0,16192.0
2017-07-18 09:00:00,6940.0,6980.0,6900.0,6980.0,19402.0
2017-07-18 10:00:00,6930.0,7000.0,6910.0,6930.0,30063.0
2017-07-18 11:00:00,6930.0,6950.0,6910.0,6930.0,8938.0
2017-07-18 12:00:00,7000.0,7050.0,6930.0,6980.0,18856.0
2017-07-18 13:00:00,6980.0,6980.0,6890.0,6950.0,17638.0
2017-07-18 14:00:00,6940.0,6950.0,6870.0,6940.0,23115.0
2017-07-18 15:00:00,7010.0,7070.0,6850.0,6990.0,39757.0
2017-07-19 09:00:00,6990.0,7050.0,6990.0,6990.0,8150.0
2017-07-19 10:00:00,6990.0,7010.0,6940.0,6950.0,10291.0
2017-07-19 11:00:00,6950.0,7050.0,6940.0,7040.0,10064.0
2017-07-19 12:00:00,7020.0,7020.0,6980.0,6980.0,8821.0
2017-07-19 13:00:00,6970.0,6990.0,6910.0,6920.0,23058.0
2017-07-19 14:00:00,6980.0,6980.0,6900.0,6980.0,11682.0
2017-07-19 15:00:00,6930.0,7140.0,6930.0,7000.0,27051.0
2017-07-20 09:00:00,6650.0,6740.0,6650.0,6740.0,15884.0
2017-07-20 10:00:00,6570.0,6700.0,6480.0,6670.0,97459.0
2017-07-20 11:00:00,6700.0,6730.0,6560.0,6560.0,57675.0
2017-07-20 12:00:00,6820.0,6840.0,6700.0,6720.0,40303.0
2017-07-20 13:00:00,6890.0,6900.0,6790.0,6790.0,67328.0
2017-07-20 14:00:00,6880.0,7020.0,6850.0,6900.0,57349.0
2017-07-20 15:00:00,6720.0,6740.0,6580.0,6680.0,80707.0
2017-07-21 09:00:00,7160.0,7170.0,7050.0,7170.0,79841.0
2017-07-21 10:00:00,7170.0,7240.0,7150.0,7240.0,88477.0
2017-07-21 11:00:00,7050.0,7260.0,7000.0,7170.0,136266.0
2017-07-21 12:00:00,6830.0,6980.0,6750.0,6970.0,48982.0
2017-07-21 13:00:00,6600.0,6860.0,6590.0,6830.0,91781.0
2017-07-21 14:00:00,6700.0,6700.0,6480.0,6600.0,121762.0
2017-07-21 15:00:00,6970.0,7150.0,6950.0,7050.0,131043.0
2017-07-24 09:00:00,7250.0,7490.0,7180.0,7440.0,145616.0
2017-07-24 10:00:00,7440.0,7670.0,7420.0,7650.0,160089.0
2017-07-24 11:00:00,7660.0,7760.0,7600.0,7740.0,137514.0
2017-07-24 12:00:00,7740.0,7960.0,7630.0,7900.0,162544.0
2017-07-24 13:00:00,7870.0,7960.0,7790.0,7910.0,180423.0
2017-07-24 14:00:00,7910.0,8070.0,7870.0,8030.0,174441.0
2017-07-24 15:00:00,8030.0,8180.0,7990.0,8180.0,148842.0
2017-07-25 09:00:00,8640.0,8660.0,8420.0,8530.0,70417.0
2017-07-25 10:00:00,8530.0,8540.0,8450.0,8470.0,71550.0
2017-07-25 11:00:00,8660.0,8730.0,8530.0,8640.0,122690.0
2017-07-25 12:00:00,8290.0,8570.0,8180.0,8290.0,277851.0
2017-07-25 13:00:00,8290.0,8410.0,8250.0,8410.0,80751.0
2017-07-25 14:00:00,8410.0,8760.0,8390.0,8610.0,186349.0
2017-07-25 15:00:00,8300.0,8380.0,8110.0,8290.0,257668.0
2017-07-26 09:00:00,8310.0,8360.0,8100.0,8330.0,113291.0
2017-07-26 10:00:00,8330.0,8340.0,8180.0,8190.0,37319.0
2017-07-26 11:00:00,8200.0,8210.0,8100.0,8180.0,35430.0
2017-07-26 12:00:00,8170.0,8490.0,8150.0,8480.0,113627.0
2017-07-26 13:00:00,8480.0,8580.0,8440.0,8570.0,93978.0
2017-07-26 14:00:00,8580.0,8640.0,8540.0,8540.0,75149.0
2017-07-26 15:00:00,8570.0,8820.0,8300.0,8310.0,305809.0
2017-07-27 09:00:00,8220.0,8300.0,8180.0,8290.0,40597.0
2017-07-27 10:00:00,8250.0,8300.0,8180.0,8190.0,65007.0
2017-07-27 11:00:00,8190.0,8300.0,8140.0,8230.0,39330.0
2017-07-27 12:00:00,8320.0,8380.0,8250.0,8300.0,30944.0
2017-07-27 13:00:00,8420.0,8430.0,8240.0,8340.0,57718.0
2017-07-27 14:00:00,8600.0,8680.0,8380.0,8420.0,85821.0
2017-07-27 15:00:00,8270.0,8350.0,8240.0,8250.0,16104.0
2017-07-28 09:00:00,8210.0,8210.0,7870.0,7890.0,116956.0
2017-07-28 10:00:00,7890.0,7980.0,7780.0,7850.0,58175.0
2017-07-28 11:00:00,7850.0,7860.0,7650.0,7730.0,73659.0
2017-07-28 12:00:00,7730.0,7860.0,7710.0,7730.0,57232.0
2017-07-28 13:00:00,7740.0,7950.0,7550.0,7940.0,89754.0
2017-07-28 14:00:00,7920.0,7920.0,7670.0,7670.0,58858.0
2017-07-28 15:00:00,7670.0,7720.0,7570.0,7680.0,52411.0
2017-07-31 09:00:00,7680.0,7710.0,7610.0,7710.0,16552.0
2017-07-31 10:00:00,7570.0,7680.0,7550.0,7680.0,35287.0
2017-07-31 11:00:00,7430.0,7600.0,7420.0,7570.0,11703.0
2017-07-31 12:00:00,7350.0,7570.0,7330.0,7480.0,53896.0
2017-07-31 13:00:00,7520.0,7550.0,7280.0,7340.0,121269.0
2017-07-31 14:00:00,7660.0,7750.0,7500.0,7540.0,65974.0
2017-07-31 15:00:00,7480.0,7480.0,7400.0,7430.0,17300.0
2017-08-01 09:00:00,7560.0,7770.0,7560.0,7620.0,68983.0
2017-08-01 10:00:00,7620.0,7630.0,7450.0,7490.0,59260.0
2017-08-01 11:00:00,7480.0,7530.0,7380.0,7430.0,78944.0
2017-08-01 12:00:00,7440.0,7470.0,7400.0,7450.0,22559.0
2017-08-01 13:00:00,7450.0,7520.0,7420.0,7440.0,33039.0
2017-08-01 14:00:00,7450.0,7450.0,7290.0,7300.0,59634.0
2017-08-01 15:00:00,7300.0,7370.0,7250.0,7310.0,31887.0
2017-08-02 09:00:00,7570.0,7590.0,7440.0,7580.0,40442.0
2017-08-02 10:00:00,7480.0,7580.0,7450.0,7570.0,28125.0
2017-08-02 11:00:00,7520.0,7530.0,7470.0,7480.0,17345.0
2017-08-02 12:00:00,7310.0,7650.0,7310.0,7620.0,72648.0
2017-08-02 13:00:00,7480.0,7550.0,7430.0,7540.0,6904.0
2017-08-02 14:00:00,7610.0,7610.0,7430.0,7500.0,27706.0
2017-08-02 15:00:00,7540.0,7550.0,7460.0,7530.0,14957.0
2017-08-03 09:00:00,7320.0,7360.0,7190.0,7220.0,36300.0
2017-08-03 10:00:00,7220.0,7290.0,7180.0,7290.0,54900.0
2017-08-03 11:00:00,7270.0,7370.0,7260.0,7330.0,22476.0
2017-08-03 12:00:00,7640.0,7690.0,7190.0,7320.0,133947.0
2017-08-03 13:00:00,7290.0,7310.0,7180.0,7280.0,47382.0
2017-08-03 14:00:00,7320.0,7440.0,7280.0,7330.0,75774.0
2017-08-03 15:00:00,7260.0,7320.0,7230.0,7270.0,27277.0
2017-08-04 09:00:00,7260.0,7500.0,7220.0,7260.0,48097.0
2017-08-04 10:00:00,7260.0,7370.0,7260.0,7360.0,18589.0
2017-08-04 11:00:00,7360.0,7510.0,7290.0,7470.0,47094.0
2017-08-04 12:00:00,7480.0,7530.0,7430.0,7480.0,34782.0
2017-08-04 13:00:00,7480.0,7690.0,7460.0,7680.0,114112.0
2017-08-04 14:00:00,7680.0,7910.0,7680.0,7830.0,113862.0
2017-08-04 15:00:00,7810.0,8050.0,7780.0,7960.0,77153.0
2017-08-07 09:00:00,8150.0,8230.0,8150.0,8160.0,50800.0
2017-08-07 10:00:00,8150.0,8190.0,8050.0,8150.0,43201.0
2017-08-07 11:00:00,8030.0,8170.0,8020.0,8150.0,47474.0
2017-08-07 12:00:00,8010.0,8090.0,8000.0,8030.0,18494.0
2017-08-07 13:00:00,8190.0,8190.0,8010.0,8010.0,30807.0
2017-08-07 14:00:00,8040.0,8240.0,7970.0,8190.0,80748.0
2017-08-07 15:00:00,7960.0,8200.0,7900.0,8040.0,104178.0
2017-08-08 09:00:00,8180.0,8180.0,7850.0,7970.0,61911.0
2017-08-08 10:00:00,7970.0,8240.0,7910.0,8240.0,31234.0
2017-08-08 11:00:00,8240.0,8250.0,8050.0,8150.0,24338.0
2017-08-08 12:00:00,8160.0,8180.0,8120.0,8160.0,13447.0
2017-08-08 13:00:00,8160.0,8170.0,8120.0,8140.0,20536.0
2017-08-08 14:00:00,8140.0,8430.0,8100.0,8390.0,81925.0
2017-08-08 15:00:00,8390.0,8410.0,8260.0,8390.0,47060.0
2017-08-09 09:00:00,8340.0,8340.0,8260.0,8340.0,12559.0
2017-08-09 10:00:00,8450.0,8450.0,8280.0,8340.0,26468.0
2017-08-09 11:00:00,8400.0,8470.0,8400.0,8450.0,43933.0
2017-08-09 12:00:00,8330.0,8450.0,8170.0,8330.0,84446.0
2017-08-09 13:00:00,8360.0,8400.0,8270.0,8390.0,23154.0
2017-08-09 14:00:00,8330.0,8400.0,8310.0,8360.0,33552.0
2017-08-09 15:00:00,8380.0,8420.0,8380.0,8410.0,15934.0
2017-08-10 09:00:00,8180.0,8220.0,8030.0,8130.0,38332.0
2017-08-10 10:00:00,8120.0,8150.0,8010.0,8140.0,19543.0
2017-08-10 11:00:00,8010.0,8180.0,7970.0,8150.0,40567.0
2017-08-10 12:00:00,8260.0,8380.0,8230.0,8260.0,36555.0
2017-08-10 13:00:00,8100.0,8150.0,7850.0,8050.0,63094.0
2017-08-10 14:00:00,8260.0,8330.0,8090.0,8100.0,34665.0
2017-08-10 15:00:00,8010.0,8090.0,7980.0,8010.0,16837.0
2017-08-11 09:00:00,7800.0,8050.0,7780.0,8000.0,65130.0
2017-08-11 10:00:00,7980.0,7980.0,7790.0,7840.0,60690.0
2017-08-11 11:00:00,7820.0,7830.0,7700.0,7800.0,50656.0
2017-08-11 12:00:00,7800.0,7870.0,7680.0,7800.0,43413.0
2017-08-11 13:00:00,7820.0,8010.0,7800.0,7910.0,42059.0
2017-08-11 14:00:00,7920.0,7970.0,7740.0,7840.0,29197.0
2017-08-11 15:00:00,7840.0,7870.0,7780.0,7860.0,38660.0
2017-08-14 09:00:00,8060.0,8060.0,7840.0,7840.0,21357.0
2017-08-14 10:00:00,7850.0,8010.0,7690.0,8010.0,48644.0
2017-08-14 11:00:00,8050.0,8070.0,8020.0,8060.0,8296.0
2017-08-14 12:00:00,7920.0,8090.0,7900.0,8030.0,26594.0
2017-08-14 13:00:00,8040.0,8060.0,7980.0,8050.0,8025.0
2017-08-14 14:00:00,8020.0,8070.0,7990.0,8040.0,10888.0
2017-08-14 15:00:00,8040.0,8060.0,8010.0,8050.0,5644.0
2017-08-16 09:00:00,7960.0,8010.0,7760.0,7770.0,88238.0
2017-08-16 10:00:00,7760.0,7770.0,7570.0,7620.0,118152.0
2017-08-16 11:00:00,7620.0,7630.0,7280.0,7340.0,198802.0
2017-08-16 12:00:00,7370.0,7490.0,7340.0,7420.0,30930.0
2017-08-16 13:00:00,7380.0,7430.0,7330.0,7330.0,58403.0
2017-08-16 14:00:00,7380.0,7380.0,6800.0,6850.0,343633.0
2017-08-16 15:00:00,6860.0,7020.0,6830.0,6920.0,106014.0
2017-08-17 09:00:00,7410.0,7410.0,7330.0,7390.0,18920.0
2017-08-17 10:00:00,7470.0,7490.0,7310.0,7350.0,65411.0
2017-08-17 11:00:00,7320.0,7470.0,7310.0,7470.0,70409.0
2017-08-17 12:00:00,7000.0,7020.0,6750.0,7000.0,111288.0
2017-08-17 13:00:00,7150.0,7290.0,7140.0,7180.0,64802.0
2017-08-17 14:00:00,7000.0,7200.0,6970.0,7150.0,88210.0
2017-08-17 15:00:00,7210.0,7330.0,7170.0,7320.0,44942.0
2017-08-18 09:00:00,7320.0,7340.0,7260.0,7300.0,15118.0
2017-08-18 10:00:00,7300.0,7340.0,7200.0,7340.0,18914.0
2017-08-18 11:00:00,7250.0,7340.0,7160.0,7320.0,24944.0
2017-08-18 12:00:00,7230.0,7420.0,7190.0,7280.0,35889.0
2017-08-18 13:00:00,7250.0,7250.0,7000.0,7150.0,89016.0
2017-08-18 14:00:00,7280.0,7300.0,7230.0,7290.0,15964.0
2017-08-18 15:00:00,7150.0,7260.0,7130.0,7250.0,14404.0
2017-08-21 09:00:00,7340.0,7370.0,7120.0,7330.0,43018.0
2017-08-21 10:00:00,7330.0,7350.0,7220.0,7280.0,24290.0
2017-08-21 11:00:00,7270.0,7330.0,7230.0,7270.0,7974.0
2017-08-21 12:00:00,7230.0,7270.0,7180.0,7180.0,16951.0
2017-08-21 13:00:00,7180.0,7240.0,7060.0,7120.0,46210.0
2017-08-21 14:00:00,7120.0,7180.0,7070.0,7110.0,55192.0
2017-08-21 15:00:00,7080.0,7120.0,6960.0,7100.0,47588.0
2017-08-22 09:00:00,7050.0,7150.0,7040.0,7080.0,27617.0
2017-08-22 10:00:00,7060.0,7180.0,7030.0,7150.0,25165.0
2017-08-22 11:00:00,7010.0,7080.0,6980.0,7060.0,18430.0
2017-08-22 12:00:00,7160.0,7200.0,6950.0,7030.0,63513.0
2017-08-22 13:00:00,6930.0,7070.0,6920.0,6970.0,38187.0
2017-08-22 14:00:00,6990.0,7020.0,6880.0,6940.0,71155.0
2017-08-22 15:00:00,6980.0,7030.0,6960.0,7000.0,15912.0
2017-08-23 09:00:00,7090.0,7330.0,7060.0,7290.0,40163.0
2017-08-23 10:00:00,7280.0,7320.0,7150.0,7170.0,30131.0
2017-08-23 11:00:00,7170.0,7300.0,7170.0,7220.0,10730.0
2017-08-23 12:00:00,7220.0,7240.0,7210.0,7210.0,3463.0
2017-08-23 13:00:00,7220.0,7230.0,7020.0,7090.0,29383.0
2017-08-23 14:00:00,7100.0,7130.0,7030.0,7080.0,12198.0
2017-08-23 15:00:00,7070.0,7140.0,7050.0,7140.0,12132.0
2017-08-24 09:00:00,7000.0,7010.0,6930.0,6980.0,55990.0
2017-08-24 10:00:00,7040.0,7040.0,6970.0,7010.0,29526.0
2017-08-24 11:00:00,7000.0,7050.0,6970.0,7030.0,25064.0
2017-08-24 12:00:00,7030.0,7040.0,6950.0,6980.0,40288.0
2017-08-24 13:00:00,7040.0,7050.0,6930.0,7020.0,53528.0
2017-08-24 14:00:00,7070.0,7130.0,7000.0,7070.0,60840.0
2017-08-24 15:00:00,6990.0,7010.0,6970.0,6990.0,10010.0
2017-08-25 09:00:00,6900.0,6970.0,6880.0,6920.0,35623.0
2017-08-25 10:00:00,6920.0,6950.0,6800.0,6810.0,56367.0
2017-08-25 11:00:00,6820.0,6880.0,6800.0,6860.0,17422.0
2017-08-25 12:00:00,6860.0,6910.0,6800.0,6900.0,24745.0
2017-08-25 13:00:00,6910.0,6930.0,6850.0,6880.0,13698.0
2017-08-25 14:00:00,6880.0,6900.0,6850.0,6880.0,16611.0
2017-08-25 15:00:00,6880.0,6900.0,6850.0,6900.0,27402.0
2017-08-28 09:00:00,6470.0,6490.0,6450.0,6470.0,26667.0
2017-08-28 10:00:00,6400.0,6540.0,6400.0,6470.0,63879.0
2017-08-28 11:00:00,6560.0,6560.0,6210.0,6410.0,294586.0
2017-08-28 12:00:00,6590.0,6610.0,6530.0,6550.0,59795.0
2017-08-28 13:00:00,6640.0,6670.0,6550.0,6590.0,84064.0
2017-08-28 14:00:00,6850.0,6940.0,6600.0,6640.0,88829.0
2017-08-28 15:00:00,6600.0,6650.0,6590.0,6590.0,33725.0
2017-08-29 09:00:00,6400.0,6560.0,6350.0,6500.0,62247.0
2017-08-29 10:00:00,6490.0,6570.0,6430.0,6430.0,15987.0
2017-08-29 11:00:00,6430.0,6450.0,6380.0,6420.0,14243.0
2017-08-29 12:00:00,6420.0,6470.0,6410.0,6470.0,4220.0
2017-08-29 13:00:00,6450.0,6490.0,6410.0,6420.0,7233.0
2017-08-29 14:00:00,6420.0,6740.0,6410.0,6740.0,103595.0
2017-08-29 15:00:00,6740.0,6800.0,6690.0,6800.0,47235.0
2017-08-30 09:00:00,6780.0,6870.0,6770.0,6870.0,12986.0
2017-08-30 10:00:00,6750.0,6800.0,6700.0,6780.0,25622.0
2017-08-30 11:00:00,6880.0,6890.0,6740.0,6750.0,19201.0
2017-08-30 12:00:00,6820.0,6970.0,6760.0,6820.0,64271.0
2017-08-30 13:00:00,6800.0,6860.0,6780.0,6860.0,8285.0
2017-08-30 14:00:00,6810.0,6850.0,6770.0,6800.0,27965.0
2017-08-30 15:00:00,6840.0,6950.0,6830.0,6890.0,16329.0
2017-08-31 09:00:00,7260.0,7340.0,7190.0,7340.0,69788.0
2017-08-31 10:00:00,7330.0,7340.0,7270.0,7340.0,72867.0
2017-08-31 11:00:00,7440.0,7450.0,7210.0,7270.0,165396.0
2017-08-31 12:00:00,6960.0,7380.0,6950.0,7260.0,284026.0
2017-08-31 13:00:00,7300.0,7670.0,7280.0,7490.0,267273.0
2017-08-31 14:00:00,7260.0,7350.0,7210.0,7280.0,81842.0
2017-08-31 15:00:00,7490.0,7800.0,7400.0,7440.0,271951.0
2017-09-01 09:00:00,7340.0,7510.0,7300.0,7360.0,143930.0
2017-09-01 10:00:00,7370.0,7470.0,7340.0,7460.0,38641.0
2017-09-01 11:00:00,7460.0,7680.0,7420.0,7500.0,106979.0
2017-09-01 12:00:00,7500.0,7510.0,7430.0,7460.0,17827.0
2017-09-01 13:00:00,7470.0,7470.0,7380.0,7380.0,29835.0
2017-09-01 14:00:00,7380.0,7410.0,7280.0,7290.0,43533.0
2017-09-01 15:00:00,7290.0,7400.0,7290.0,7400.0,23384.0
2017-09-04 09:00:00,7130.0,7150.0,7060.0,7130.0,29598.0
2017-09-04 10:00:00,7140.0,7140.0,7000.0,7050.0,56346.0
2017-09-04 11:00:00,7140.0,7140.0,7060.0,7130.0,30502.0
2017-09-04 12:00:00,7160.0,7190.0,7090.0,7130.0,22305.0
2017-09-04 13:00:00,7220.0,7240.0,7130.0,7160.0,24774.0
2017-09-04 14:00:00,7200.0,7270.0,7180.0,7230.0,21657.0
2017-09-04 15:00:00,7060.0,7290.0,7060.0,7240.0,67234.0
2017-09-05 09:00:00,7020.0,7050.0,6860.0,6870.0,87944.0
2017-09-05 10:00:00,6870.0,6920.0,6750.0,6880.0,56156.0
2017-09-05 11:00:00,6870.0,6930.0,6790.0,6790.0,21593.0
2017-09-05 12:00:00,6780.0,6820.0,6750.0,6760.0,19371.0
2017-09-05 13:00:00,6750.0,6770.0,6680.0,6680.0,52532.0
2017-09-05 14:00:00,6680.0,6810.0,6670.0,6780.0,27592.0
2017-09-05 15:00:00,6770.0,6800.0,6770.0,6800.0,10352.0
2017-09-06 09:00:00,6620.0,6710.0,6620.0,6700.0,8973.0
2017-09-06 10:00:00,6620.0,6650.0,6580.0,6620.0,40486.0
2017-09-06 11:00:00,6670.0,6680.0,6590.0,6620.0,43311.0
2017-09-06 12:00:00,6710.0,6940.0,6710.0,6840.0,27579.0
2017-09-06 13:00:00,6810.0,6820.0,6650.0,6660.0,50252.0
2017-09-06 14:00:00,6880.0,6930.0,6800.0,6810.0,24676.0
2017-09-06 15:00:00,6650.0,6700.0,6650.0,6670.0,25053.0
2017-09-07 09:00:00,6820.0,7050.0,6800.0,6960.0,72222.0
2017-09-07 10:00:00,6950.0,6960.0,6870.0,6870.0,20324.0
2017-09-07 11:00:00,6820.0,6890.0,6810.0,6820.0,20705.0
2017-09-07 12:00:00,6760.0,6900.0,6680.0,6890.0,48015.0
2017-09-07 13:00:00,6960.0,6960.0,6790.0,6810.0,21329.0
2017-09-07 14:00:00,6880.0,7000.0,6870.0,6960.0,51535.0
2017-09-07 15:00:00,6810.0,6840.0,6780.0,6820.0,7572.0
2017-09-08 09:00:00,7000.0,7070.0,6910.0,6950.0,43250.0
2017-09-08 10:00:00,6950.0,7110.0,6910.0,6920.0,44369.0
2017-09-08 11:00:00,6950.0,6980.0,6900.0,6920.0,11621.0
2017-09-08 12:00:00,6920.0,6930.0,6780.0,6860.0,12680.0
2017-09-08 13:00:00,6870.0,6930.0,6780.0,6840.0,15314.0
2017-09-08 14:00:00,6830.0,6860.0,6790.0,6800.0,8803.0
2017-09-08 15:00:00,6800.0,6890.0,6800.0,6870.0,16202.0
2017-09-11 09:00:00,6750.0,6790.0,6720.0,6770.0,13733.0
2017-09-11 10:00:00,6700.0,6800.0,6700.0,6750.0,23860.0
2017-09-11 11:00:00,6700.0,6740.0,6630.0,6700.0,26521.0
2017-09-11 12:00:00,6980.0,6980.0,6780.0,6830.0,27628.0
2017-09-11 13:00:00,6870.0,6870.0,6770.0,6770.0,26210.0
2017-09-11 14:00:00,6750.0,6760.0,6650.0,6690.0,20078.0
2017-09-11 15:00:00,6770.0,6820.0,6720.0,6740.0,18207.0
2017-09-12 09:00:00,6810.0,6830.0,6670.0,6830.0,34684.0
2017-09-12 10:00:00,6820.0,6920.0,6770.0,6790.0,19474.0
2017-09-12 11:00:00,6790.0,6820.0,6770.0,6810.0,5971.0
2017-09-12 12:00:00,6810.0,6960.0,6800.0,6960.0,37874.0
2017-09-12 13:00:00,6960.0,7170.0,6920.0,6930.0,114222.0
2017-09-12 14:00:00,6980.0,7170.0,6940.0,7170.0,62357.0
2017-09-12 15:00:00,7170.0,7350.0,7150.0,7310.0,102578.0
2017-09-13 09:00:00,7540.0,7590.0,7480.0,7580.0,18152.0
2017-09-13 10:00:00,7650.0,7690.0,7460.0,7540.0,54300.0
2017-09-13 11:00:00,7620.0,7690.0,7550.0,7650.0,22145.0
2017-09-13 12:00:00,7620.0,7720.0,7550.0,7610.0,147939.0
2017-09-13 13:00:00,7610.0,7740.0,7550.0,7560.0,94908.0
2017-09-13 14:00:00,7310.0,7650.0,7160.0,7630.0,232072.0
2017-09-13 15:00:00,7560.0,7650.0,7450.0,7620.0,53326.0
2017-09-14 09:00:00,7850.0,7900.0,7830.0,7840.0,26069.0
2017-09-14 10:00:00,7840.0,7900.0,7820.0,7900.0,27963.0
2017-09-14 11:00:00,7950.0,7960.0,7850.0,7860.0,28397.0
2017-09-14 12:00:00,7670.0,7790.0,7620.0,7730.0,90001.0
2017-09-14 13:00:00,7720.0,7990.0,7720.0,7850.0,126911.0
2017-09-14 14:00:00,7860.0,8000.0,7860.0,7950.0,69983.0
2017-09-14 15:00:00,7550.0,7700.0,7500.0,7670.0,32682.0
2017-09-15 09:00:00,7830.0,8000.0,7720.0,7930.0,85872.0
2017-09-15 10:00:00,7930.0,8140.0,7850.0,8130.0,141431.0
2017-09-15 11:00:00,8120.0,8240.0,8100.0,8150.0,221166.0
2017-09-15 12:00:00,8160.0,8260.0,8140.0,8200.0,90219.0
2017-09-15 13:00:00,8210.0,8260.0,8020.0,8230.0,96268.0
2017-09-15 14:00:00,8200.0,8230.0,8060.0,8190.0,92222.0
2017-09-15 15:00:00,8190.0,8250.0,8130.0,8200.0,82636.0
2017-09-18 09:00:00,8180.0,8200.0,8130.0,8160.0,13833.0
2017-09-18 10:00:00,8090.0,8160.0,8010.0,8160.0,48725.0
2017-09-18 11:00:00,8140.0,8150.0,8070.0,8100.0,26081.0
2017-09-18 12:00:00,8160.0,8210.0,8150.0,8180.0,9839.0
2017-09-18 13:00:00,8210.0,8220.0,8050.0,8090.0,40622.0
2017-09-18 14:00:00,8090.0,8180.0,8050.0,8150.0,16033.0
2017-09-18 15:00:00,8240.0,8240.0,8090.0,8220.0,64667.0
2017-09-19 09:00:00,8150.0,8150.0,7930.0,7960.0,75024.0
2017-09-19 10:00:00,7950.0,7960.0,7700.0,7720.0,98640.0
2017-09-19 11:00:00,7740.0,7820.0,7610.0,7610.0,72367.0
2017-09-19 12:00:00,7620.0,7790.0,7620.0,7790.0,10497.0
2017-09-19 13:00:00,7780.0,7800.0,7770.0,7800.0,9163.0
2017-09-19 14:00:00,7790.0,8060.0,7750.0,8050.0,48927.0
2017-09-19 15:00:00,8020.0,8230.0,8020.0,8210.0,98455.0
2017-09-20 09:00:00,8250.0,8270.0,8180.0,8210.0,14876.0
2017-09-20 10:00:00,8290.0,8370.0,8180.0,8240.0,30044.0
2017-09-20 11:00:00,8200.0,8240.0,8170.0,8220.0,30941.0
2017-09-20 12:00:00,8450.0,8460.0,8250.0,8300.0,31956.0
2017-09-20 13:00:00,8190.0,8450.0,8180.0,8450.0,82211.0
2017-09-20 14:00:00,8220.0,8450.0,8160.0,8190.0,112723.0
2017-09-20 15:00:00,8300.0,8330.0,8260.0,8290.0,9389.0
2017-09-21 09:00:00,8590.0,8610.0,8520.0,8610.0,34070.0
2017-09-21 10:00:00,8530.0,8670.0,8500.0,8550.0,117375.0
2017-09-21 11:00:00,8550.0,8600.0,8430.0,8590.0,60466.0
2017-09-21 12:00:00,8440.0,8660.0,8390.0,8470.0,228392.0
2017-09-21 13:00:00,8280.0,8440.0,8230.0,8440.0,41580.0
2017-09-21 14:00:00,8460.0,8530.0,8410.0,8530.0,31812.0
2017-09-21 15:00:00,8240.0,8510.0,8120.0,8240.0,149585.0
2017-09-22 09:00:00,8870.0,8880.0,8770.0,8850.0,26929.0
2017-09-22 10:00:00,8650.0,9100.0,8560.0,8740.0,358369.0
2017-09-22 11:00:00,8740.0,8860.0,8620.0,8740.0,47313.0
2017-09-22 12:00:00,8740.0,8990.0,8740.0,8900.0,60309.0
2017-09-22 13:00:00,8900.0,8960.0,8850.0,8900.0,30686.0
2017-09-22 14:00:00,8900.0,8900.0,8600.0,8760.0,38942.0
2017-09-22 15:00:00,8730.0,8870.0,8730.0,8860.0,45017.0
2017-09-25 09:00:00,8930.0,9080.0,8920.0,8990.0,75579.0
2017-09-25 10:00:00,8990.0,9010.0,8780.0,8780.0,41282.0
2017-09-25 11:00:00,8780.0,8930.0,8770.0,8920.0,42987.0
2017-09-25 12:00:00,8900.0,8990.0,8510.0,8870.0,92823.0
2017-09-25 13:00:00,8840.0,8870.0,8670.0,8780.0,36410.0
2017-09-25 14:00:00,8890.0,8940.0,8800.0,8830.0,35983.0
2017-09-25 15:00:00,8780.0,8800.0,8700.0,8780.0,22281.0
2017-09-26 09:00:00,8760.0,8900.0,8540.0,8680.0,118290.0
2017-09-26 10:00:00,8680.0,8750.0,8630.0,8740.0,12979.0
2017-09-26 11:00:00,8740.0,8970.0,8740.0,8930.0,55041.0
2017-09-26 12:00:00,8920.0,9100.0,8920.0,9010.0,96243.0
2017-09-26 13:00:00,9020.0,9340.0,9010.0,9190.0,209949.0
2017-09-26 14:00:00,9190.0,9220.0,8950.0,9170.0,64264.0
2017-09-26 15:00:00,9170.0,9210.0,9050.0,9160.0,48091.0
2017-09-27 09:00:00,9100.0,9160.0,9070.0,9160.0,26378.0
2017-09-27 10:00:00,9210.0,9210.0,9100.0,9140.0,20380.0
2017-09-27 11:00:00,9100.0,9220.0,9070.0,9210.0,23856.0
2017-09-27 12:00:00,9160.0,9360.0,9050.0,9220.0,77050.0
2017-09-27 13:00:00,9190.0,9210.0,9100.0,9100.0,46511.0
2017-09-27 14:00:00,9280.0,9280.0,9110.0,9200.0,34621.0
2017-09-27 15:00:00,9090.0,9130.0,9050.0,9080.0,26335.0
2017-09-28 09:00:00,8790.0,8900.0,8700.0,8880.0,44622.0
2017-09-28 10:00:00,8880.0,8930.0,8800.0,8930.0,17522.0
2017-09-28 11:00:00,8790.0,8800.0,8670.0,8790.0,71725.0
2017-09-28 12:00:00,9270.0,9270.0,8850.0,8860.0,129815.0
2017-09-28 13:00:00,8770.0,8860.0,8720.0,8860.0,32830.0
2017-09-28 14:00:00,8850.0,8910.0,8730.0,8770.0,99006.0
2017-09-28 15:00:00,8860.0,8870.0,8720.0,8790.0,25660.0
2017-09-29 09:00:00,8920.0,8950.0,8760.0,8820.0,44897.0
2017-09-29 10:00:00,8810.0,8820.0,8690.0,8760.0,50790.0
2017-09-29 11:00:00,8770.0,8780.0,8700.0,8770.0,26683.0
2017-09-29 12:00:00,8770.0,9000.0,8770.0,9000.0,18970.0
2017-09-29 13:00:00,9000.0,9150.0,8930.0,9100.0,42465.0
2017-09-29 14:00:00,9120.0,9180.0,9050.0,9090.0,32783.0
2017-09-29 15:00:00,9090.0,9120.0,9040.0,9050.0,50036.0
2017-10-10 09:00:00,9430.0,9450.0,9380.0,9450.0,21799.0
2017-10-10 10:00:00,9480.0,9570.0,9390.0,9410.0,45686.0
2017-10-10 11:00:00,9350.0,9570.0,9350.0,9480.0,103338.0
2017-10-10 12:00:00,9050.0,9180.0,8970.0,9000.0,31289.0
2017-10-10 13:00:00,9300.0,9420.0,9270.0,9390.0,66249.0
2017-10-10 14:00:00,9000.0,9450.0,8950.0,9300.0,77802.0
2017-10-10 15:00:00,9390.0,9390.0,9320.0,9360.0,14128.0
2017-10-11 09:00:00,9500.0,9670.0,9350.0,9500.0,62094.0
2017-10-11 10:00:00,9490.0,9530.0,9440.0,9530.0,10898.0
2017-10-11 11:00:00,9530.0,9540.0,9450.0,9510.0,16620.0
2017-10-11 12:00:00,9520.0,9560.0,9440.0,9490.0,12465.0
2017-10-11 13:00:00,9490.0,9490.0,9400.0,9420.0,17876.0
2017-10-11 14:00:00,9440.0,9450.0,9410.0,9450.0,17402.0
2017-10-11 15:00:00,9440.0,9450.0,9420.0,9450.0,16207.0
2017-10-12 09:00:00,9250.0,9250.0,9160.0,9160.0,23754.0
2017-10-12 10:00:00,9180.0,9350.0,9180.0,9310.0,42109.0
2017-10-12 11:00:00,9320.0,9320.0,9160.0,9250.0,37081.0
2017-10-12 12:00:00,9130.0,9190.0,9000.0,9100.0,84921.0
2017-10-12 13:00:00,9100.0,9210.0,9100.0,9130.0,30516.0
2017-10-12 14:00:00,9350.0,9350.0,9100.0,9100.0,133719.0
2017-10-12 15:00:00,9100.0,9200.0,9070.0,9180.0,26465.0
2017-10-13 09:00:00,8630.0,9030.0,8630.0,9010.0,36324.0
2017-10-13 10:00:00,9020.0,9040.0,8790.0,8820.0,101428.0
2017-10-13 11:00:00,8820.0,8880.0,8630.0,8630.0,97785.0
2017-10-13 12:00:00,9050.0,9090.0,8990.0,9040.0,45080.0
2017-10-13 13:00:00,9190.0,9240.0,9030.0,9050.0,48832.0
2017-10-13 14:00:00,9030.0,9100.0,9000.0,9040.0,22988.0
2017-10-13 15:00:00,9210.0,9350.0,9170.0,9230.0,56377.0
2017-10-16 09:00:00,8470.0,8490.0,8370.0,8370.0,41857.0
2017-10-16 10:00:00,8850.0,8900.0,8400.0,8440.0,198829.0
2017-10-16 11:00:00,8440.0,8600.0,8390.0,8460.0,82690.0
2017-10-16 12:00:00,8460.0,8590.0,8450.0,8540.0,24178.0
2017-10-16 13:00:00,8550.0,8570.0,8460.0,8470.0,33442.0
2017-10-16 14:00:00,8480.0,8540.0,8460.0,8470.0,23796.0
2017-10-16 15:00:00,8490.0,8510.0,8370.0,8500.0,92307.0
2017-10-17 09:00:00,8410.0,8440.0,8320.0,8380.0,9905.0
2017-10-17 10:00:00,8350.0,8450.0,8320.0,8320.0,21105.0
2017-10-17 11:00:00,8370.0,8410.0,8300.0,8410.0,20834.0
2017-10-17 12:00:00,8370.0,8700.0,8250.0,8580.0,64030.0
2017-10-17 13:00:00,8430.0,8440.0,8380.0,8380.0,18756.0
2017-10-17 14:00:00,8550.0,8570.0,8390.0,8420.0,22086.0
2017-10-17 15:00:00,8380.0,8400.0,8360.0,8370.0,21948.0
2017-10-18 09:00:00,8210.0,8260.0,8030.0,8080.0,88944.0
2017-10-18 10:00:00,8050.0,8050.0,7890.0,7950.0,82524.0
2017-10-18 11:00:00,7940.0,8010.0,7880.0,7900.0,23686.0
2017-10-18 12:00:00,7900.0,8000.0,7890.0,7960.0,14138.0
2017-10-18 13:00:00,7950.0,7990.0,7920.0,7940.0,14592.0
2017-10-18 14:00:00,7940.0,7950.0,7800.0,7820.0,64499.0
2017-10-18 15:00:00,7800.0,7900.0,7730.0,7900.0,30214.0
2017-10-19 09:00:00,8020.0,8020.0,7880.0,8000.0,43458.0
2017-10-19 10:00:00,7940.0,8040.0,7930.0,8020.0,24098.0
2017-10-19 11:00:00,7980.0,7980.0,7880.0,7940.0,19576.0
2017-10-19 12:00:00,7940.0,8050.0,7810.0,7920.0,59185.0
2017-10-19 13:00:00,8010.0,8020.0,7960.0,7990.0,8135.0
2017-10-19 14:00:00,7930.0,8200.0,7910.0,8040.0,43935.0
2017-10-19 15:00:00,7990.0,8000.0,7960.0,7970.0,7369.0
2017-10-20 09:00:00,7840.0,7840.0,7770.0,7780.0,12402.0
2017-10-20 10:00:00,7780.0,7780.0,7700.0,7720.0,30819.0
2017-10-20 11:00:00,7820.0,7860.0,7790.0,7850.0,9431.0
2017-10-20 12:00:00,8000.0,8060.0,7840.0,7840.0,29016.0
2017-10-20 13:00:00,7810.0,7870.0,7790.0,7800.0,13097.0
2017-10-20 14:00:00,7840.0,7930.0,7790.0,7800.0,17823.0
2017-10-20 15:00:00,7800.0,7870.0,7790.0,7820.0,7378.0
2017-10-23 09:00:00,7640.0,7840.0,7450.0,7780.0,112715.0
2017-10-23 10:00:00,7780.0,7890.0,7670.0,7760.0,53110.0
2017-10-23 11:00:00,7760.0,7850.0,7750.0,7850.0,6338.0
2017-10-23 12:00:00,7840.0,7960.0,7830.0,7960.0,25232.0
2017-10-23 13:00:00,7970.0,8070.0,7900.0,8000.0,84376.0
2017-10-23 14:00:00,8000.0,8180.0,7940.0,8060.0,43777.0
2017-10-23 15:00:00,8060.0,8170.0,8060.0,8150.0,25864.0
2017-10-24 09:00:00,8060.0,8090.0,8010.0,8030.0,15448.0
2017-10-24 10:00:00,8030.0,8220.0,8000.0,8200.0,32413.0
2017-10-24 11:00:00,7980.0,8180.0,7980.0,8060.0,13743.0
2017-10-24 12:00:00,8140.0,8260.0,8040.0,8160.0,55178.0
2017-10-24 13:00:00,8020.0,8030.0,7970.0,7980.0,17852.0
2017-10-24 14:00:00,8170.0,8190.0,8020.0,8030.0,39468.0
2017-10-24 15:00:00,7970.0,7990.0,7970.0,7990.0,12330.0
2017-10-25 09:00:00,8230.0,8230.0,8040.0,8060.0,28760.0
2017-10-25 10:00:00,8060.0,8100.0,8020.0,8060.0,16683.0
2017-10-25 11:00:00,8060.0,8150.0,8060.0,8150.0,9037.0
2017-10-25 12:00:00,8100.0,8150.0,8080.0,8090.0,10851.0
2017-10-25 13:00:00,8090.0,8240.0,8080.0,8220.0,35621.0
2017-10-25 14:00:00,8220.0,8520.0,8210.0,8480.0,104920.0
2017-10-25 15:00:00,8480.0,8600.0,8480.0,8600.0,51299.0
2017-10-26 09:00:00,8610.0,8690.0,8610.0,8640.0,10551.0
2017-10-26 10:00:00,8600.0,8630.0,8540.0,8610.0,10261.0
2017-10-26 11:00:00,8600.0,8740.0,8570.0,8600.0,31196.0
2017-10-26 12:00:00,8680.0,8680.0,8590.0,8600.0,7808.0
2017-10-26 13:00:00,8440.0,8750.0,8440.0,8720.0,47944.0
2017-10-26 14:00:00,8600.0,8700.0,8440.0,8440.0,48171.0
2017-10-26 15:00:00,8600.0,8610.0,8570.0,8600.0,4439.0
2017-10-27 09:00:00,8560.0,8700.0,8560.0,8680.0,12389.0
2017-10-27 10:00:00,8670.0,8670.0,8570.0,8590.0,10797.0
2017-10-27 11:00:00,8580.0,8630.0,8550.0,8570.0,11629.0
2017-10-27 12:00:00,8570.0,8660.0,8570.0,8590.0,9361.0
2017-10-27 13:00:00,8590.0,8600.0,8490.0,8520.0,19399.0
2017-10-27 14:00:00,8530.0,8560.0,8390.0,8430.0,40977.0
2017-10-27 15:00:00,8410.0,8430.0,8380.0,8430.0,16310.0
2017-10-30 09:00:00,8190.0,8200.0,8100.0,8150.0,13790.0
2017-10-30 10:00:00,8150.0,8180.0,8080.0,8080.0,12955.0
2017-10-30 11:00:00,8140.0,8230.0,8100.0,8150.0,16495.0
2017-10-30 12:00:00,8420.0,8420.0,8120.0,8240.0,49683.0
2017-10-30 13:00:00,8180.0,8230.0,8130.0,8170.0,20066.0
2017-10-30 14:00:00,8150.0,8200.0,8120.0,8160.0,9352.0
2017-10-30 15:00:00,8220.0,8260.0,8150.0,8170.0,22783.0
2017-10-31 09:00:00,7990.0,8080.0,7850.0,7890.0,65699.0
2017-10-31 10:00:00,7890.0,7930.0,7700.0,7730.0,69996.0
2017-10-31 11:00:00,7740.0,7750.0,7650.0,7740.0,43164.0
2017-10-31 12:00:00,7740.0,7880.0,7720.0,7790.0,24345.0
2017-10-31 13:00:00,7770.0,7890.0,7740.0,7890.0,21816.0
2017-10-31 14:00:00,7880.0,7990.0,7880.0,7970.0,12063.0
2017-10-31 15:00:00,7970.0,7970.0,7920.0,7940.0,8695.0
2017-11-01 09:00:00,7850.0,7900.0,7830.0,7900.0,8441.0
2017-11-01 10:00:00,7770.0,7890.0,7760.0,7850.0,9280.0
2017-11-01 11:00:00,7840.0,7900.0,7730.0,7740.0,18167.0
2017-11-01 12:00:00,7870.0,7940.0,7750.0,7810.0,21286.0
2017-11-01 13:00:00,7810.0,7810.0,7700.0,7810.0,33415.0
2017-11-01 14:00:00,7870.0,7960.0,7860.0,7870.0,17994.0
2017-11-01 15:00:00,7800.0,7830.0,7770.0,7830.0,6537.0
2017-11-02 09:00:00,8040.0,8050.0,7990.0,8010.0,21723.0
2017-11-02 10:00:00,8020.0,8160.0,8020.0,8160.0,37684.0
2017-11-02 11:00:00,8030.0,8040.0,7980.0,8040.0,16372.0
2017-11-02 12:00:00,8030.0,8080.0,7970.0,8000.0,26767.0
2017-11-02 13:00:00,8010.0,8070.0,7970.0,8070.0,14225.0
2017-11-02 14:00:00,7910.0,8090.0,7740.0,8030.0,40650.0
2017-11-02 15:00:00,8020.0,8060.0,8020.0,8030.0,16487.0
2017-11-03 09:00:00,8210.0,8280.0,7970.0,8020.0,57401.0
2017-11-03 10:00:00,8010.0,8020.0,7880.0,7930.0,29854.0
2017-11-03 11:00:00,7930.0,7960.0,7880.0,7880.0,29174.0
2017-11-03 12:00:00,7880.0,7970.0,7860.0,7890.0,12861.0
2017-11-03 13:00:00,7870.0,7890.0,7860.0,7860.0,10506.0
2017-11-03 14:00:00,7860.0,7880.0,7850.0,7850.0,14620.0
2017-11-03 15:00:00,7850.0,7880.0,7830.0,7870.0,19239.0
2017-11-06 09:00:00,7620.0,7700.0,7620.0,7650.0,11284.0
2017-11-06 10:00:00,7530.0,7590.0,7500.0,7540.0,15733.0
2017-11-06 11:00:00,7540.0,7640.0,7540.0,7620.0,7611.0
2017-11-06 12:00:00,7600.0,7620.0,7560.0,7560.0,14894.0
2017-11-06 13:00:00,7800.0,7910.0,7610.0,7670.0,39788.0
2017-11-06 14:00:00,7670.0,7700.0,7540.0,7600.0,50063.0
2017-11-06 15:00:00,7570.0,7570.0,7480.0,7510.0,41262.0
2017-11-07 09:00:00,7690.0,7690.0,7380.0,7430.0,70315.0
2017-11-07 10:00:00,7430.0,7440.0,7210.0,7210.0,86607.0
2017-11-07 11:00:00,7220.0,7440.0,7220.0,7390.0,51336.0
2017-11-07 12:00:00,7380.0,7420.0,7330.0,7350.0,23571.0
2017-11-07 13:00:00,7350.0,7400.0,7260.0,7290.0,30283.0
2017-11-07 14:00:00,7290.0,7360.0,7260.0,7360.0,41708.0
2017-11-07 15:00:00,7300.0,7340.0,7300.0,7330.0,20915.0
2017-11-08 09:00:00,7520.0,7530.0,7490.0,7530.0,12081.0
2017-11-08 10:00:00,7530.0,7540.0,7490.0,7520.0,15203.0
2017-11-08 11:00:00,7510.0,7540.0,7500.0,7530.0,7377.0
2017-11-08 12:00:00,7330.0,7600.0,7160.0,7600.0,93543.0
2017-11-08 13:00:00,7380.0,7570.0,7360.0,7520.0,23258.0
2017-11-08 14:00:00,7550.0,7600.0,7380.0,7380.0,35674.0
2017-11-08 15:00:00,7520.0,7550.0,7470.0,7510.0,9660.0
2017-11-09 09:00:00,7590.0,7630.0,7560.0,7560.0,10889.0
2017-11-09 10:00:00,7620.0,7620.0,7560.0,7560.0,9014.0
2017-11-09 11:00:00,7580.0,7680.0,7560.0,7630.0,15511.0
2017-11-09 12:00:00,7530.0,7620.0,7420.0,7550.0,27862.0
2017-11-09 13:00:00,7510.0,7530.0,7470.0,7530.0,6693.0
2017-11-09 14:00:00,7550.0,7550.0,7500.0,7510.0,5797.0
2017-11-09 15:00:00,7530.0,7600.0,7520.0,7580.0,9446.0
2017-11-10 09:00:00,7560.0,8090.0,7510.0,7990.0,105914.0
2017-11-10 10:00:00,7950.0,7990.0,7830.0,7830.0,32658.0
2017-11-10 11:00:00,7840.0,7980.0,7830.0,7960.0,26267.0
2017-11-10 12:00:00,7930.0,8000.0,7920.0,7990.0,16719.0
2017-11-10 13:00:00,7980.0,8320.0,7980.0,8050.0,166397.0
2017-11-10 14:00:00,8050.0,8190.0,8030.0,8160.0,25708.0
2017-11-10 15:00:00,8190.0,8190.0,8090.0,8100.0,25507.0
2017-11-13 09:00:00,8630.0,8720.0,8620.0,8720.0,31039.0
2017-11-13 10:00:00,8400.0,8740.0,8400.0,8620.0,186324.0
2017-11-13 11:00:00,8380.0,8450.0,8360.0,8400.0,34968.0
2017-11-13 12:00:00,8320.0,8330.0,8190.0,8220.0,36628.0
2017-11-13 13:00:00,8210.0,8310.0,8150.0,8270.0,30396.0
2017-11-13 14:00:00,8270.0,8490.0,8260.0,8390.0,68828.0
2017-11-13 15:00:00,8120.0,8370.0,8040.0,8320.0,76188.0
2017-11-14 09:00:00,8530.0,8790.0,8510.0,8700.0,72507.0
2017-11-14 10:00:00,8700.0,8900.0,8700.0,8890.0,40474.0
2017-11-14 11:00:00,8890.0,8890.0,8730.0,8820.0,16026.0
2017-11-14 12:00:00,8820.0,8950.0,8750.0,8950.0,38974.0
2017-11-14 13:00:00,8950.0,9150.0,8930.0,9020.0,123585.0
2017-11-14 14:00:00,9020.0,9120.0,9010.0,9050.0,44919.0
2017-11-14 15:00:00,8620.0,8670.0,8260.0,8530.0,201385.0
2017-11-15 09:00:00,9200.0,9390.0,9190.0,9250.0,43622.0
2017-11-15 10:00:00,9380.0,9400.0,9090.0,9200.0,73865.0
2017-11-15 11:00:00,9100.0,9420.0,9080.0,9380.0,128263.0
2017-11-15 12:00:00,9180.0,9230.0,9070.0,9140.0,60708.0
2017-11-15 13:00:00,9520.0,9530.0,9060.0,9180.0,150423.0
2017-11-15 14:00:00,9050.0,9630.0,8830.0,9520.0,378795.0
2017-11-15 15:00:00,9140.0,9180.0,9040.0,9100.0,54908.0
2017-11-16 09:00:00,9740.0,9820.0,9640.0,9820.0,24728.0
2017-11-16 10:00:00,9630.0,9810.0,9610.0,9740.0,52979.0
2017-11-16 11:00:00,9690.0,9710.0,9610.0,9630.0,43227.0
2017-11-16 12:00:00,9960.0,9970.0,9800.0,9820.0,92180.0
2017-11-16 13:00:00,9850.0,10300.0,9800.0,9970.0,446166.0
2017-11-16 14:00:00,9390.0,9860.0,9250.0,9850.0,300563.0
2017-11-16 15:00:00,9800.0,9840.0,9640.0,9690.0,83338.0
2017-11-17 09:00:00,9850.0,10700.0,9770.0,10400.0,382105.0
2017-11-17 10:00:00,10400.0,10700.0,10350.0,10450.0,120899.0
2017-11-17 11:00:00,10500.0,11300.0,10450.0,10900.0,381764.0
2017-11-17 12:00:00,10900.0,11000.0,10650.0,10900.0,62032.0
2017-11-17 13:00:00,10950.0,12100.0,10850.0,11600.0,690744.0
2017-11-17 14:00:00,11600.0,11650.0,11050.0,11400.0,236415.0
2017-11-17 15:00:00,11350.0,11950.0,11300.0,11750.0,160916.0
2017-11-20 09:00:00,11750.0,12000.0,11650.0,11650.0,84812.0
2017-11-20 10:00:00,11700.0,11800.0,11550.0,11800.0,59598.0
2017-11-20 11:00:00,11800.0,11900.0,11700.0,11750.0,49706.0
2017-11-20 12:00:00,11850.0,12150.0,11750.0,11900.0,90615.0
2017-11-20 13:00:00,11850.0,12100.0,11650.0,11850.0,137730.0
2017-11-20 14:00:00,11900.0,11950.0,11750.0,11800.0,36108.0
2017-11-20 15:00:00,11550.0,12500.0,11250.0,11750.0,577658.0
2017-11-21 09:00:00,12500.0,12700.0,12200.0,12450.0,233742.0
2017-11-21 10:00:00,12450.0,13000.0,12450.0,12750.0,174151.0
2017-11-21 11:00:00,12750.0,13350.0,12700.0,13300.0,226612.0
2017-11-21 12:00:00,13250.0,13550.0,12850.0,13200.0,216542.0
2017-11-21 13:00:00,13200.0,13500.0,13050.0,13500.0,96473.0
2017-11-21 14:00:00,13500.0,13650.0,13350.0,13600.0,109755.0
2017-11-21 15:00:00,12000.0,13100.0,11850.0,12500.0,745865.0
2017-11-22 09:00:00,13850.0,14100.0,13750.0,14100.0,71366.0
2017-11-22 10:00:00,14250.0,14250.0,13800.0,13900.0,76509.0
2017-11-22 11:00:00,13200.0,14050.0,13100.0,13900.0,197596.0
2017-11-22 12:00:00,14450.0,15000.0,13600.0,14000.0,404461.0
2017-11-22 13:00:00,13850.0,14550.0,13500.0,14450.0,407353.0
2017-11-22 14:00:00,14000.0,14400.0,13900.0,14250.0,79159.0
2017-11-22 15:00:00,13950.0,13950.0,13200.0,13200.0,143699.0
2017-11-23 09:00:00,14100.0,14650.0,13750.0,14200.0,268322.0
2017-11-23 10:00:00,14200.0,14250.0,13800.0,13800.0,57588.0
2017-11-23 11:00:00,13800.0,13950.0,13650.0,13950.0,32733.0
2017-11-23 12:00:00,13900.0,14150.0,13800.0,14150.0,34076.0
2017-11-23 13:00:00,14150.0,14150.0,13950.0,13950.0,36075.0
2017-11-23 14:00:00,14000.0,14050.0,13650.0,13850.0,57037.0
2017-11-23 15:00:00,13800.0,14000.0,13750.0,13900.0,13186.0
2017-11-24 09:00:00,14050.0,14100.0,13650.0,13950.0,90117.0
2017-11-24 10:00:00,14050.0,14100.0,13650.0,13900.0,68909.0
2017-11-24 11:00:00,13950.0,14250.0,13850.0,14000.0,98218.0
2017-11-24 12:00:00,13600.0,14300.0,13450.0,14050.0,123207.0
2017-11-24 13:00:00,13750.0,13800.0,13050.0,13300.0,270652.0
2017-11-24 14:00:00,13800.0,14050.0,13450.0,13700.0,137210.0
2017-11-24 15:00:00,13300.0,13700.0,13250.0,13600.0,73045.0
2017-11-27 09:00:00,14000.0,14300.0,13550.0,13650.0,83338.0
2017-11-27 10:00:00,13600.0,13650.0,13200.0,13500.0,61514.0
2017-11-27 11:00:00,13500.0,13500.0,13000.0,13450.0,93221.0
2017-11-27 12:00:00,13450.0,13700.0,13350.0,13600.0,19843.0
2017-11-27 13:00:00,13600.0,13600.0,13350.0,13450.0,33510.0
2017-11-27 14:00:00,13450.0,13650.0,13150.0,13250.0,34540.0
2017-11-27 15:00:00,13200.0,13500.0,13150.0,13500.0,59980.0
2017-11-28 09:00:00,12800.0,12800.0,12600.0,12750.0,28425.0
2017-11-28 10:00:00,12750.0,12900.0,12500.0,12750.0,85150.0
2017-11-28 11:00:00,12750.0,12900.0,12500.0,12750.0,137424.0
2017-11-28 12:00:00,13800.0,13850.0,12800.0,13100.0,116564.0
2017-11-28 13:00:00,13100.0,13150.0,12850.0,12900.0,51679.0
2017-11-28 14:00:00,13100.0,13250.0,12700.0,13100.0,133299.0
2017-11-28 15:00:00,12850.0,12950.0,12700.0,12800.0,55923.0
2017-11-29 09:00:00,14200.0,14800.0,14000.0,14550.0,238429.0
2017-11-29 10:00:00,14600.0,14750.0,14300.0,14650.0,156857.0
2017-11-29 11:00:00,14250.0,14500.0,13950.0,14150.0,182305.0
2017-11-29 12:00:00,12750.0,13200.0,12600.0,12900.0,140629.0
2017-11-29 13:00:00,13050.0,13850.0,13000.0,13800.0,176895.0
2017-11-29 14:00:00,12850.0,13150.0,12700.0,13050.0,48405.0
2017-11-29 15:00:00,13800.0,14850.0,13700.0,14250.0,460466.0
2017-11-30 09:00:00,14050.0,14450.0,13900.0,14050.0,208445.0
2017-11-30 10:00:00,14100.0,14100.0,13600.0,13700.0,114844.0
2017-11-30 11:00:00,13750.0,13800.0,13600.0,13650.0,51632.0
2017-11-30 12:00:00,13700.0,13700.0,13400.0,13600.0,85294.0
2017-11-30 13:00:00,13600.0,13900.0,13550.0,13800.0,68900.0
2017-11-30 14:00:00,13850.0,14000.0,13600.0,13600.0,74767.0
2017-11-30 15:00:00,13650.0,13700.0,13450.0,13650.0,50303.0
2017-12-01 09:00:00,13650.0,13700.0,13550.0,13550.0,29986.0
2017-12-01 10:00:00,13750.0,13800.0,13550.0,13650.0,42718.0
2017-12-01 11:00:00,13650.0,13800.0,13650.0,13700.0,17766.0
2017-12-01 12:00:00,13800.0,14000.0,13450.0,13650.0,84613.0
2017-12-01 13:00:00,13950.0,14250.0,13600.0,13650.0,70837.0
2017-12-01 14:00:00,13650.0,14000.0,13600.0,13950.0,62060.0
2017-12-01 15:00:00,13650.0,13900.0,13600.0,13700.0,34972.0
2017-12-04 09:00:00,13350.0,13650.0,12350.0,12400.0,233264.0
2017-12-04 10:00:00,12450.0,12450.0,11850.0,12100.0,393646.0
2017-12-04 11:00:00,12100.0,12450.0,12100.0,12300.0,89800.0
2017-12-04 12:00:00,12350.0,12350.0,12150.0,12150.0,75226.0
2017-12-04 13:00:00,12150.0,12300.0,11950.0,12050.0,142641.0
2017-12-04 14:00:00,12000.0,12200.0,11850.0,12100.0,131878.0
2017-12-04 15:00:00,12050.0,12050.0,11850.0,12000.0,91755.0
2017-12-05 09:00:00,12150.0,12250.0,12100.0,12200.0,35113.0
2017-12-05 10:00:00,11950.0,12150.0,11700.0,12050.0,89163.0
2017-12-05 11:00:00,12050.0,12500.0,12000.0,12200.0,169734.0
2017-12-05 12:00:00,12400.0,12400.0,12050.0,12100.0,59412.0
2017-12-05 13:00:00,12000.0,12450.0,11950.0,12400.0,170289.0
2017-12-05 14:00:00,11750.0,12250.0,11600.0,12000.0,182460.0
2017-12-05 15:00:00,12100.0,12100.0,11900.0,11950.0,53569.0
2017-12-06 09:00:00,12250.0,12300.0,12150.0,12200.0,22231.0
2017-12-06 10:00:00,12400.0,12450.0,11950.0,12100.0,74063.0
2017-12-06 11:00:00,12100.0,12300.0,11950.0,12250.0,37831.0
2017-12-06 12:00:00,12550.0,12550.0,12250.0,12300.0,52441.0
2017-12-06 13:00:00,12600.0,12850.0,12500.0,12550.0,72852.0
2017-12-06 14:00:00,12300.0,12500.0,12300.0,12450.0,27788.0
2017-12-06 15:00:00,12300.0,12700.0,12150.0,12550.0,151763.0
2017-12-07 09:00:00,12300.0,12300.0,12100.0,12300.0,32715.0
2017-12-07 10:00:00,12200.0,12350.0,11900.0,11900.0,56343.0
2017-12-07 11:00:00,11900.0,11900.0,11350.0,11600.0,87077.0
2017-12-07 12:00:00,11600.0,11800.0,11500.0,11700.0,24890.0
2017-12-07 13:00:00,11700.0,11800.0,11550.0,11700.0,20717.0
2017-12-07 14:00:00,11650.0,11900.0,11550.0,11650.0,33747.0
2017-12-07 15:00:00,11650.0,12300.0,11650.0,12300.0,60138.0
2017-12-08 09:00:00,12400.0,12500.0,12000.0,12050.0,41005.0
2017-12-08 10:00:00,12050.0,12400.0,12050.0,12400.0,20359.0
2017-12-08 11:00:00,12400.0,12550.0,12250.0,12450.0,23099.0
2017-12-08 12:00:00,12500.0,13100.0,12200.0,13000.0,214111.0
2017-12-08 13:00:00,12800.0,12850.0,12400.0,12550.0,39691.0
2017-12-08 14:00:00,13050.0,13050.0,12500.0,12750.0,69497.0
2017-12-08 15:00:00,12500.0,12550.0,12200.0,12400.0,68872.0
2017-12-11 09:00:00,12400.0,12850.0,12000.0,12800.0,86032.0
2017-12-11 10:00:00,12800.0,13400.0,12700.0,13000.0,200667.0
2017-12-11 11:00:00,12950.0,13200.0,12850.0,13200.0,36029.0
2017-12-11 12:00:00,13200.0,13550.0,13100.0,13300.0,156006.0
2017-12-11 13:00:00,13300.0,13300.0,12950.0,13100.0,58638.0
2017-12-11 14:00:00,13050.0,13100.0,12900.0,13000.0,38480.0
2017-12-11 15:00:00,12950.0,13150.0,12900.0,13100.0,36265.0
2017-12-12 09:00:00,12750.0,12900.0,12650.0,12650.0,37049.0
2017-12-12 10:00:00,12900.0,12900.0,12700.0,12700.0,20752.0
2017-12-12 11:00:00,12950.0,12950.0,12650.0,12850.0,35416.0
2017-12-12 12:00:00,13400.0,13700.0,12950.0,13200.0,156936.0
2017-12-12 13:00:00,12850.0,13000.0,12700.0,12950.0,28071.0
2017-12-12 14:00:00,13200.0,13200.0,12850.0,12900.0,31725.0
2017-12-12 15:00:00,12950.0,13000.0,12900.0,12950.0,4379.0
2017-12-13 09:00:00,14350.0,14400.0,14100.0,14100.0,79644.0
2017-12-13 10:00:00,14150.0,14300.0,14100.0,14200.0,51004.0
2017-12-13 11:00:00,14200.0,14500.0,14100.0,14350.0,155652.0
2017-12-13 12:00:00,12650.0,13000.0,12550.0,12850.0,27986.0
2017-12-13 13:00:00,13800.0,14250.0,13500.0,14050.0,260306.0
2017-12-13 14:00:00,12850.0,13850.0,12850.0,13800.0,166587.0
2017-12-13 15:00:00,14050.0,14300.0,13900.0,14200.0,122715.0
2017-12-14 09:00:00,14400.0,14550.0,13950.0,14100.0,148433.0
2017-12-14 10:00:00,14100.0,14350.0,13850.0,14300.0,67112.0
2017-12-14 11:00:00,14300.0,14300.0,13850.0,13850.0,110779.0
2017-12-14 12:00:00,13900.0,14200.0,13900.0,14150.0,55003.0
2017-12-14 13:00:00,14200.0,14200.0,13750.0,14000.0,80808.0
2017-12-14 14:00:00,14000.0,14100.0,13900.0,14000.0,60920.0
2017-12-14 15:00:00,14000.0,14100.0,13950.0,14000.0,44884.0
2017-12-15 09:00:00,14050.0,14350.0,14000.0,14150.0,30049.0
2017-12-15 10:00:00,14150.0,14150.0,13950.0,14100.0,17651.0
2017-12-15 11:00:00,14250.0,14400.0,13950.0,14100.0,62505.0
2017-12-15 12:00:00,14100.0,15000.0,14000.0,14800.0,358444.0
2017-12-15 13:00:00,14300.0,14650.0,14050.0,14600.0,52679.0
2017-12-15 14:00:00,14850.0,14900.0,14200.0,14300.0,127142.0
2017-12-15 15:00:00,14550.0,14600.0,14200.0,14200.0,26158.0
2017-12-18 09:00:00,14450.0,14500.0,14000.0,14100.0,82001.0
2017-12-18 10:00:00,14100.0,14150.0,13850.0,13900.0,63867.0
2017-12-18 11:00:00,13900.0,13950.0,13700.0,13800.0,34296.0
2017-12-18 12:00:00,13750.0,13800.0,13500.0,13650.0,53952.0
2017-12-18 13:00:00,13650.0,13750.0,13550.0,13650.0,34087.0
2017-12-18 14:00:00,13650.0,13750.0,13600.0,13650.0,20109.0
2017-12-18 15:00:00,13700.0,13800.0,13650.0,13800.0,30739.0
2017-12-19 09:00:00,13650.0,13650.0,13300.0,13300.0,38071.0
2017-12-19 10:00:00,13450.0,13700.0,13200.0,13650.0,32460.0
2017-12-19 11:00:00,13550.0,13650.0,13400.0,13500.0,21025.0
2017-12-19 12:00:00,13600.0,13750.0,13350.0,13500.0,14276.0
2017-12-19 13:00:00,13450.0,13550.0,13200.0,13450.0,60996.0
2017-12-19 14:00:00,13950.0,14050.0,13400.0,13450.0,86294.0
2017-12-19 15:00:00,13400.0,13650.0,13350.0,13600.0,16714.0
2017-12-20 09:00:00,13350.0,13950.0,13300.0,13750.0,79751.0
2017-12-20 10:00:00,13700.0,13750.0,13500.0,13500.0,29841.0
2017-12-20 11:00:00,13450.0,13550.0,13450.0,13500.0,11384.0
2017-12-20 12:00:00,13500.0,13550.0,13450.0,13550.0,8302.0
2017-12-20 13:00:00,13500.0,13550.0,13250.0,13350.0,38242.0
2017-12-20 14:00:00,13350.0,13450.0,13150.0,13150.0,39774.0
2017-12-20 15:00:00,13200.0,13400.0,13100.0,13300.0,45221.0
2017-12-21 09:00:00,12850.0,13050.0,12850.0,12850.0,28321.0
2017-12-21 10:00:00,12700.0,12850.0,12550.0,12800.0,13954.0
2017-12-21 11:00:00,12850.0,12900.0,12650.0,12800.0,20322.0
2017-12-21 12:00:00,12750.0,12850.0,12650.0,12800.0,22285.0
2017-12-21 13:00:00,13400.0,13500.0,13000.0,13100.0,96726.0
2017-12-21 14:00:00,12800.0,12800.0,12600.0,12700.0,18044.0
2017-12-21 15:00:00,13100.0,13100.0,12550.0,12750.0,57965.0
2017-12-22 09:00:00,12650.0,13500.0,12550.0,13400.0,84667.0
2017-12-22 10:00:00,13400.0,13800.0,13250.0,13500.0,93807.0
2017-12-22 11:00:00,13500.0,13550.0,13300.0,13500.0,29562.0
2017-12-22 12:00:00,13500.0,13950.0,13450.0,13850.0,113783.0
2017-12-22 13:00:00,13900.0,14000.0,13650.0,13700.0,71511.0
2017-12-22 14:00:00,13700.0,13850.0,13650.0,13850.0,55823.0
2017-12-22 15:00:00,13850.0,13900.0,13600.0,13700.0,55163.0
2017-12-26 09:00:00,14350.0,14450.0,14100.0,14100.0,36652.0
2017-12-26 10:00:00,14300.0,14600.0,14150.0,14350.0,132378.0
2017-12-26 11:00:00,14400.0,14400.0,14200.0,14300.0,41468.0
2017-12-26 12:00:00,13600.0,14200.0,13500.0,14150.0,82578.0
2017-12-26 13:00:00,14150.0,14300.0,13950.0,14200.0,62525.0
2017-12-26 14:00:00,13850.0,13850.0,13450.0,13600.0,60364.0
2017-12-26 15:00:00,14200.0,14400.0,14150.0,14400.0,69634.0
2017-12-27 09:00:00,14600.0,14900.0,14400.0,14500.0,103432.0
2017-12-27 10:00:00,14550.0,14700.0,14450.0,14550.0,32002.0
2017-12-27 11:00:00,14050.0,14650.0,14000.0,14650.0,154534.0
2017-12-27 12:00:00,13950.0,14250.0,13800.0,14100.0,64703.0
2017-12-27 13:00:00,14100.0,14150.0,13900.0,13900.0,28452.0
2017-12-27 14:00:00,14200.0,14500.0,13850.0,13950.0,94216.0
2017-12-27 15:00:00,13950.0,14000.0,13850.0,14000.0,27523.0
2017-12-28 09:00:00,14600.0,14850.0,14350.0,14800.0,50974.0
2017-12-28 10:00:00,14800.0,14850.0,14300.0,14400.0,44918.0
2017-12-28 11:00:00,14350.0,14400.0,14100.0,14250.0,34555.0
2017-12-28 12:00:00,14200.0,14350.0,14150.0,14200.0,14537.0
2017-12-28 13:00:00,14150.0,14450.0,14100.0,14350.0,30103.0
2017-12-28 14:00:00,14400.0,14650.0,14350.0,14550.0,30650.0
2017-12-28 15:00:00,14550.0,14650.0,14450.0,14500.0,26205.0
2018-01-02 09:00:00,17200.0,17600.0,17050.0,17600.0,124035.0
2018-01-02 10:00:00,16950.0,17250.0,16700.0,17250.0,82500.0
2018-01-02 11:00:00,17300.0,17550.0,16950.0,17200.0,173548.0
2018-01-02 12:00:00,16000.0,16850.0,15850.0,16750.0,303559.0
2018-01-02 13:00:00,14400.0,16250.0,14350.0,15900.0,376185.0
2018-01-02 14:00:00,16750.0,17150.0,16500.0,16950.0,189229.0
2018-01-03 09:00:00,17850.0,18150.0,17450.0,17800.0,213774.0
2018-01-03 10:00:00,17800.0,19400.0,17650.0,18800.0,270152.0
2018-01-03 11:00:00,18800.0,18850.0,18350.0,18450.0,102200.0
2018-01-03 12:00:00,18500.0,18600.0,18000.0,18200.0,81112.0
2018-01-03 13:00:00,18200.0,18500.0,17900.0,17950.0,97193.0
2018-01-03 14:00:00,17950.0,18650.0,17700.0,18650.0,115606.0
2018-01-03 15:00:00,18600.0,18700.0,18500.0,18700.0,44633.0
2018-01-04 09:00:00,17650.0,17750.0,17100.0,17650.0,135037.0
2018-01-04 10:00:00,18250.0,18350.0,17400.0,17650.0,260357.0
2018-01-04 11:00:00,18800.0,18850.0,18250.0,18250.0,99638.0
2018-01-04 12:00:00,18700.0,19650.0,18500.0,19250.0,256453.0
2018-01-04 13:00:00,19000.0,19050.0,18550.0,18650.0,44285.0
2018-01-04 14:00:00,19250.0,19300.0,18800.0,19050.0,35740.0
2018-01-04 15:00:00,18650.0,19050.0,18650.0,18850.0,41167.0
2018-01-05 09:00:00,17800.0,18200.0,17650.0,17850.0,70668.0
2018-01-05 10:00:00,17850.0,18200.0,17700.0,18200.0,41922.0
2018-01-05 11:00:00,18500.0,18500.0,17750.0,17850.0,69733.0
2018-01-05 12:00:00,17900.0,18850.0,17450.0,18450.0,211639.0
2018-01-05 13:00:00,18250.0,18700.0,18150.0,18600.0,57281.0
2018-01-05 14:00:00,18450.0,18450.0,17900.0,18250.0,64522.0
2018-01-05 15:00:00,18600.0,18750.0,18400.0,18400.0,52937.0
2018-01-08 09:00:00,18500.0,18500.0,17550.0,17650.0,124513.0
2018-01-08 10:00:00,17650.0,17700.0,17200.0,17400.0,97363.0
2018-01-08 11:00:00,17400.0,17450.0,16950.0,17100.0,163780.0
2018-01-08 12:00:00,17100.0,17300.0,17000.0,17100.0,41617.0
2018-01-08 13:00:00,17100.0,17150.0,16650.0,16700.0,179809.0
2018-01-08 14:00:00,16650.0,17200.0,16650.0,17150.0,121248.0
2018-01-08 15:00:00,17150.0,17250.0,17000.0,17200.0,51954.0
2018-01-09 09:00:00,16400.0,16700.0,16300.0,16700.0,27037.0
2018-01-09 10:00:00,16700.0,16800.0,16300.0,16350.0,132018.0
2018-01-09 11:00:00,16350.0,16600.0,16300.0,16350.0,53765.0
2018-01-09 12:00:00,16850.0,17000.0,16750.0,16850.0,45560.0
2018-01-09 13:00:00,17250.0,17550.0,16700.0,17350.0,142296.0
2018-01-09 14:00:00,16850.0,16950.0,16700.0,16750.0,28008.0
2018-01-09 15:00:00,17300.0,17500.0,16800.0,16850.0,94254.0
2018-01-10 09:00:00,16700.0,16800.0,16000.0,16250.0,151512.0
2018-01-10 10:00:00,16300.0,16400.0,15650.0,15800.0,145602.0
2018-01-10 11:00:00,15850.0,16200.0,15700.0,16000.0,53005.0
2018-01-10 12:00:00,16000.0,16150.0,15900.0,16050.0,23036.0
2018-01-10 13:00:00,16050.0,16450.0,16050.0,16300.0,42020.0
2018-01-10 14:00:00,16300.0,16850.0,16300.0,16650.0,109839.0
2018-01-10 15:00:00,16650.0,16650.0,16300.0,16300.0,63008.0
2018-01-11 09:00:00,16650.0,16650.0,16400.0,16400.0,26927.0
2018-01-11 10:00:00,16550.0,16750.0,16500.0,16650.0,47301.0
2018-01-11 11:00:00,16300.0,16600.0,16250.0,16600.0,28398.0
2018-01-11 12:00:00,16800.0,16950.0,16550.0,16750.0,51124.0
2018-01-11 13:00:00,16750.0,16750.0,16250.0,16450.0,46338.0
2018-01-11 14:00:00,16400.0,17100.0,16200.0,16800.0,162228.0
2018-01-11 15:00:00,16450.0,16500.0,16150.0,16250.0,45447.0
2018-01-12 09:00:00,16750.0,16750.0,16200.0,16400.0,81500.0
2018-01-12 10:00:00,16400.0,16950.0,16400.0,16850.0,54305.0
2018-01-12 11:00:00,16650.0,16900.0,16600.0,16750.0,32813.0
2018-01-12 12:00:00,16600.0,16650.0,16300.0,16550.0,45967.0
2018-01-12 13:00:00,16550.0,16650.0,16450.0,16450.0,20215.0
2018-01-12 14:00:00,16400.0,16750.0,16400.0,16650.0,31657.0
2018-01-12 15:00:00,16750.0,17150.0,16400.0,16550.0,173806.0
2018-01-15 09:00:00,16850.0,16900.0,16350.0,16800.0,72496.0
2018-01-15 10:00:00,16800.0,17200.0,16600.0,16700.0,95014.0
2018-01-15 11:00:00,16700.0,16900.0,16500.0,16550.0,49420.0
2018-01-15 12:00:00,16550.0,16700.0,16300.0,16600.0,55067.0
2018-01-15 13:00:00,16600.0,16600.0,16150.0,16250.0,68207.0
2018-01-15 14:00:00,16200.0,16300.0,15950.0,16200.0,89781.0
2018-01-15 15:00:00,16150.0,16250.0,16050.0,16250.0,33234.0
2018-01-16 09:00:00,17650.0,17900.0,17450.0,17800.0,89918.0
2018-01-16 10:00:00,17950.0,18050.0,17650.0,17950.0,54325.0
2018-01-16 11:00:00,17800.0,18250.0,17550.0,17950.0,202560.0
2018-01-16 12:00:00,17400.0,17950.0,17300.0,17650.0,112722.0
2018-01-16 13:00:00,16300.0,17550.0,16150.0,17550.0,295458.0
2018-01-16 14:00:00,16000.0,16500.0,15650.0,16350.0,241720.0
2018-01-16 15:00:00,17600.0,17700.0,17000.0,17400.0,170446.0
2018-01-17 09:00:00,17850.0,18050.0,17450.0,18050.0,176714.0
2018-01-17 10:00:00,18050.0,18050.0,17650.0,17700.0,47051.0
2018-01-17 11:00:00,17700.0,18100.0,17650.0,17800.0,62033.0
2018-01-17 12:00:00,17800.0,17950.0,17750.0,17950.0,16187.0
2018-01-17 13:00:00,17900.0,18050.0,17850.0,17900.0,43013.0
2018-01-17 14:00:00,17900.0,18000.0,17650.0,17700.0,48870.0
2018-01-17 15:00:00,17700.0,17700.0,17550.0,17650.0,28721.0
2018-01-18 09:00:00,17600.0,17600.0,17350.0,17500.0,22574.0
2018-01-18 10:00:00,17850.0,17850.0,17450.0,17600.0,56555.0
2018-01-18 11:00:00,17900.0,18150.0,17750.0,17850.0,29629.0
2018-01-18 12:00:00,17700.0,18650.0,17700.0,18400.0,202470.0
2018-01-18 13:00:00,17850.0,17950.0,17600.0,17850.0,60022.0
2018-01-18 14:00:00,18400.0,18400.0,17700.0,17800.0,107030.0
2018-01-18 15:00:00,17850.0,18100.0,17750.0,17850.0,25407.0
2018-01-19 09:00:00,17400.0,17700.0,17400.0,17600.0,32782.0
2018-01-19 10:00:00,17550.0,17650.0,17450.0,17650.0,30164.0
2018-01-19 11:00:00,17550.0,17750.0,17400.0,17400.0,18993.0
2018-01-19 12:00:00,17500.0,18300.0,17500.0,17700.0,110336.0
2018-01-19 13:00:00,17750.0,17800.0,17400.0,17800.0,29802.0
2018-01-19 14:00:00,17700.0,17900.0,17700.0,17800.0,22850.0
2018-01-19 15:00:00,17800.0,17800.0,17500.0,17550.0,20441.0
2018-01-22 09:00:00,17750.0,17750.0,16900.0,17250.0,116294.0
2018-01-22 10:00:00,17250.0,17400.0,16850.0,17250.0,75180.0
2018-01-22 11:00:00,17250.0,17400.0,17200.0,17200.0,25993.0
2018-01-22 12:00:00,17150.0,17300.0,16950.0,17000.0,41926.0
2018-01-22 13:00:00,17000.0,17150.0,16800.0,16850.0,63862.0
2018-01-22 14:00:00,16850.0,17100.0,16750.0,17100.0,68794.0
2018-01-22 15:00:00,17050.0,17050.0,16750.0,16850.0,41199.0
2018-01-23 09:00:00,17050.0,17350.0,17000.0,17300.0,34064.0
2018-01-23 10:00:00,17000.0,17100.0,16950.0,17050.0,34758.0
2018-01-23 11:00:00,16800.0,17250.0,16800.0,17000.0,72432.0
2018-01-23 12:00:00,17050.0,17150.0,16750.0,16800.0,68679.0
2018-01-23 13:00:00,17250.0,17400.0,16950.0,17050.0,69467.0
2018-01-23 14:00:00,16850.0,16900.0,16700.0,16800.0,38714.0
2018-01-23 15:00:00,17200.0,17450.0,16900.0,17250.0,113677.0
2018-01-24 09:00:00,18000.0,18250.0,17750.0,17950.0,131815.0
2018-01-24 10:00:00,17950.0,18000.0,17500.0,17600.0,68271.0
2018-01-24 11:00:00,17600.0,17750.0,17550.0,17650.0,22604.0
2018-01-24 12:00:00,17700.0,17950.0,17650.0,17700.0,43444.0
2018-01-24 13:00:00,17700.0,17850.0,17600.0,17800.0,51358.0
2018-01-24 14:00:00,17750.0,17900.0,17700.0,17900.0,26718.0
2018-01-24 15:00:00,17350.0,18200.0,17150.0,18000.0,221960.0
2018-01-25 09:00:00,17950.0,18100.0,17900.0,18100.0,21275.0
2018-01-25 10:00:00,18000.0,18050.0,17850.0,17950.0,26770.0
2018-01-25 11:00:00,18000.0,18150.0,17900.0,17950.0,26113.0
2018-01-25 12:00:00,18100.0,18150.0,17850.0,17850.0,24859.0
2018-01-25 13:00:00,18200.0,18200.0,17950.0,18050.0,37774.0
2018-01-25 14:00:00,18300.0,18500.0,17900.0,18150.0,152902.0
2018-01-25 15:00:00,17850.0,18000.0,17800.0,18000.0,15712.0
2018-01-26 09:00:00,18200.0,18450.0,18150.0,18450.0,52973.0
2018-01-26 10:00:00,18450.0,18850.0,18450.0,18850.0,130322.0
2018-01-26 11:00:00,18050.0,18300.0,18050.0,18200.0,41746.0
2018-01-26 12:00:00,17900.0,18450.0,17700.0,18400.0,97314.0
2018-01-26 13:00:00,18400.0,18450.0,18050.0,18200.0,42681.0
2018-01-26 14:00:00,18000.0,18100.0,17650.0,17900.0,52157.0
2018-01-26 15:00:00,18200.0,18200.0,18000.0,18050.0,26288.0
2018-01-29 09:00:00,18800.0,18800.0,18250.0,18350.0,85819.0
2018-01-29 10:00:00,18350.0,18650.0,18150.0,18600.0,87568.0
2018-01-29 11:00:00,18550.0,18750.0,18450.0,18750.0,26454.0
2018-01-29 12:00:00,18700.0,18800.0,18500.0,18650.0,29209.0
2018-01-29 13:00:00,18600.0,18700.0,18500.0,18700.0,26787.0
2018-01-29 14:00:00,18650.0,18750.0,18450.0,18450.0,28837.0
2018-01-29 15:00:00,18450.0,18650.0,18450.0,18450.0,11258.0
2018-01-30 09:00:00,17150.0,17350.0,17100.0,17150.0,69287.0
2018-01-30 10:00:00,17850.0,17850.0,17000.0,17050.0,198265.0
2018-01-30 11:00:00,17050.0,17500.0,16950.0,17150.0,143394.0
2018-01-30 12:00:00,17950.0,18000.0,17800.0,18000.0,18367.0
2018-01-30 13:00:00,17950.0,18150.0,17650.0,17850.0,88487.0
2018-01-30 14:00:00,18200.0,18500.0,17850.0,18000.0,96121.0
2018-01-30 15:00:00,17950.0,18000.0,17700.0,17800.0,45492.0
2018-01-31 09:00:00,16700.0,17250.0,16500.0,16850.0,72133.0
2018-01-31 10:00:00,16800.0,16950.0,16650.0,16900.0,40916.0
2018-01-31 11:00:00,16900.0,16950.0,16750.0,16950.0,19912.0
2018-01-31 12:00:00,16950.0,17050.0,16750.0,16950.0,29909.0
2018-01-31 13:00:00,16950.0,16950.0,16750.0,16800.0,23134.0
2018-01-31 14:00:00,16850.0,17000.0,16750.0,16850.0,40520.0
2018-01-31 15:00:00,16850.0,16850.0,16200.0,16800.0,72567.0
2018-02-01 09:00:00,16800.0,16800.0,16700.0,16750.0,19300.0
2018-02-01 10:00:00,16900.0,17000.0,16750.0,16750.0,25608.0
2018-02-01 11:00:00,16950.0,17000.0,16850.0,16850.0,17635.0
2018-02-01 12:00:00,16900.0,17000.0,16550.0,16750.0,43127.0
2018-02-01 13:00:00,17000.0,17050.0,16800.0,16800.0,10775.0
2018-02-01 14:00:00,16650.0,17050.0,16550.0,17000.0,23127.0
2018-02-01 15:00:00,16800.0,17050.0,16800.0,16950.0,13175.0
2018-02-02 09:00:00,15300.0,16250.0,15200.0,16050.0,95116.0
2018-02-02 10:00:00,16050.0,16150.0,15900.0,16000.0,20202.0
2018-02-02 11:00:00,15700.0,15800.0,15200.0,15250.0,145361.0
2018-02-02 12:00:00,16600.0,16850.0,16150.0,16550.0,103920.0
2018-02-02 13:00:00,16100.0,16250.0,15550.0,15550.0,128922.0
2018-02-02 14:00:00,16650.0,16700.0,16100.0,16100.0,39913.0
2018-02-02 15:00:00,15550.0,15900.0,15400.0,15700.0,64278.0
2018-02-05 09:00:00,15200.0,15700.0,14800.0,15000.0,157392.0
2018-02-05 10:00:00,15000.0,15550.0,15000.0,15400.0,49055.0
2018-02-05 11:00:00,15400.0,15450.0,15100.0,15400.0,25477.0
2018-02-05 12:00:00,15300.0,15300.0,15100.0,15200.0,20776.0
2018-02-05 13:00:00,15200.0,15500.0,15200.0,15250.0,30703.0
2018-02-05 14:00:00,15250.0,15300.0,14900.0,14900.0,50820.0
2018-02-05 15:00:00,14900.0,15000.0,14800.0,14850.0,40385.0
2018-02-06 09:00:00,15150.0,15200.0,14600.0,15100.0,36519.0
2018-02-06 10:00:00,14550.0,15400.0,14500.0,15250.0,162000.0
2018-02-06 11:00:00,14000.0,14650.0,13900.0,14550.0,128199.0
2018-02-06 12:00:00,13200.0,13600.0,13100.0,13500.0,82125.0
2018-02-06 13:00:00,13450.0,13750.0,13100.0,13200.0,129403.0
2018-02-06 14:00:00,13550.0,14100.0,13500.0,14000.0,88373.0
2018-02-06 15:00:00,13700.0,14350.0,13200.0,13500.0,264515.0
2018-02-07 09:00:00,14650.0,14800.0,14450.0,14650.0,50184.0
2018-02-07 10:00:00,14700.0,14750.0,14400.0,14450.0,58204.0
2018-02-07 11:00:00,14400.0,14750.0,14400.0,14750.0,40066.0
2018-02-07 12:00:00,14700.0,14700.0,14200.0,14200.0,56995.0
2018-02-07 13:00:00,14200.0,14500.0,13800.0,13800.0,157608.0
2018-02-07 14:00:00,13750.0,13850.0,13300.0,13300.0,83692.0
2018-02-07 15:00:00,15300.0,15450.0,14450.0,14650.0,164370.0
2018-02-08 09:00:00,14300.0,14300.0,14100.0,14200.0,26397.0
2018-02-08 10:00:00,14250.0,14300.0,14100.0,14300.0,33500.0
2018-02-08 11:00:00,14100.0,14300.0,14000.0,14250.0,33305.0
2018-02-08 12:00:00,14150.0,14650.0,14000.0,14400.0,71238.0
2018-02-08 13:00:00,13900.0,14150.0,13800.0,14150.0,61589.0
2018-02-08 14:00:00,13050.0,14000.0,13050.0,13900.0,175165.0
2018-02-08 15:00:00,14400.0,14550.0,14000.0,14150.0,67950.0
2018-02-09 09:00:00,14000.0,14000.0,13850.0,13900.0,20734.0
2018-02-09 10:00:00,14200.0,14200.0,13700.0,13950.0,92168.0
2018-02-09 11:00:00,14000.0,14350.0,13950.0,14250.0,45754.0
2018-02-09 12:00:00,13900.0,14000.0,13750.0,13850.0,24811.0
2018-02-09 13:00:00,14050.0,14400.0,13850.0,13900.0,66981.0
2018-02-09 14:00:00,13400.0,14150.0,13400.0,14050.0,130870.0
2018-02-09 15:00:00,13850.0,14000.0,13800.0,14000.0,25038.0
2018-02-12 09:00:00,14100.0,14250.0,13750.0,13900.0,55432.0
2018-02-12 10:00:00,13850.0,14000.0,13800.0,14000.0,14615.0
2018-02-12 11:00:00,13950.0,14050.0,13800.0,13850.0,25308.0
2018-02-12 12:00:00,13800.0,13850.0,13700.0,13700.0,30906.0
2018-02-12 13:00:00,13750.0,13800.0,13350.0,13450.0,66650.0
2018-02-12 14:00:00,13400.0,13550.0,13300.0,13350.0,50773.0
2018-02-12 15:00:00,13350.0,13400.0,13050.0,13200.0,68838.0
2018-02-13 09:00:00,13650.0,13850.0,13500.0,13800.0,65627.0
2018-02-13 10:00:00,13650.0,13950.0,13650.0,13650.0,46140.0
2018-02-13 11:00:00,13500.0,13750.0,13400.0,13650.0,32164.0
2018-02-13 12:00:00,13350.0,13600.0,13350.0,13450.0,31419.0
2018-02-13 13:00:00,13350.0,13500.0,13100.0,13350.0,35109.0
2018-02-13 14:00:00,13500.0,13700.0,13400.0,13550.0,39447.0
2018-02-13 15:00:00,13450.0,13650.0,13250.0,13350.0,53854.0
2018-02-14 09:00:00,14200.0,14750.0,13950.0,14450.0,136960.0
2018-02-14 10:00:00,14450.0,14450.0,14250.0,14350.0,26235.0
2018-02-14 11:00:00,14350.0,14450.0,14250.0,14350.0,9362.0
2018-02-14 12:00:00,14350.0,14600.0,14150.0,14350.0,36409.0
2018-02-14 13:00:00,14400.0,14450.0,14250.0,14350.0,18443.0
2018-02-14 14:00:00,14300.0,14400.0,14250.0,14400.0,11965.0
2018-02-14 15:00:00,13700.0,14200.0,13650.0,14200.0,46298.0
2018-02-19 09:00:00,14850.0,14900.0,14700.0,14900.0,15104.0
2018-02-19 10:00:00,15050.0,15100.0,15000.0,15000.0,6799.0
2018-02-19 11:00:00,14850.0,14900.0,14650.0,14850.0,36231.0
2018-02-19 12:00:00,15250.0,15350.0,14950.0,15000.0,36116.0
2018-02-19 13:00:00,14600.0,15350.0,14300.0,15250.0,118461.0
2018-02-19 14:00:00,15000.0,15200.0,15000.0,15050.0,14406.0
2018-02-19 15:00:00,15000.0,15100.0,14850.0,14900.0,11487.0
2018-02-20 09:00:00,15100.0,15650.0,14800.0,15200.0,134510.0
2018-02-20 10:00:00,15300.0,15600.0,15250.0,15400.0,37603.0
2018-02-20 11:00:00,15400.0,15400.0,15150.0,15350.0,20289.0
2018-02-20 12:00:00,15350.0,15400.0,15150.0,15250.0,11050.0
2018-02-20 13:00:00,15250.0,15250.0,15150.0,15200.0,13472.0
2018-02-20 14:00:00,15150.0,15300.0,14900.0,15100.0,39218.0
2018-02-20 15:00:00,15100.0,15150.0,15050.0,15100.0,11199.0
2018-02-21 09:00:00,15450.0,15550.0,15250.0,15300.0,20658.0
2018-02-21 10:00:00,15050.0,15100.0,14950.0,15100.0,20816.0
2018-02-21 11:00:00,15450.0,15450.0,15000.0,15100.0,42900.0
2018-02-21 12:00:00,15550.0,15600.0,15450.0,15500.0,11013.0
2018-02-21 13:00:00,15450.0,15700.0,15350.0,15600.0,63452.0
2018-02-21 14:00:00,15150.0,15650.0,15100.0,15450.0,61120.0
2018-02-21 15:00:00,15600.0,15650.0,15450.0,15550.0,23363.0
2018-02-22 09:00:00,15050.0,15250.0,14950.0,14950.0,41445.0
2018-02-22 10:00:00,15000.0,15100.0,14950.0,15100.0,17757.0
2018-02-22 11:00:00,15100.0,15400.0,15100.0,15300.0,23115.0
2018-02-22 12:00:00,15300.0,15350.0,15200.0,15250.0,7606.0
2018-02-22 13:00:00,15250.0,15250.0,15050.0,15100.0,5088.0
2018-02-22 14:00:00,15050.0,15200.0,14850.0,15100.0,23668.0
2018-02-22 15:00:00,15100.0,15200.0,15000.0,15200.0,8933.0
2018-02-23 09:00:00,16400.0,16500.0,16200.0,16500.0,71654.0
2018-02-23 10:00:00,16400.0,16550.0,16250.0,16400.0,136720.0
2018-02-23 11:00:00,15850.0,16550.0,15850.0,16400.0,133724.0
2018-02-23 12:00:00,15200.0,15650.0,15150.0,15600.0,50967.0
2018-02-23 13:00:00,15700.0,16250.0,15650.0,16250.0,129897.0
2018-02-23 14:00:00,15600.0,15850.0,15400.0,15700.0,70078.0
2018-02-23 15:00:00,16250.0,16250.0,15800.0,15850.0,44246.0
2018-02-26 09:00:00,15800.0,15950.0,15650.0,15950.0,42208.0
2018-02-26 10:00:00,15900.0,16050.0,15900.0,16050.0,18952.0
2018-02-26 11:00:00,15800.0,15900.0,15600.0,15800.0,42072.0
2018-02-26 12:00:00,16600.0,16850.0,16300.0,16300.0,76914.0
2018-02-26 13:00:00,16000.0,16150.0,15850.0,15850.0,40584.0
2018-02-26 14:00:00,16300.0,16500.0,16000.0,16050.0,56394.0
2018-02-26 15:00:00,15900.0,15900.0,15750.0,15850.0,25965.0
2018-02-27 09:00:00,16000.0,16150.0,15750.0,15850.0,36471.0
2018-02-27 10:00:00,15900.0,16450.0,15850.0,16300.0,55056.0
2018-02-27 11:00:00,16300.0,16400.0,16100.0,16200.0,22244.0
2018-02-27 12:00:00,16100.0,16200.0,16000.0,16050.0,18682.0
2018-02-27 13:00:00,16050.0,16100.0,15850.0,15850.0,34757.0
2018-02-27 14:00:00,15850.0,16150.0,15800.0,16100.0,26062.0
2018-02-27 15:00:00,16100.0,16200.0,16050.0,16050.0,12516.0
2018-02-28 09:00:00,14900.0,15000.0,14700.0,14850.0,49331.0
2018-02-28 10:00:00,14850.0,15050.0,14800.0,14900.0,25806.0
2018-02-28 11:00:00,15050.0,15200.0,14850.0,14900.0,54053.0
2018-02-28 12:00:00,15100.0,15350.0,14950.0,15050.0,37782.0
2018-02-28 13:00:00,15250.0,15350.0,15050.0,15100.0,30432.0
2018-02-28 14:00:00,15700.0,15750.0,15100.0,15200.0,80664.0
2018-02-28 15:00:00,15800.0,16100.0,15550.0,15750.0,42291.0
2018-03-02 09:00:00,14500.0,15200.0,14400.0,14950.0,38524.0
2018-03-02 10:00:00,15000.0,15100.0,14700.0,15000.0,24200.0
2018-03-02 11:00:00,15000.0,15000.0,14750.0,14850.0,10964.0
2018-03-02 12:00:00,14850.0,15000.0,14850.0,15000.0,4258.0
2018-03-02 13:00:00,15000.0,15150.0,14950.0,15100.0,14429.0
2018-03-02 14:00:00,15100.0,15150.0,14900.0,15150.0,12866.0
2018-03-02 15:00:00,15100.0,15150.0,14850.0,14900.0,11139.0
2018-03-05 09:00:00,14800.0,14800.0,14400.0,14400.0,19953.0
2018-03-05 10:00:00,14600.0,14850.0,14500.0,14700.0,23505.0
2018-03-05 11:00:00,14800.0,14850.0,14600.0,14600.0,9622.0
2018-03-05 12:00:00,14900.0,15150.0,14850.0,14950.0,9300.0
2018-03-05 13:00:00,14950.0,14950.0,14850.0,14850.0,4033.0
2018-03-05 14:00:00,14950.0,15000.0,14550.0,14950.0,30202.0
2018-03-05 15:00:00,14900.0,14900.0,14700.0,14800.0,4393.0
2018-03-06 09:00:00,15250.0,15250.0,14950.0,15200.0,30543.0
2018-03-06 10:00:00,15200.0,15200.0,14950.0,15050.0,18253.0
2018-03-06 11:00:00,15100.0,15300.0,15000.0,15250.0,12209.0
2018-03-06 12:00:00,14700.0,15100.0,14650.0,14950.0,31736.0
2018-03-06 13:00:00,15100.0,15250.0,14900.0,15050.0,16914.0
2018-03-06 14:00:00,14950.0,15100.0,14900.0,15100.0,20662.0
2018-03-06 15:00:00,15050.0,15250.0,15000.0,15100.0,11188.0
2018-03-07 09:00:00,15200.0,15300.0,14900.0,15000.0,22517.0
2018-03-07 10:00:00,14950.0,15600.0,14950.0,15600.0,43033.0
2018-03-07 11:00:00,15600.0,15650.0,15350.0,15400.0,16224.0
2018-03-07 12:00:00,15400.0,15450.0,15150.0,15250.0,26200.0
2018-03-07 13:00:00,15200.0,15200.0,15050.0,15150.0,18960.0
2018-03-07 14:00:00,15100.0,15150.0,14800.0,14800.0,26485.0
2018-03-07 15:00:00,14800.0,14950.0,14550.0,14550.0,11969.0
2018-03-08 09:00:00,15650.0,15650.0,15350.0,15350.0,13481.0
2018-03-08 10:00:00,15550.0,15750.0,15500.0,15650.0,43307.0
2018-03-08 11:00:00,15150.0,15600.0,15100.0,15550.0,37005.0
2018-03-08 12:00:00,14850.0,15250.0,14850.0,14950.0,24547.0
2018-03-08 13:00:00,15000.0,15400.0,14950.0,15400.0,24511.0
2018-03-08 14:00:00,15250.0,15350.0,15150.0,15250.0,8275.0
2018-03-08 15:00:00,15350.0,15400.0,15000.0,15200.0,12402.0
2018-03-09 09:00:00,15800.0,16300.0,15600.0,15950.0,109570.0
2018-03-09 10:00:00,15950.0,16000.0,15750.0,15900.0,44499.0
2018-03-09 11:00:00,15900.0,16150.0,15850.0,16150.0,43152.0
2018-03-09 12:00:00,16150.0,16200.0,16050.0,16100.0,12709.0
2018-03-09 13:00:00,16150.0,16200.0,16000.0,16150.0,20815.0
2018-03-09 14:00:00,16150.0,16150.0,16050.0,16050.0,22730.0
2018-03-09 15:00:00,16150.0,16150.0,16000.0,16150.0,13602.0
2018-03-12 09:00:00,16400.0,16550.0,16350.0,16550.0,14531.0
2018-03-12 10:00:00,16600.0,16700.0,16400.0,16400.0,24810.0
2018-03-12 11:00:00,16650.0,16700.0,16550.0,16650.0,23623.0
2018-03-12 12:00:00,16500.0,16650.0,16450.0,16550.0,32394.0
2018-03-12 13:00:00,16500.0,16750.0,16500.0,16700.0,21529.0
2018-03-12 14:00:00,16450.0,16850.0,16250.0,16500.0,108564.0
2018-03-12 15:00:00,16750.0,16750.0,16500.0,16650.0,13174.0
2018-03-13 09:00:00,16600.0,16750.0,16500.0,16600.0,31459.0
2018-03-13 10:00:00,16600.0,16700.0,16600.0,16700.0,22693.0
2018-03-13 11:00:00,16350.0,16600.0,16350.0,16600.0,24255.0
2018-03-13 12:00:00,16350.0,16450.0,16300.0,16350.0,21645.0
2018-03-13 13:00:00,16350.0,16400.0,16200.0,16250.0,22044.0
2018-03-13 14:00:00,16250.0,16400.0,16250.0,16350.0,5934.0
2018-03-13 15:00:00,16450.0,16450.0,16100.0,16350.0,53549.0
2018-03-14 09:00:00,16850.0,17400.0,16400.0,17250.0,132696.0
2018-03-14 10:00:00,17250.0,17300.0,16850.0,17050.0,65131.0
2018-03-14 11:00:00,17050.0,17050.0,16800.0,16900.0,29174.0
2018-03-14 12:00:00,16900.0,16950.0,16800.0,16900.0,12906.0
2018-03-14 13:00:00,16850.0,17000.0,16650.0,16800.0,30777.0
2018-03-14 14:00:00,16750.0,16850.0,16550.0,16600.0,26370.0
2018-03-14 15:00:00,16600.0,16650.0,16500.0,16650.0,21141.0
2018-03-15 09:00:00,16650.0,16950.0,16650.0,16850.0,32216.0
2018-03-15 10:00:00,17250.0,17250.0,17150.0,17250.0,19613.0
2018-03-15 11:00:00,16850.0,17400.0,16800.0,17250.0,90627.0
2018-03-15 12:00:00,16700.0,16750.0,16600.0,16650.0,10083.0
2018-03-15 13:00:00,16700.0,16750.0,16250.0,16450.0,48903.0
2018-03-15 14:00:00,16450.0,16750.0,16300.0,16700.0,34835.0
2018-03-15 15:00:00,16550.0,17100.0,16450.0,16700.0,63212.0
2018-03-16 09:00:00,17350.0,17350.0,16850.0,17050.0,70881.0
2018-03-16 10:00:00,17050.0,17050.0,16800.0,16900.0,30055.0
2018-03-16 11:00:00,16900.0,17050.0,16700.0,16800.0,42715.0
2018-03-16 12:00:00,16800.0,16900.0,16750.0,16750.0,9004.0
2018-03-16 13:00:00,16750.0,16900.0,16650.0,16750.0,27591.0
2018-03-16 14:00:00,16750.0,17000.0,16700.0,16800.0,49403.0
2018-03-16 15:00:00,16800.0,16950.0,16700.0,16850.0,27740.0
2018-03-19 09:00:00,17000.0,17000.0,16800.0,16900.0,22039.0
2018-03-19 10:00:00,17000.0,17000.0,16900.0,17000.0,20427.0
2018-03-19 11:00:00,16950.0,16950.0,16750.0,16750.0,16618.0
2018-03-19 12:00:00,16950.0,17200.0,16850.0,17050.0,39286.0
2018-03-19 13:00:00,16900.0,17050.0,16700.0,17000.0,24190.0
2018-03-19 14:00:00,16950.0,17000.0,16700.0,16900.0,23257.0
2018-03-19 15:00:00,17050.0,17100.0,16950.0,17050.0,12947.0
2018-03-20 09:00:00,16600.0,16700.0,16550.0,16650.0,8639.0
2018-03-20 10:00:00,16400.0,16500.0,16400.0,16500.0,12492.0
2018-03-20 11:00:00,16450.0,16650.0,16450.0,16650.0,18151.0
2018-03-20 12:00:00,16400.0,16500.0,16350.0,16350.0,14165.0
2018-03-20 13:00:00,16550.0,16550.0,16200.0,16350.0,39488.0
2018-03-20 14:00:00,16400.0,16450.0,16300.0,16400.0,10046.0
2018-03-20 15:00:00,16750.0,16850.0,16450.0,16550.0,43012.0
2018-03-21 09:00:00,17050.0,17200.0,16900.0,17000.0,24158.0
2018-03-21 10:00:00,16550.0,17700.0,16450.0,17300.0,196220.0
2018-03-21 11:00:00,17350.0,17550.0,17200.0,17300.0,100245.0
2018-03-21 12:00:00,17300.0,17550.0,17300.0,17350.0,65930.0
2018-03-21 13:00:00,17400.0,17450.0,17150.0,17400.0,59034.0
2018-03-21 14:00:00,17400.0,17450.0,16750.0,16800.0,90706.0
2018-03-21 15:00:00,16850.0,17100.0,16700.0,17050.0,62677.0
2018-03-22 09:00:00,17400.0,17400.0,16800.0,17000.0,73082.0
2018-03-22 10:00:00,17000.0,17300.0,16950.0,17250.0,33912.0
2018-03-22 11:00:00,17450.0,17450.0,17250.0,17350.0,19657.0
2018-03-22 12:00:00,17000.0,17650.0,17000.0,17200.0,126430.0
2018-03-22 13:00:00,17250.0,17450.0,17200.0,17450.0,37931.0
2018-03-22 14:00:00,17200.0,17300.0,17000.0,17200.0,47160.0
2018-03-22 15:00:00,17400.0,17450.0,17350.0,17450.0,20412.0
2018-03-23 09:00:00,16400.0,17100.0,16350.0,16750.0,130642.0
2018-03-23 10:00:00,16750.0,16900.0,16300.0,16350.0,91902.0
2018-03-23 11:00:00,16350.0,16550.0,16350.0,16450.0,20407.0
2018-03-23 12:00:00,16450.0,16500.0,16350.0,16450.0,16446.0
2018-03-23 13:00:00,16450.0,16550.0,16350.0,16400.0,22579.0
2018-03-23 14:00:00,16400.0,16400.0,16000.0,16000.0,102860.0
2018-03-23 15:00:00,16050.0,16500.0,16000.0,16500.0,53685.0
2018-03-26 09:00:00,16000.0,16500.0,16000.0,16500.0,49165.0
2018-03-26 10:00:00,16000.0,16050.0,15800.0,16050.0,24466.0
2018-03-26 11:00:00,15900.0,16150.0,15750.0,16000.0,28658.0
2018-03-26 12:00:00,16300.0,16600.0,15700.0,15850.0,102964.0
2018-03-26 13:00:00,16050.0,16200.0,16000.0,16050.0,16055.0
2018-03-26 14:00:00,15850.0,16150.0,15750.0,16050.0,62695.0
2018-03-26 15:00:00,16050.0,16050.0,15900.0,15950.0,16689.0
2018-03-27 09:00:00,17400.0,17650.0,17300.0,17450.0,66778.0
2018-03-27 10:00:00,17400.0,17450.0,17200.0,17350.0,34275.0
2018-03-27 11:00:00,17300.0,17450.0,17250.0,17400.0,31815.0
2018-03-27 12:00:00,16800.0,17950.0,16750.0,17700.0,403147.0
2018-03-27 13:00:00,17900.0,17900.0,17450.0,17500.0,117571.0
2018-03-27 14:00:00,17750.0,18250.0,17550.0,17900.0,327051.0
2018-03-27 15:00:00,17450.0,17550.0,17300.0,17300.0,41467.0
2018-03-28 09:00:00,17400.0,17850.0,17100.0,17150.0,319662.0
2018-03-28 10:00:00,17150.0,17200.0,16850.0,17100.0,75467.0
2018-03-28 11:00:00,17100.0,17500.0,17100.0,17400.0,35660.0
2018-03-28 12:00:00,17400.0,17600.0,17300.0,17500.0,44930.0
2018-03-28 13:00:00,17500.0,17500.0,17200.0,17350.0,26027.0
2018-03-28 14:00:00,17350.0,17500.0,17100.0,17450.0,48454.0
2018-03-28 15:00:00,17450.0,17650.0,17450.0,17500.0,26493.0
2018-03-29 09:00:00,16950.0,17100.0,16800.0,17000.0,39756.0
2018-03-29 10:00:00,16900.0,17100.0,16800.0,16950.0,53922.0
2018-03-29 11:00:00,17050.0,17150.0,16900.0,16900.0,25329.0
2018-03-29 12:00:00,17450.0,17500.0,16800.0,16800.0,124076.0
2018-03-29 13:00:00,17150.0,17150.0,16950.0,17050.0,12468.0
2018-03-29 14:00:00,16800.0,17300.0,16600.0,17150.0,129894.0
2018-03-29 15:00:00,17100.0,17100.0,16900.0,17100.0,16834.0
2018-03-30 09:00:00,17050.0,17850.0,17000.0,17850.0,196359.0
2018-03-30 10:00:00,17850.0,17950.0,17400.0,17500.0,101214.0
2018-03-30 11:00:00,17500.0,17600.0,17450.0,17600.0,13294.0
2018-03-30 12:00:00,17550.0,17650.0,17550.0,17600.0,11579.0
2018-03-30 13:00:00,17600.0,17700.0,17450.0,17450.0,34272.0
2018-03-30 14:00:00,17450.0,17450.0,16950.0,17000.0,88548.0
2018-03-30 15:00:00,16950.0,17550.0,16950.0,17550.0,37137.0
2018-04-02 09:00:00,17050.0,17300.0,17050.0,17200.0,27832.0
2018-04-02 10:00:00,17200.0,17250.0,17050.0,17100.0,12257.0
2018-04-02 11:00:00,17100.0,17200.0,17050.0,17050.0,21228.0
2018-04-02 12:00:00,17150.0,17150.0,17050.0,17100.0,17418.0
2018-04-02 13:00:00,17250.0,17300.0,17000.0,17100.0,47836.0
2018-04-02 14:00:00,17650.0,17800.0,17200.0,17250.0,83025.0
2018-04-02 15:00:00,17100.0,17200.0,17050.0,17150.0,12461.0
2018-04-03 09:00:00,17000.0,17200.0,16950.0,17150.0,26814.0
2018-04-03 10:00:00,16750.0,16850.0,16600.0,16750.0,35769.0
2018-04-03 11:00:00,16750.0,17000.0,16700.0,16950.0,20075.0
2018-04-03 12:00:00,16900.0,17000.0,16700.0,17000.0,10845.0
2018-04-03 13:00:00,16750.0,17050.0,16500.0,16900.0,93644.0
2018-04-03 14:00:00,17000.0,17000.0,16600.0,16750.0,21147.0
2018-04-03 15:00:00,16750.0,17000.0,16650.0,16750.0,61187.0
2018-04-04 09:00:00,16550.0,16750.0,16550.0,16550.0,26417.0
2018-04-04 10:00:00,17250.0,17400.0,16850.0,17250.0,88453.0
2018-04-04 11:00:00,17250.0,17300.0,16900.0,16900.0,31546.0
2018-04-04 12:00:00,16900.0,16950.0,16650.0,16700.0,35397.0
2018-04-04 13:00:00,16750.0,16850.0,16700.0,16750.0,8238.0
2018-04-04 14:00:00,16750.0,16750.0,16450.0,16600.0,49117.0
2018-04-04 15:00:00,16600.0,16850.0,16500.0,16550.0,28479.0
2018-04-05 09:00:00,16700.0,16750.0,16550.0,16600.0,19424.0
2018-04-05 10:00:00,16600.0,16650.0,16400.0,16400.0,32581.0
2018-04-05 11:00:00,16650.0,16800.0,16600.0,16700.0,21945.0
2018-04-05 12:00:00,16650.0,17050.0,16550.0,16650.0,52818.0
2018-04-05 13:00:00,16800.0,16900.0,16700.0,16700.0,10099.0
2018-04-05 14:00:00,16700.0,16900.0,16650.0,16800.0,16011.0
2018-04-05 15:00:00,16700.0,16750.0,16550.0,16750.0,16382.0
2018-04-06 09:00:00,16400.0,16400.0,15450.0,15550.0,180150.0
2018-04-06 10:00:00,15500.0,15550.0,14950.0,15450.0,297919.0
2018-04-06 11:00:00,15450.0,15600.0,15350.0,15400.0,34273.0
2018-04-06 12:00:00,15450.0,15550.0,15350.0,15400.0,35080.0
2018-04-06 13:00:00,15400.0,16100.0,15250.0,16050.0,116152.0
2018-04-06 14:00:00,16000.0,16300.0,15900.0,16300.0,58349.0
2018-04-06 15:00:00,16300.0,16400.0,16200.0,16250.0,17004.0
2018-04-09 09:00:00,15500.0,15800.0,15500.0,15650.0,34955.0
2018-04-09 10:00:00,15300.0,15600.0,15200.0,15550.0,55462.0
2018-04-09 11:00:00,15400.0,15500.0,15200.0,15300.0,71790.0
2018-04-09 12:00:00,16000.0,16100.0,15550.0,15700.0,57737.0
2018-04-09 13:00:00,15400.0,15500.0,15300.0,15350.0,41006.0
2018-04-09 14:00:00,15700.0,15750.0,15250.0,15400.0,82120.0
2018-04-09 15:00:00,15350.0,15500.0,15300.0,15450.0,43551.0
2018-04-10 09:00:00,15650.0,15850.0,15550.0,15650.0,20113.0
2018-04-10 10:00:00,15650.0,15850.0,15650.0,15800.0,18484.0
2018-04-10 11:00:00,15600.0,15700.0,15550.0,15650.0,12493.0
2018-04-10 12:00:00,15400.0,15550.0,15100.0,15550.0,71225.0
2018-04-10 13:00:00,15450.0,15800.0,15350.0,15800.0,42846.0
2018-04-10 14:00:00,15550.0,15550.0,15250.0,15350.0,26050.0
2018-04-10 15:00:00,15800.0,15900.0,15500.0,15600.0,24152.0
2018-04-11 09:00:00,16050.0,16450.0,15850.0,16050.0,136870.0
2018-04-11 10:00:00,16100.0,16100.0,15700.0,16000.0,59695.0
2018-04-11 11:00:00,15950.0,16000.0,15800.0,15800.0,23596.0
2018-04-11 12:00:00,15850.0,15950.0,15750.0,15950.0,9234.0
2018-04-11 13:00:00,15950.0,16150.0,15900.0,16050.0,16369.0
2018-04-11 14:00:00,16050.0,16200.0,16000.0,16150.0,31236.0
2018-04-11 15:00:00,16150.0,16150.0,15850.0,15850.0,17925.0
2018-04-12 09:00:00,17400.0,17600.0,17200.0,17450.0,138615.0
2018-04-12 10:00:00,17500.0,18000.0,17450.0,17950.0,158033.0
2018-04-12 11:00:00,17100.0,17400.0,17100.0,17350.0,42786.0
2018-04-12 12:00:00,15800.0,16700.0,15750.0,16700.0,102832.0
2018-04-12 13:00:00,17450.0,17500.0,17100.0,17450.0,132628.0
2018-04-12 14:00:00,16700.0,17450.0,16550.0,17450.0,360395.0
2018-04-12 15:00:00,17450.0,17450.0,17050.0,17150.0,69170.0
2018-04-13 09:00:00,18200.0,18800.0,17700.0,18350.0,379842.0
2018-04-13 10:00:00,18300.0,18350.0,17950.0,18000.0,57048.0
2018-04-13 11:00:00,18000.0,18400.0,17900.0,18300.0,63411.0
2018-04-13 12:00:00,18300.0,18300.0,18000.0,18100.0,17872.0
2018-04-13 13:00:00,18050.0,18350.0,17850.0,18350.0,72725.0
2018-04-13 14:00:00,18300.0,18400.0,18200.0,18300.0,102642.0
2018-04-13 15:00:00,18300.0,18300.0,18200.0,18250.0,48880.0
2018-04-16 09:00:00,20450.0,21200.0,20300.0,21200.0,184594.0
2018-04-16 10:00:00,20100.0,20550.0,19950.0,20400.0,220641.0
2018-04-16 11:00:00,19900.0,20150.0,19750.0,20100.0,116377.0
2018-04-16 12:00:00,19800.0,20100.0,19800.0,19950.0,109932.0
2018-04-16 13:00:00,18950.0,19750.0,18900.0,19650.0,239439.0
2018-04-16 14:00:00,18650.0,19350.0,18500.0,18950.0,366215.0
2018-04-16 15:00:00,19650.0,19850.0,19300.0,19800.0,141673.0
2018-04-17 09:00:00,21300.0,22750.0,20750.0,21750.0,831249.0
2018-04-17 10:00:00,21750.0,21800.0,20600.0,20850.0,258002.0
2018-04-17 11:00:00,20850.0,20900.0,19950.0,20250.0,308615.0
2018-04-17 12:00:00,20200.0,20500.0,20000.0,20400.0,104776.0
2018-04-17 13:00:00,20400.0,20700.0,20050.0,20300.0,187891.0
2018-04-17 14:00:00,20300.0,20950.0,20250.0,20800.0,231297.0
2018-04-17 15:00:00,20750.0,20800.0,20550.0,20700.0,62755.0
2018-04-18 09:00:00,20600.0,21050.0,20550.0,21050.0,59886.0
2018-04-18 10:00:00,20750.0,20800.0,20400.0,20500.0,59227.0
2018-04-18 11:00:00,20450.0,20750.0,20150.0,20650.0,108628.0
2018-04-18 12:00:00,21000.0,21000.0,20700.0,20750.0,36921.0
2018-04-18 13:00:00,20550.0,21150.0,20550.0,21000.0,94010.0
2018-04-18 14:00:00,20700.0,21350.0,20400.0,20550.0,265217.0
2018-04-18 15:00:00,20750.0,20800.0,20600.0,20750.0,37153.0
2018-04-19 09:00:00,21250.0,21750.0,20550.0,21600.0,227297.0
2018-04-19 10:00:00,21550.0,21600.0,21000.0,21150.0,99201.0
2018-04-19 11:00:00,21100.0,21150.0,20800.0,21050.0,44485.0
2018-04-19 12:00:00,21050.0,21050.0,20800.0,20850.0,29034.0
2018-04-19 13:00:00,20850.0,20950.0,20650.0,20850.0,34003.0
2018-04-19 14:00:00,20900.0,20900.0,20700.0,20850.0,37520.0
2018-04-19 15:00:00,20900.0,21000.0,20800.0,21000.0,29255.0
2018-04-20 09:00:00,21400.0,21400.0,21150.0,21400.0,54061.0
2018-04-20 10:00:00,21550.0,21650.0,20900.0,21350.0,213962.0
2018-04-20 11:00:00,22800.0,23100.0,21250.0,21550.0,254163.0
2018-04-20 12:00:00,21200.0,22850.0,21150.0,22700.0,468371.0
2018-04-20 13:00:00,23200.0,23350.0,22550.0,22550.0,152821.0
2018-04-20 14:00:00,22700.0,23250.0,22250.0,23250.0,286939.0
2018-04-20 15:00:00,22600.0,23000.0,22450.0,22800.0,58451.0
2018-04-23 09:00:00,22100.0,22150.0,21550.0,21950.0,68948.0
2018-04-23 10:00:00,21850.0,22250.0,21850.0,22000.0,35746.0
2018-04-23 11:00:00,21900.0,22300.0,21900.0,22150.0,55293.0
2018-04-23 12:00:00,21600.0,22750.0,21600.0,22250.0,300195.0
2018-04-23 13:00:00,22650.0,22900.0,22550.0,22800.0,52453.0
2018-04-23 14:00:00,22250.0,22800.0,22200.0,22700.0,103212.0
2018-04-23 15:00:00,22750.0,22800.0,21900.0,21900.0,81477.0
2018-04-24 09:00:00,22350.0,22350.0,20900.0,21150.0,167069.0
2018-04-24 10:00:00,21150.0,21250.0,20600.0,21050.0,98367.0
2018-04-24 11:00:00,21050.0,21350.0,20900.0,21000.0,39131.0
2018-04-24 12:00:00,20950.0,21000.0,20650.0,20750.0,47740.0
2018-04-24 13:00:00,20700.0,21000.0,20650.0,20700.0,56071.0
2018-04-24 14:00:00,20700.0,20850.0,20250.0,20650.0,153505.0
2018-04-24 15:00:00,20650.0,20800.0,20550.0,20750.0,55073.0
2018-04-25 09:00:00,20000.0,20050.0,19450.0,19650.0,94580.0
2018-04-25 10:00:00,19600.0,20150.0,19600.0,20150.0,50780.0
2018-04-25 11:00:00,19800.0,20100.0,19700.0,20000.0,44491.0
2018-04-25 12:00:00,19950.0,20000.0,19750.0,19800.0,31048.0
2018-04-25 13:00:00,20100.0,20100.0,19850.0,20000.0,44681.0
2018-04-25 14:00:00,20600.0,20650.0,19800.0,20050.0,96882.0
2018-04-25 15:00:00,20150.0,20900.0,19700.0,20550.0,162640.0
2018-04-26 09:00:00,20200.0,20650.0,19750.0,20500.0,100609.0
2018-04-26 10:00:00,20500.0,20500.0,20100.0,20250.0,55842.0
2018-04-26 11:00:00,20300.0,20350.0,20000.0,20300.0,26513.0
2018-04-26 12:00:00,20250.0,20350.0,20050.0,20100.0,21738.0
2018-04-26 13:00:00,20050.0,20150.0,19950.0,20100.0,31227.0
2018-04-26 14:00:00,20100.0,20300.0,19950.0,20000.0,36387.0
2018-04-26 15:00:00,20000.0,20350.0,20000.0,20300.0,23211.0
2018-04-27 09:00:00,20550.0,20750.0,20450.0,20650.0,37997.0
2018-04-27 10:00:00,20450.0,20600.0,20250.0,20550.0,34661.0
2018-04-27 11:00:00,20650.0,20750.0,20450.0,20450.0,34674.0
2018-04-27 12:00:00,20650.0,21400.0,20150.0,21150.0,192326.0
2018-04-27 13:00:00,20800.0,20900.0,20750.0,20850.0,15717.0
2018-04-27 14:00:00,21150.0,21200.0,20650.0,20800.0,61722.0
2018-04-27 15:00:00,20900.0,20950.0,20500.0,20700.0,28221.0
2018-04-30 09:00:00,19800.0,20200.0,19700.0,20100.0,52060.0
2018-04-30 10:00:00,20050.0,20600.0,20050.0,20600.0,44439.0
2018-04-30 11:00:00,19650.0,19850.0,19300.0,19800.0,97284.0
2018-04-30 12:00:00,20850.0,20850.0,19550.0,19800.0,156493.0
2018-04-30 13:00:00,19950.0,20150.0,19850.0,19900.0,28133.0
2018-04-30 14:00:00,19800.0,19950.0,19600.0,19950.0,59846.0
2018-04-30 15:00:00,19900.0,20000.0,19600.0,19650.0,38364.0
2018-05-02 09:00:00,20400.0,20500.0,20050.0,20200.0,67302.0
2018-05-02 10:00:00,20200.0,20500.0,20050.0,20500.0,38174.0
2018-05-02 11:00:00,20500.0,20850.0,20350.0,20400.0,34826.0
2018-05-02 12:00:00,20400.0,20500.0,20250.0,20350.0,14536.0
2018-05-02 13:00:00,20350.0,20350.0,20000.0,20100.0,48625.0
2018-05-02 14:00:00,20100.0,20300.0,20050.0,20100.0,24006.0
2018-05-02 15:00:00,20100.0,20350.0,20000.0,20000.0,30031.0
2018-05-03 09:00:00,19150.0,19600.0,19150.0,19300.0,59659.0
2018-05-03 10:00:00,19350.0,19700.0,19250.0,19700.0,38338.0
2018-05-03 11:00:00,19350.0,19450.0,19000.0,19250.0,84722.0
2018-05-03 12:00:00,19400.0,19500.0,19300.0,19350.0,27371.0
2018-05-03 13:00:00,19550.0,19700.0,19300.0,19450.0,63245.0
2018-05-03 14:00:00,20050.0,20150.0,19550.0,19550.0,59942.0
2018-05-03 15:00:00,20000.0,20450.0,19900.0,20050.0,81566.0
2018-05-04 09:00:00,19300.0,19500.0,18800.0,19250.0,123153.0
2018-05-04 10:00:00,19250.0,19650.0,19100.0,19200.0,48704.0
2018-05-04 11:00:00,19300.0,19450.0,19100.0,19200.0,26194.0
2018-05-04 12:00:00,19250.0,19350.0,19050.0,19300.0,24285.0
2018-05-04 13:00:00,19350.0,19350.0,18900.0,19050.0,39611.0
2018-05-04 14:00:00,19100.0,19150.0,18900.0,19000.0,54516.0
2018-05-04 15:00:00,19000.0,19200.0,18850.0,18850.0,58923.0
2018-05-08 09:00:00,20200.0,20300.0,19900.0,19900.0,43202.0
2018-05-08 10:00:00,20600.0,20600.0,19950.0,20200.0,63441.0
2018-05-08 11:00:00,20500.0,20700.0,20200.0,20600.0,51496.0
2018-05-08 12:00:00,19100.0,20050.0,19050.0,19650.0,128719.0
2018-05-08 13:00:00,20300.0,20900.0,20250.0,20800.0,93512.0
2018-05-08 14:00:00,19650.0,20350.0,19550.0,20350.0,77368.0
2018-05-08 15:00:00,20800.0,20900.0,20350.0,20500.0,58572.0
2018-05-09 09:00:00,21100.0,21150.0,20600.0,21000.0,96726.0
2018-05-09 10:00:00,21000.0,21050.0,20850.0,21000.0,49166.0
2018-05-09 11:00:00,20600.0,21200.0,20500.0,21100.0,176552.0
2018-05-09 12:00:00,19750.0,20950.0,19700.0,19950.0,198838.0
2018-05-09 13:00:00,19850.0,20250.0,19800.0,20250.0,33634.0
2018-05-09 14:00:00,19950.0,20250.0,19700.0,19850.0,68977.0
2018-05-09 15:00:00,20250.0,20600.0,20200.0,20600.0,48736.0
2018-05-10 09:00:00,20900.0,21250.0,20500.0,20800.0,100688.0
2018-05-10 10:00:00,20800.0,20850.0,20650.0,20650.0,29645.0
2018-05-10 11:00:00,20650.0,20700.0,20350.0,20700.0,57306.0
2018-05-10 12:00:00,20700.0,21150.0,20600.0,20950.0,51932.0
2018-05-10 13:00:00,21000.0,21300.0,20850.0,21050.0,43091.0
2018-05-10 14:00:00,21050.0,21050.0,20850.0,21000.0,23408.0
2018-05-10 15:00:00,20850.0,21050.0,20800.0,21050.0,28750.0
2018-05-11 09:00:00,20750.0,20950.0,20550.0,20950.0,42055.0
2018-05-11 10:00:00,20500.0,20850.0,20450.0,20750.0,59725.0
2018-05-11 11:00:00,20500.0,20550.0,20300.0,20500.0,27808.0
2018-05-11 12:00:00,21000.0,22050.0,20850.0,21050.0,246866.0
2018-05-11 13:00:00,20650.0,20700.0,20250.0,20350.0,66913.0
2018-05-11 14:00:00,20950.0,21200.0,20250.0,20650.0,146749.0
2018-05-11 15:00:00,20300.0,20750.0,20250.0,20500.0,61269.0
2018-05-14 09:00:00,21000.0,21000.0,20100.0,20100.0,79423.0
2018-05-14 10:00:00,20150.0,20500.0,20150.0,20500.0,32971.0
2018-05-14 11:00:00,20500.0,20600.0,20400.0,20450.0,13979.0
2018-05-14 12:00:00,20450.0,20500.0,20150.0,20200.0,25391.0
2018-05-14 13:00:00,20250.0,20400.0,20150.0,20150.0,16432.0
2018-05-14 14:00:00,20200.0,20650.0,20150.0,20600.0,31753.0
2018-05-14 15:00:00,20600.0,20700.0,20500.0,20500.0,19455.0
2018-05-15 09:00:00,19250.0,19300.0,18950.0,19150.0,87507.0
2018-05-15 10:00:00,19500.0,19650.0,19200.0,19550.0,82313.0
2018-05-15 11:00:00,19500.0,19550.0,19250.0,19250.0,46286.0
2018-05-15 12:00:00,19450.0,19600.0,19350.0,19450.0,33522.0
2018-05-15 13:00:00,19500.0,19850.0,19350.0,19450.0,83731.0
2018-05-15 14:00:00,20500.0,20500.0,19500.0,19500.0,150272.0
2018-05-15 15:00:00,19450.0,19650.0,19450.0,19500.0,20982.0
2018-05-16 09:00:00,19150.0,19250.0,19000.0,19050.0,32447.0
2018-05-16 10:00:00,19200.0,19700.0,19150.0,19600.0,45997.0
2018-05-16 11:00:00,19550.0,19550.0,19100.0,19150.0,34832.0
2018-05-16 12:00:00,19100.0,19450.0,18950.0,19050.0,35497.0
2018-05-16 13:00:00,19300.0,19350.0,19050.0,19100.0,34656.0
2018-05-16 14:00:00,19000.0,19300.0,18900.0,19200.0,20007.0
2018-05-16 15:00:00,19150.0,19650.0,18800.0,19250.0,97891.0
2018-05-17 09:00:00,20300.0,20500.0,19600.0,20500.0,78744.0
2018-05-17 10:00:00,19350.0,20250.0,19250.0,20100.0,158917.0
2018-05-17 11:00:00,20100.0,20600.0,20100.0,20500.0,179363.0
2018-05-17 12:00:00,20500.0,20500.0,20050.0,20300.0,39962.0
2018-05-17 13:00:00,20300.0,20350.0,20200.0,20350.0,9182.0
2018-05-17 14:00:00,20300.0,20700.0,20150.0,20700.0,59930.0
2018-05-17 15:00:00,20700.0,20700.0,20050.0,20300.0,31919.0
2018-05-18 09:00:00,20000.0,20150.0,19800.0,20000.0,43613.0
2018-05-18 10:00:00,20000.0,20350.0,19950.0,20350.0,42222.0
2018-05-18 11:00:00,19950.0,20050.0,19900.0,20000.0,17309.0
2018-05-18 12:00:00,20650.0,20850.0,20300.0,20400.0,79113.0
2018-05-18 13:00:00,20100.0,20200.0,19900.0,20050.0,38978.0
2018-05-18 14:00:00,20350.0,20350.0,20000.0,20050.0,69313.0
2018-05-18 15:00:00,20000.0,20050.0,19850.0,20000.0,20610.0
2018-05-21 09:00:00,20450.0,20450.0,20000.0,20200.0,24666.0
2018-05-21 10:00:00,20200.0,20950.0,20150.0,20900.0,88450.0
2018-05-21 11:00:00,20900.0,20950.0,20550.0,20600.0,33122.0
2018-05-21 12:00:00,20650.0,20750.0,20550.0,20700.0,13225.0
2018-05-21 13:00:00,20700.0,21100.0,20700.0,20900.0,68242.0
2018-05-21 14:00:00,20900.0,21000.0,20750.0,20950.0,29786.0
2018-05-21 15:00:00,20900.0,21050.0,20800.0,20950.0,26936.0
2018-05-23 09:00:00,21450.0,21500.0,21150.0,21200.0,20692.0
2018-05-23 10:00:00,21600.0,21600.0,21400.0,21500.0,37953.0
2018-05-23 11:00:00,21500.0,21650.0,21450.0,21550.0,34007.0
2018-05-23 12:00:00,20850.0,21900.0,20800.0,21400.0,190798.0
2018-05-23 13:00:00,21400.0,21700.0,21350.0,21600.0,47226.0
2018-05-23 14:00:00,21400.0,21600.0,21100.0,21350.0,52585.0
2018-05-23 15:00:00,21600.0,21600.0,21400.0,21500.0,14931.0
2018-05-24 09:00:00,21550.0,21600.0,21400.0,21500.0,26061.0
2018-05-24 10:00:00,21500.0,21550.0,21300.0,21300.0,18532.0
2018-05-24 11:00:00,21400.0,21600.0,21300.0,21550.0,19032.0
2018-05-24 12:00:00,21000.0,21600.0,21000.0,21350.0,55783.0
2018-05-24 13:00:00,21400.0,21550.0,21100.0,21500.0,21501.0
2018-05-24 14:00:00,21350.0,21850.0,21200.0,21400.0,59009.0
2018-05-24 15:00:00,21500.0,21500.0,21250.0,21400.0,8236.0
2018-05-25 09:00:00,21000.0,21200.0,20500.0,21000.0,85365.0
2018-05-25 10:00:00,20950.0,21350.0,20650.0,21350.0,52397.0
2018-05-25 11:00:00,21350.0,21750.0,21350.0,21600.0,47743.0
2018-05-25 12:00:00,21550.0,21600.0,21300.0,21500.0,38913.0
2018-05-25 13:00:00,21500.0,21900.0,21450.0,21750.0,74714.0
2018-05-25 14:00:00,21750.0,21950.0,21650.0,21950.0,89899.0
2018-05-25 15:00:00,21950.0,22150.0,21850.0,22000.0,96867.0
2018-05-28 09:00:00,23100.0,23150.0,22900.0,23000.0,45065.0
2018-05-28 10:00:00,22900.0,23150.0,22800.0,23100.0,89730.0
2018-05-28 11:00:00,22900.0,23000.0,22400.0,22950.0,85188.0
2018-05-28 12:00:00,21950.0,22700.0,21700.0,22700.0,203057.0
2018-05-28 13:00:00,22850.0,23000.0,22600.0,23000.0,65923.0
2018-05-28 14:00:00,22700.0,23200.0,22650.0,22850.0,202198.0
2018-05-28 15:00:00,22950.0,23100.0,22850.0,22900.0,58216.0
2018-05-29 09:00:00,23000.0,23700.0,22400.0,22500.0,154101.0
2018-05-29 10:00:00,22500.0,22950.0,22450.0,22550.0,50744.0
2018-05-29 11:00:00,22550.0,22600.0,22100.0,22300.0,54246.0
2018-05-29 12:00:00,22300.0,22450.0,22250.0,22400.0,16900.0
2018-05-29 13:00:00,22400.0,22500.0,22100.0,22250.0,36453.0
2018-05-29 14:00:00,22300.0,22500.0,22100.0,22450.0,42739.0
2018-05-29 15:00:00,22450.0,22500.0,22150.0,22450.0,31241.0
2018-05-30 09:00:00,22050.0,22500.0,22000.0,22400.0,47165.0
2018-05-30 10:00:00,21800.0,22100.0,21800.0,21950.0,46275.0
2018-05-30 11:00:00,21950.0,22150.0,21450.0,22050.0,81717.0
2018-05-30 12:00:00,22100.0,22150.0,21500.0,21550.0,35452.0
2018-05-30 13:00:00,22200.0,22250.0,21750.0,22050.0,47092.0
2018-05-30 14:00:00,22250.0,22550.0,21950.0,22200.0,65670.0
2018-05-30 15:00:00,21550.0,21800.0,21250.0,21800.0,65583.0
2018-05-31 09:00:00,21850.0,22100.0,21750.0,22100.0,32447.0
2018-05-31 10:00:00,21850.0,22000.0,21750.0,21900.0,18925.0
2018-05-31 11:00:00,21900.0,22000.0,21750.0,21800.0,18236.0
2018-05-31 12:00:00,21700.0,22050.0,21600.0,22050.0,35014.0
2018-05-31 13:00:00,22000.0,22100.0,21550.0,21650.0,51364.0
2018-05-31 14:00:00,22050.0,22150.0,21850.0,21850.0,32394.0
2018-05-31 15:00:00,22700.0,22700.0,21900.0,21950.0,64713.0
2018-06-01 09:00:00,22900.0,23350.0,22850.0,22950.0,58879.0
2018-06-01 10:00:00,21900.0,22950.0,21750.0,22750.0,102383.0
2018-06-01 11:00:00,22750.0,22800.0,22100.0,22550.0,52467.0
2018-06-01 12:00:00,22500.0,22600.0,22300.0,22450.0,31688.0
2018-06-01 13:00:00,22400.0,22700.0,22250.0,22600.0,38214.0
2018-06-01 14:00:00,22550.0,22600.0,22300.0,22450.0,38852.0
2018-06-01 15:00:00,22450.0,23100.0,22400.0,22900.0,94538.0
2018-06-04 09:00:00,23450.0,23450.0,23200.0,23250.0,23247.0
2018-06-04 10:00:00,23300.0,23400.0,23100.0,23200.0,17786.0
2018-06-04 11:00:00,23650.0,23650.0,23350.0,23400.0,22589.0
2018-06-04 12:00:00,22900.0,23550.0,22750.0,23250.0,91949.0
2018-06-04 13:00:00,23850.0,23900.0,23500.0,23650.0,52152.0
2018-06-04 14:00:00,23250.0,24000.0,23100.0,23900.0,134441.0
2018-06-04 15:00:00,23700.0,23750.0,23550.0,23650.0,23774.0
2018-06-05 09:00:00,23300.0,23650.0,22900.0,23200.0,50481.0
2018-06-05 10:00:00,23200.0,23300.0,23000.0,23250.0,16815.0
2018-06-05 11:00:00,23250.0,23300.0,23000.0,23000.0,16425.0
2018-06-05 12:00:00,23050.0,23050.0,22800.0,23000.0,21462.0
2018-06-05 13:00:00,22950.0,23050.0,22850.0,23050.0,8821.0
2018-06-05 14:00:00,22950.0,23050.0,22900.0,23000.0,8970.0
2018-06-05 15:00:00,23000.0,23100.0,22900.0,22950.0,13752.0
2018-06-07 09:00:00,24150.0,24150.0,23850.0,23950.0,24169.0
2018-06-07 10:00:00,23950.0,24200.0,23850.0,24150.0,63460.0
2018-06-07 11:00:00,24000.0,24050.0,23850.0,23950.0,21575.0
2018-06-07 12:00:00,23350.0,23900.0,22950.0,23550.0,87513.0
2018-06-07 13:00:00,23800.0,24150.0,23750.0,24000.0,109440.0
2018-06-07 14:00:00,23550.0,24000.0,23550.0,23800.0,68546.0
2018-06-07 15:00:00,24000.0,24050.0,23800.0,24000.0,25926.0
2018-06-08 09:00:00,23200.0,23300.0,23000.0,23100.0,24447.0
2018-06-08 10:00:00,23100.0,23500.0,23100.0,23500.0,23435.0
2018-06-08 11:00:00,23300.0,23450.0,23100.0,23250.0,21826.0
2018-06-08 12:00:00,24000.0,24050.0,23600.0,23750.0,63272.0
2018-06-08 13:00:00,23600.0,23600.0,22950.0,23150.0,82339.0
2018-06-08 14:00:00,23750.0,23800.0,23400.0,23550.0,38433.0
2018-06-08 15:00:00,23150.0,23350.0,23050.0,23300.0,16839.0
2018-06-11 09:00:00,23500.0,23500.0,22950.0,23050.0,38465.0
2018-06-11 10:00:00,23050.0,23100.0,22800.0,22950.0,57588.0
2018-06-11 11:00:00,22950.0,23000.0,22800.0,22850.0,30088.0
2018-06-11 12:00:00,22850.0,22900.0,22500.0,22650.0,69685.0
2018-06-11 13:00:00,22700.0,23100.0,22600.0,22800.0,41658.0
2018-06-11 14:00:00,22750.0,23300.0,22700.0,23250.0,60233.0
2018-06-11 15:00:00,23250.0,23450.0,23150.0,23450.0,25096.0
2018-06-12 09:00:00,23600.0,23800.0,23300.0,23800.0,34784.0
2018-06-12 10:00:00,23750.0,23800.0,23450.0,23450.0,16793.0
2018-06-12 11:00:00,23550.0,23600.0,23200.0,23550.0,34443.0
2018-06-12 12:00:00,23450.0,24150.0,23350.0,23700.0,103644.0
2018-06-12 13:00:00,23900.0,23900.0,23600.0,23650.0,18263.0
2018-06-12 14:00:00,23700.0,23900.0,23650.0,23900.0,17755.0
2018-06-12 15:00:00,23650.0,23800.0,23400.0,23550.0,21167.0
2018-06-14 09:00:00,23250.0,24400.0,23250.0,23550.0,142151.0
2018-06-14 10:00:00,23650.0,24050.0,23450.0,23800.0,71191.0
2018-06-14 11:00:00,23800.0,23800.0,23550.0,23750.0,27981.0
2018-06-14 12:00:00,23750.0,23750.0,23500.0,23600.0,27832.0
2018-06-14 13:00:00,23600.0,23700.0,23350.0,23600.0,55414.0
2018-06-14 14:00:00,23550.0,23600.0,23300.0,23350.0,36020.0
2018-06-14 15:00:00,23300.0,23500.0,23300.0,23300.0,21398.0
2018-06-15 09:00:00,23000.0,23300.0,23000.0,23200.0,21888.0
2018-06-15 10:00:00,22900.0,23150.0,22750.0,23000.0,24324.0
2018-06-15 11:00:00,22900.0,23000.0,22750.0,22950.0,32967.0
2018-06-15 12:00:00,22850.0,22850.0,22500.0,22700.0,32892.0
2018-06-15 13:00:00,23000.0,23000.0,22600.0,22850.0,53368.0
2018-06-15 14:00:00,23500.0,23800.0,22850.0,23000.0,66797.0
2018-06-15 15:00:00,22700.0,22900.0,22600.0,22900.0,17933.0
2018-06-18 09:00:00,23200.0,23200.0,22250.0,22450.0,65200.0
2018-06-18 10:00:00,22400.0,22400.0,21700.0,21750.0,89581.0
2018-06-18 11:00:00,21700.0,22000.0,21600.0,21800.0,48758.0
2018-06-18 12:00:00,21800.0,21900.0,21650.0,21700.0,19786.0
2018-06-18 13:00:00,21650.0,21700.0,21100.0,21100.0,83519.0
2018-06-18 14:00:00,21100.0,21800.0,20900.0,21750.0,96561.0
2018-06-18 15:00:00,21750.0,22150.0,21750.0,21850.0,44132.0
2018-06-19 09:00:00,21600.0,22000.0,21550.0,21800.0,39942.0
2018-06-19 10:00:00,21850.0,21950.0,21500.0,21800.0,33008.0
2018-06-19 11:00:00,21850.0,21900.0,21500.0,21650.0,29357.0
2018-06-19 12:00:00,21850.0,22100.0,21800.0,21850.0,29751.0
2018-06-19 13:00:00,21800.0,22100.0,21500.0,21900.0,45078.0
2018-06-19 14:00:00,22550.0,22600.0,21700.0,21800.0,58405.0
2018-06-19 15:00:00,22250.0,22900.0,21800.0,22600.0,134881.0
2018-06-20 09:00:00,21750.0,22650.0,21700.0,22550.0,94147.0
2018-06-20 10:00:00,22550.0,22650.0,22300.0,22400.0,32414.0
2018-06-20 11:00:00,22400.0,23200.0,22400.0,23050.0,85324.0
2018-06-20 12:00:00,23050.0,23500.0,22950.0,23450.0,61761.0
2018-06-20 13:00:00,23450.0,23700.0,23250.0,23250.0,75879.0
2018-06-20 14:00:00,23250.0,23400.0,23100.0,23300.0,37746.0
2018-06-20 15:00:00,23250.0,23500.0,22900.0,22900.0,54353.0
2018-06-21 09:00:00,24600.0,24850.0,24450.0,24750.0,61645.0
2018-06-21 10:00:00,25050.0,25150.0,24250.0,24600.0,150414.0
2018-06-21 11:00:00,24850.0,25550.0,24850.0,25100.0,216580.0
2018-06-21 12:00:00,23350.0,24200.0,23250.0,23650.0,213408.0
2018-06-21 13:00:00,25050.0,25100.0,24600.0,24750.0,78653.0
2018-06-21 14:00:00,23650.0,25150.0,23650.0,25100.0,361130.0
2018-06-21 15:00:00,24700.0,25000.0,24700.0,24900.0,63175.0
2018-06-22 09:00:00,24600.0,25250.0,24500.0,25050.0,46209.0
2018-06-22 10:00:00,25050.0,25350.0,24950.0,25050.0,38736.0
2018-06-22 11:00:00,24600.0,24650.0,24500.0,24600.0,14344.0
2018-06-22 12:00:00,24750.0,25100.0,24000.0,24450.0,146833.0
2018-06-22 13:00:00,24750.0,24850.0,24450.0,24550.0,24715.0
2018-06-22 14:00:00,24450.0,24950.0,24400.0,24750.0,36567.0
2018-06-22 15:00:00,24550.0,25000.0,24550.0,24600.0,23428.0
2018-06-25 09:00:00,25050.0,25050.0,24200.0,24350.0,74943.0
2018-06-25 10:00:00,24350.0,24650.0,24300.0,24600.0,33675.0
2018-06-25 11:00:00,24550.0,24600.0,24300.0,24500.0,13874.0
2018-06-25 12:00:00,24500.0,24750.0,24450.0,24600.0,8183.0
2018-06-25 13:00:00,24600.0,24900.0,24550.0,24750.0,19443.0
2018-06-25 14:00:00,24750.0,24800.0,24250.0,24450.0,38031.0
2018-06-25 15:00:00,24450.0,24700.0,24400.0,24600.0,16688.0
2018-06-26 09:00:00,24100.0,24400.0,24050.0,24400.0,25191.0
2018-06-26 10:00:00,24450.0,24650.0,24350.0,24650.0,30062.0
2018-06-26 11:00:00,23900.0,24150.0,23800.0,24050.0,26001.0
2018-06-26 12:00:00,23650.0,24000.0,23550.0,23900.0,22602.0
2018-06-26 13:00:00,23500.0,23750.0,23300.0,23650.0,60579.0
2018-06-26 14:00:00,24050.0,24100.0,23500.0,23500.0,63874.0
2018-06-26 15:00:00,24050.0,24350.0,23800.0,24050.0,63781.0
2018-06-27 09:00:00,24650.0,25050.0,24300.0,24800.0,61727.0
2018-06-27 10:00:00,24800.0,24850.0,24000.0,24150.0,41949.0
2018-06-27 11:00:00,24150.0,24500.0,24100.0,24350.0,13703.0
2018-06-27 12:00:00,24300.0,24350.0,24000.0,24150.0,22254.0
2018-06-27 13:00:00,24100.0,24250.0,23650.0,24250.0,32845.0
2018-06-27 14:00:00,24200.0,24300.0,23800.0,24000.0,23762.0
2018-06-27 15:00:00,23950.0,23950.0,23650.0,23650.0,38341.0
2018-06-28 09:00:00,23700.0,24050.0,23500.0,24000.0,23505.0
2018-06-28 10:00:00,23450.0,23900.0,23300.0,23650.0,40782.0
2018-06-28 11:00:00,24450.0,24450.0,23450.0,23500.0,36564.0
2018-06-28 12:00:00,23350.0,23900.0,23300.0,23650.0,56236.0
2018-06-28 13:00:00,24200.0,24300.0,24000.0,24150.0,14947.0
2018-06-28 14:00:00,23650.0,24200.0,23550.0,24200.0,30358.0
2018-06-28 15:00:00,24150.0,24600.0,24100.0,24450.0,31468.0
2018-06-29 09:00:00,23400.0,23700.0,23400.0,23650.0,32801.0
2018-06-29 10:00:00,23650.0,24050.0,23650.0,24000.0,40684.0
2018-06-29 11:00:00,23350.0,23500.0,23250.0,23350.0,20826.0
2018-06-29 12:00:00,23900.0,24300.0,23100.0,23300.0,58070.0
2018-06-29 13:00:00,22850.0,23300.0,22700.0,23150.0,45580.0
2018-06-29 14:00:00,23300.0,23500.0,22800.0,22850.0,66840.0
2018-06-29 15:00:00,23150.0,23400.0,23000.0,23350.0,18371.0
2018-07-02 09:00:00,23800.0,24950.0,23800.0,24900.0,103535.0
2018-07-02 10:00:00,24900.0,25000.0,24700.0,25000.0,52424.0
2018-07-02 11:00:00,25000.0,25450.0,24800.0,24850.0,76459.0
2018-07-02 12:00:00,24950.0,25000.0,24350.0,24400.0,32288.0
2018-07-02 13:00:00,24450.0,24800.0,24300.0,24700.0,42375.0
2018-07-02 14:00:00,24700.0,24750.0,24050.0,24100.0,43097.0
2018-07-02 15:00:00,24100.0,24300.0,23600.0,23850.0,36958.0
2018-07-03 09:00:00,24450.0,24450.0,24300.0,24400.0,10507.0
2018-07-03 10:00:00,24000.0,24600.0,24000.0,24450.0,38251.0
2018-07-03 11:00:00,24350.0,24400.0,23750.0,24000.0,61981.0
2018-07-03 12:00:00,24400.0,24850.0,24200.0,24450.0,76355.0
2018-07-03 13:00:00,24350.0,25100.0,24350.0,24750.0,69013.0
2018-07-03 14:00:00,24650.0,24700.0,24200.0,24350.0,34649.0
2018-07-03 15:00:00,24750.0,24900.0,24650.0,24650.0,22963.0
2018-07-04 09:00:00,24350.0,24700.0,24000.0,24500.0,44726.0
2018-07-04 10:00:00,24500.0,24700.0,24150.0,24600.0,32114.0
2018-07-04 11:00:00,24600.0,24950.0,24350.0,24700.0,29781.0
2018-07-04 12:00:00,24650.0,24700.0,24350.0,24600.0,14569.0
2018-07-04 13:00:00,24600.0,24600.0,24200.0,24250.0,32106.0
2018-07-04 14:00:00,24250.0,24550.0,24150.0,24150.0,37204.0
2018-07-04 15:00:00,24200.0,24500.0,24100.0,24400.0,17599.0
2018-07-05 09:00:00,24100.0,24150.0,23850.0,23850.0,19699.0
2018-07-05 10:00:00,23900.0,24100.0,23650.0,24100.0,27694.0
2018-07-05 11:00:00,23800.0,23950.0,23600.0,23950.0,43837.0
2018-07-05 12:00:00,23850.0,24350.0,23800.0,24300.0,30374.0
2018-07-05 13:00:00,24300.0,24400.0,24100.0,24100.0,16432.0
2018-07-05 14:00:00,24400.0,24550.0,23750.0,23850.0,70653.0
2018-07-05 15:00:00,24150.0,24250.0,23800.0,23800.0,23943.0
2018-07-06 09:00:00,24200.0,24750.0,23550.0,24650.0,69480.0
2018-07-06 10:00:00,24650.0,24900.0,24550.0,24800.0,45934.0
2018-07-06 11:00:00,23600.0,24450.0,23600.0,24200.0,53083.0
2018-07-06 12:00:00,23900.0,23900.0,23500.0,23700.0,20770.0
2018-07-06 13:00:00,23750.0,23800.0,23300.0,23450.0,25772.0
2018-07-06 14:00:00,23450.0,23600.0,23300.0,23600.0,13876.0
2018-07-06 15:00:00,23800.0,24100.0,23200.0,23900.0,55475.0
2018-07-09 09:00:00,24800.0,25950.0,24750.0,25750.0,281131.0
2018-07-09 10:00:00,25750.0,26450.0,25650.0,26250.0,183078.0
2018-07-09 11:00:00,26200.0,26450.0,26100.0,26300.0,73414.0
2018-07-09 12:00:00,26300.0,26350.0,25900.0,25900.0,48611.0
2018-07-09 13:00:00,25900.0,26200.0,25900.0,26050.0,27275.0
2018-07-09 14:00:00,26050.0,26250.0,25700.0,26200.0,65737.0
2018-07-09 15:00:00,26250.0,26250.0,25800.0,26050.0,49103.0
2018-07-10 09:00:00,26200.0,26500.0,26050.0,26300.0,40823.0
2018-07-10 10:00:00,26200.0,26200.0,26000.0,26100.0,45703.0
2018-07-10 11:00:00,26400.0,26400.0,26150.0,26250.0,24995.0
2018-07-10 12:00:00,26750.0,26750.0,26150.0,26150.0,35182.0
2018-07-10 13:00:00,26500.0,27050.0,26300.0,26400.0,64590.0
2018-07-10 14:00:00,26350.0,26750.0,26350.0,26750.0,16206.0
2018-07-10 15:00:00,26500.0,27350.0,26350.0,26500.0,175992.0
2018-07-11 09:00:00,25600.0,26300.0,25400.0,26050.0,132410.0
2018-07-11 10:00:00,26050.0,26400.0,25850.0,26300.0,25997.0
2018-07-11 11:00:00,26350.0,26800.0,26300.0,26600.0,54605.0
2018-07-11 12:00:00,26600.0,26800.0,26500.0,26750.0,42504.0
2018-07-11 13:00:00,26800.0,26800.0,26500.0,26750.0,28379.0
2018-07-11 14:00:00,26750.0,26750.0,26200.0,26200.0,32368.0
2018-07-11 15:00:00,26200.0,26500.0,26100.0,26500.0,29164.0
2018-07-12 09:00:00,26900.0,27100.0,26800.0,27000.0,23743.0
2018-07-12 10:00:00,27050.0,27200.0,26850.0,26850.0,41822.0
2018-07-12 11:00:00,26950.0,27100.0,26850.0,27100.0,22938.0
2018-07-12 12:00:00,26750.0,26850.0,26600.0,26750.0,20809.0
2018-07-12 13:00:00,26350.0,26800.0,26150.0,26750.0,44232.0
2018-07-12 14:00:00,26800.0,27100.0,26100.0,26350.0,73137.0
2018-07-12 15:00:00,26750.0,27050.0,26650.0,27050.0,41565.0
2018-07-13 09:00:00,27000.0,27200.0,26950.0,27100.0,27188.0
2018-07-13 10:00:00,26800.0,26850.0,26700.0,26700.0,19908.0
2018-07-13 11:00:00,26700.0,27150.0,26700.0,27000.0,37345.0
2018-07-13 12:00:00,26700.0,27000.0,26650.0,26750.0,31381.0
2018-07-13 13:00:00,27050.0,27100.0,26400.0,26700.0,89029.0
2018-07-13 14:00:00,26750.0,26900.0,26650.0,26800.0,10914.0
2018-07-13 15:00:00,27450.0,27950.0,27000.0,27000.0,144213.0
2018-07-16 09:00:00,26800.0,27100.0,26700.0,27100.0,23176.0
2018-07-16 10:00:00,27000.0,27450.0,26750.0,27150.0,65148.0
2018-07-16 11:00:00,27200.0,27200.0,26900.0,26950.0,42196.0
2018-07-16 12:00:00,26950.0,27000.0,26600.0,26750.0,50080.0
2018-07-16 13:00:00,26750.0,26900.0,26700.0,26800.0,8265.0
2018-07-16 14:00:00,26800.0,26800.0,26600.0,26750.0,21883.0
2018-07-16 15:00:00,26750.0,27050.0,26750.0,26800.0,18301.0
2018-07-17 09:00:00,26100.0,26350.0,26000.0,26050.0,49866.0
2018-07-17 10:00:00,26000.0,26000.0,25800.0,25800.0,50338.0
2018-07-17 11:00:00,26050.0,26250.0,26000.0,26050.0,36097.0
2018-07-17 12:00:00,27000.0,27200.0,26250.0,26400.0,89873.0
2018-07-17 13:00:00,26350.0,26450.0,26250.0,26250.0,37524.0
2018-07-17 14:00:00,26400.0,26600.0,26300.0,26350.0,63417.0
2018-07-17 15:00:00,26250.0,26300.0,26000.0,26050.0,58533.0
2018-07-18 09:00:00,26050.0,26450.0,25850.0,26100.0,75213.0
2018-07-18 10:00:00,26150.0,26150.0,25800.0,25950.0,27088.0
2018-07-18 11:00:00,25900.0,26050.0,25850.0,25950.0,10141.0
2018-07-18 12:00:00,25950.0,26100.0,25950.0,26050.0,11800.0
2018-07-18 13:00:00,26050.0,26050.0,25850.0,25850.0,16306.0
2018-07-18 14:00:00,25900.0,25900.0,25650.0,25700.0,27340.0
2018-07-18 15:00:00,25700.0,25900.0,25600.0,25900.0,24512.0
2018-07-19 09:00:00,27900.0,28400.0,27800.0,28400.0,65377.0
2018-07-19 10:00:00,27950.0,28150.0,27500.0,27950.0,105336.0
2018-07-19 11:00:00,28250.0,28400.0,27700.0,27850.0,87939.0
2018-07-19 12:00:00,26300.0,27700.0,26100.0,27350.0,200733.0
2018-07-19 13:00:00,27550.0,27850.0,27200.0,27750.0,103318.0
2018-07-19 14:00:00,27350.0,27750.0,27150.0,27600.0,131069.0
2018-07-19 15:00:00,27800.0,28300.0,27650.0,28200.0,144481.0
2018-07-20 09:00:00,30200.0,30800.0,30100.0,30500.0,118444.0
2018-07-20 10:00:00,30500.0,30800.0,30000.0,30500.0,124792.0
2018-07-20 11:00:00,31250.0,31300.0,30100.0,30200.0,182035.0
2018-07-20 12:00:00,28450.0,30950.0,27900.0,30800.0,524807.0
2018-07-20 13:00:00,30050.0,32550.0,30000.0,31200.0,501805.0
2018-07-20 14:00:00,30800.0,31200.0,30000.0,30050.0,333924.0
2018-07-20 15:00:00,31150.0,32000.0,30950.0,31300.0,124795.0
2018-07-23 09:00:00,30200.0,31200.0,29700.0,30200.0,244447.0
2018-07-23 10:00:00,30250.0,31000.0,30150.0,30800.0,79639.0
2018-07-23 11:00:00,30800.0,30800.0,29850.0,30300.0,61070.0
2018-07-23 12:00:00,30300.0,30600.0,30050.0,30550.0,28387.0
2018-07-23 13:00:00,30600.0,30750.0,30350.0,30450.0,31287.0
2018-07-23 14:00:00,30500.0,30600.0,29850.0,30050.0,50637.0
2018-07-23 15:00:00,30050.0,30300.0,29800.0,29950.0,44764.0
2018-07-24 09:00:00,29600.0,29900.0,29550.0,29850.0,42597.0
2018-07-24 10:00:00,29400.0,29750.0,29250.0,29550.0,52381.0
2018-07-24 11:00:00,29750.0,29750.0,29300.0,29400.0,62950.0
2018-07-24 12:00:00,29750.0,30450.0,28950.0,29600.0,178496.0
2018-07-24 13:00:00,30350.0,30600.0,29400.0,29450.0,76956.0
2018-07-24 14:00:00,29650.0,30700.0,29450.0,30350.0,126887.0
2018-07-24 15:00:00,29500.0,29950.0,29350.0,29750.0,42555.0
2018-07-25 09:00:00,29750.0,31450.0,29650.0,30850.0,210701.0
2018-07-25 10:00:00,30850.0,31250.0,30550.0,31200.0,94512.0
2018-07-25 11:00:00,31250.0,32300.0,31200.0,32100.0,223540.0
2018-07-25 12:00:00,32100.0,32200.0,31600.0,31900.0,45135.0
2018-07-25 13:00:00,31900.0,32000.0,31500.0,31600.0,46045.0
2018-07-25 14:00:00,31600.0,32250.0,30700.0,31250.0,112154.0
2018-07-25 15:00:00,31250.0,32300.0,31150.0,32300.0,64624.0
2018-07-26 09:00:00,32450.0,32450.0,32250.0,32450.0,32332.0
2018-07-26 10:00:00,31600.0,31950.0,31500.0,31850.0,31608.0
2018-07-26 11:00:00,31850.0,32500.0,31850.0,32450.0,62654.0
2018-07-26 12:00:00,31750.0,31900.0,31700.0,31700.0,13273.0
2018-07-26 13:00:00,31600.0,32000.0,31500.0,31750.0,46589.0
2018-07-26 14:00:00,32500.0,32550.0,31350.0,31600.0,158247.0
2018-07-26 15:00:00,31750.0,31800.0,31600.0,31650.0,11680.0
2018-07-27 09:00:00,31900.0,32000.0,31600.0,31900.0,66781.0
2018-07-27 10:00:00,32600.0,33000.0,32400.0,32400.0,42862.0
2018-07-27 11:00:00,32400.0,32550.0,31800.0,31950.0,97513.0
2018-07-27 12:00:00,33350.0,33500.0,33150.0,33300.0,36468.0
2018-07-27 13:00:00,33200.0,33600.0,33050.0,33350.0,70021.0
2018-07-27 14:00:00,33300.0,33400.0,32500.0,32550.0,58467.0
2018-07-27 15:00:00,32400.0,33700.0,32000.0,33150.0,130791.0
2018-07-30 09:00:00,31150.0,31350.0,31100.0,31300.0,51519.0
2018-07-30 10:00:00,32050.0,32600.0,31700.0,32050.0,104236.0
2018-07-30 11:00:00,32050.0,32850.0,31950.0,32800.0,49299.0
2018-07-30 12:00:00,32800.0,32800.0,32050.0,32100.0,23423.0
2018-07-30 13:00:00,32050.0,32150.0,31950.0,32000.0,15588.0
2018-07-30 14:00:00,32000.0,32450.0,32000.0,32350.0,15169.0
2018-07-30 15:00:00,32400.0,32400.0,31100.0,31150.0,121826.0
2018-07-31 09:00:00,30350.0,30750.0,30250.0,30700.0,53018.0
2018-07-31 10:00:00,30650.0,31600.0,30650.0,31550.0,59883.0
2018-07-31 11:00:00,30550.0,30600.0,30200.0,30350.0,87046.0
2018-07-31 12:00:00,31000.0,31700.0,30800.0,31350.0,67933.0
2018-07-31 13:00:00,30950.0,31050.0,30550.0,30600.0,58215.0
2018-07-31 14:00:00,31350.0,31350.0,30650.0,30950.0,61456.0
2018-07-31 15:00:00,30650.0,30800.0,30550.0,30550.0,47738.0
2018-08-01 09:00:00,31700.0,31850.0,30300.0,30450.0,147104.0
2018-08-01 10:00:00,30450.0,30750.0,30050.0,30150.0,177828.0
2018-08-01 11:00:00,30100.0,30550.0,29950.0,30150.0,77395.0
2018-08-01 12:00:00,30150.0,30500.0,30100.0,30400.0,31857.0
2018-08-01 13:00:00,30350.0,30500.0,30100.0,30300.0,69373.0
2018-08-01 14:00:00,30350.0,31000.0,30250.0,30850.0,88502.0
2018-08-01 15:00:00,30850.0,30900.0,30500.0,30500.0,39636.0
2018-08-02 09:00:00,30950.0,31150.0,30750.0,31000.0,37222.0
2018-08-02 10:00:00,31200.0,31300.0,30800.0,31000.0,30712.0
2018-08-02 11:00:00,30750.0,31400.0,30500.0,31150.0,57608.0
2018-08-02 12:00:00,30700.0,31850.0,30400.0,31750.0,199820.0
2018-08-02 13:00:00,31550.0,31750.0,30900.0,31250.0,60725.0
2018-08-02 14:00:00,31750.0,32150.0,31550.0,31550.0,115975.0
2018-08-02 15:00:00,31250.0,31300.0,30600.0,30750.0,44426.0
2018-08-03 09:00:00,30900.0,31000.0,30700.0,31000.0,28642.0
2018-08-03 10:00:00,30950.0,31000.0,30800.0,31000.0,15830.0
2018-08-03 11:00:00,30900.0,30950.0,30750.0,30900.0,22263.0
2018-08-03 12:00:00,31800.0,32200.0,31000.0,31250.0,109499.0
2018-08-03 13:00:00,30850.0,31150.0,30800.0,31100.0,19375.0
2018-08-03 14:00:00,31150.0,31150.0,30800.0,30850.0,48482.0
2018-08-03 15:00:00,31100.0,31150.0,30800.0,30900.0,12882.0
2018-08-06 09:00:00,30650.0,31000.0,30100.0,30250.0,60396.0
2018-08-06 10:00:00,30250.0,30500.0,30050.0,30350.0,38439.0
2018-08-06 11:00:00,30350.0,30550.0,30250.0,30450.0,13356.0
2018-08-06 12:00:00,30450.0,30850.0,30450.0,30800.0,14890.0
2018-08-06 13:00:00,30800.0,30850.0,30550.0,30600.0,21058.0
2018-08-06 14:00:00,30600.0,30750.0,30500.0,30550.0,20715.0
2018-08-06 15:00:00,30550.0,30550.0,30300.0,30300.0,17416.0
2018-08-07 09:00:00,30350.0,30750.0,30300.0,30750.0,29185.0
2018-08-07 10:00:00,30750.0,30900.0,30700.0,30700.0,14272.0
2018-08-07 11:00:00,30450.0,30500.0,30250.0,30350.0,13000.0
2018-08-07 12:00:00,30100.0,31000.0,30050.0,30800.0,42549.0
2018-08-07 13:00:00,30450.0,30600.0,30200.0,30350.0,18077.0
2018-08-07 14:00:00,30850.0,30850.0,30450.0,30450.0,9757.0
2018-08-07 15:00:00,30400.0,30550.0,30350.0,30450.0,4951.0
2018-08-08 09:00:00,30600.0,30900.0,30300.0,30350.0,37797.0
2018-08-08 10:00:00,30350.0,30450.0,30250.0,30350.0,28708.0
2018-08-08 11:00:00,30350.0,30400.0,30250.0,30350.0,8056.0
2018-08-08 12:00:00,30350.0,30350.0,30250.0,30300.0,7573.0
2018-08-08 13:00:00,30350.0,30350.0,29750.0,29750.0,116480.0
2018-08-08 14:00:00,29800.0,29950.0,29550.0,29850.0,94503.0
2018-08-08 15:00:00,29850.0,29850.0,29500.0,29700.0,50601.0
2018-08-09 09:00:00,28600.0,28750.0,28600.0,28750.0,57827.0
2018-08-09 10:00:00,29050.0,29050.0,28350.0,28600.0,211927.0
2018-08-09 11:00:00,29400.0,29450.0,29050.0,29050.0,27565.0
2018-08-09 12:00:00,29100.0,29350.0,29050.0,29050.0,38192.0
2018-08-09 13:00:00,29950.0,30000.0,29050.0,29100.0,53760.0
2018-08-09 14:00:00,29350.0,30250.0,28950.0,29950.0,110155.0
2018-08-09 15:00:00,29050.0,29500.0,29000.0,29400.0,28154.0
2018-08-10 09:00:00,28750.0,29400.0,28700.0,28850.0,70708.0
2018-08-10 10:00:00,28800.0,28800.0,28000.0,28350.0,86549.0
2018-08-10 11:00:00,28350.0,28500.0,28150.0,28300.0,17875.0
2018-08-10 12:00:00,28300.0,28350.0,28100.0,28150.0,16814.0
2018-08-10 13:00:00,28150.0,28350.0,28050.0,28100.0,32592.0
2018-08-10 14:00:00,28100.0,28150.0,27650.0,27950.0,127878.0
2018-08-10 15:00:00,27950.0,29000.0,27950.0,28800.0,62775.0
2018-08-13 09:00:00,28700.0,28700.0,28350.0,28350.0,30383.0
2018-08-13 10:00:00,28350.0,28450.0,28150.0,28350.0,28453.0
2018-08-13 11:00:00,29050.0,29050.0,28350.0,28700.0,33801.0
2018-08-13 12:00:00,28150.0,29250.0,27850.0,28900.0,81310.0
2018-08-13 13:00:00,28750.0,29100.0,28500.0,29050.0,29368.0
2018-08-13 14:00:00,28950.0,29100.0,28600.0,28750.0,25840.0
2018-08-13 15:00:00,29000.0,29050.0,28800.0,29050.0,20327.0
2018-08-14 09:00:00,28800.0,29100.0,28350.0,28550.0,44657.0
2018-08-14 10:00:00,28500.0,28550.0,27600.0,27600.0,81119.0
2018-08-14 11:00:00,27650.0,27650.0,26750.0,27000.0,138414.0
2018-08-14 12:00:00,27000.0,27450.0,26850.0,27200.0,68315.0
2018-08-14 13:00:00,27200.0,28450.0,27100.0,27950.0,74707.0
2018-08-14 14:00:00,28000.0,28450.0,27550.0,28250.0,82709.0
2018-08-14 15:00:00,28250.0,28300.0,27750.0,27800.0,29570.0
2018-08-16 09:00:00,29250.0,29900.0,29200.0,29900.0,42909.0
2018-08-16 10:00:00,28750.0,29300.0,28600.0,29300.0,32980.0
2018-08-16 11:00:00,29050.0,29100.0,28700.0,28800.0,18092.0
2018-08-16 12:00:00,27300.0,27800.0,26900.0,27750.0,103346.0
2018-08-16 13:00:00,28800.0,29250.0,28750.0,29050.0,88086.0
2018-08-16 14:00:00,27700.0,28800.0,27450.0,28750.0,67310.0
2018-08-16 15:00:00,29050.0,29250.0,28950.0,29050.0,17972.0
2018-08-17 09:00:00,28850.0,29100.0,28800.0,28950.0,33875.0
2018-08-17 10:00:00,28950.0,28950.0,28600.0,28800.0,40693.0
2018-08-17 11:00:00,29100.0,29200.0,28800.0,28850.0,28749.0
2018-08-17 12:00:00,29900.0,30000.0,29050.0,29150.0,80460.0
2018-08-17 13:00:00,28950.0,29200.0,28800.0,28950.0,36085.0
2018-08-17 14:00:00,29150.0,29300.0,28900.0,28950.0,40637.0
2018-08-17 15:00:00,28950.0,29300.0,28850.0,29100.0,11116.0
2018-08-20 09:00:00,28600.0,29150.0,28200.0,28200.0,48312.0
2018-08-20 10:00:00,28250.0,28300.0,28000.0,28200.0,23338.0
2018-08-20 11:00:00,28200.0,28200.0,28000.0,28100.0,14927.0
2018-08-20 12:00:00,28100.0,28150.0,27900.0,27950.0,18511.0
2018-08-20 13:00:00,27950.0,28000.0,27900.0,27950.0,12654.0
2018-08-20 14:00:00,27950.0,28100.0,27750.0,27950.0,35214.0
2018-08-20 15:00:00,27950.0,28350.0,27950.0,28000.0,23365.0
2018-08-21 09:00:00,29150.0,29200.0,29000.0,29200.0,21965.0
2018-08-21 10:00:00,29150.0,29250.0,29000.0,29050.0,22200.0
2018-08-21 11:00:00,29150.0,29200.0,29000.0,29150.0,26308.0
2018-08-21 12:00:00,29150.0,29200.0,29050.0,29100.0,10744.0
2018-08-21 13:00:00,29200.0,29200.0,29050.0,29150.0,13878.0
2018-08-21 14:00:00,28950.0,29350.0,28850.0,29200.0,49523.0
2018-08-21 15:00:00,28200.0,29100.0,28100.0,28950.0,61475.0
2018-08-22 09:00:00,29400.0,30050.0,29150.0,29950.0,96933.0
2018-08-22 10:00:00,29900.0,30450.0,29850.0,29950.0,74237.0
2018-08-22 11:00:00,29950.0,30100.0,29850.0,29900.0,15510.0
2018-08-22 12:00:00,29900.0,30000.0,29850.0,29950.0,8124.0
2018-08-22 13:00:00,29950.0,30150.0,29900.0,29950.0,16370.0
2018-08-22 14:00:00,29950.0,30000.0,29750.0,29800.0,27256.0
2018-08-22 15:00:00,29800.0,29800.0,29550.0,29550.0,14458.0
2018-08-23 09:00:00,29500.0,29650.0,29400.0,29400.0,13742.0
2018-08-23 10:00:00,29000.0,29550.0,28900.0,29500.0,29590.0
2018-08-23 11:00:00,29000.0,29100.0,28750.0,29000.0,14139.0
2018-08-23 12:00:00,29800.0,29800.0,29050.0,29100.0,36167.0
2018-08-23 13:00:00,29000.0,29000.0,28650.0,28850.0,25833.0
2018-08-23 14:00:00,29100.0,29200.0,28950.0,29000.0,25768.0
2018-08-23 15:00:00,28850.0,29100.0,28850.0,29000.0,5139.0
2018-08-24 09:00:00,29200.0,29450.0,29050.0,29350.0,33175.0
2018-08-24 10:00:00,29350.0,29600.0,29100.0,29100.0,20907.0
2018-08-24 11:00:00,29150.0,29300.0,29050.0,29200.0,18720.0
2018-08-24 12:00:00,29700.0,29750.0,29100.0,29300.0,24712.0
2018-08-24 13:00:00,29200.0,29200.0,29000.0,29050.0,13691.0
2018-08-24 14:00:00,29300.0,29400.0,29100.0,29200.0,16417.0
2018-08-24 15:00:00,29050.0,29200.0,29050.0,29200.0,7314.0
2018-08-27 09:00:00,29100.0,29550.0,28650.0,29500.0,67249.0
2018-08-27 10:00:00,29450.0,30100.0,29300.0,30100.0,61388.0
2018-08-27 11:00:00,30100.0,30200.0,29750.0,30050.0,31634.0
2018-08-27 12:00:00,30050.0,30150.0,29900.0,30000.0,17390.0
2018-08-27 13:00:00,30000.0,30700.0,29900.0,30400.0,115639.0
2018-08-27 14:00:00,30400.0,30700.0,30350.0,30600.0,63457.0
2018-08-27 15:00:00,30600.0,30650.0,30450.0,30600.0,29781.0
2018-08-28 09:00:00,30250.0,30300.0,30050.0,30200.0,21178.0
2018-08-28 10:00:00,30350.0,30400.0,30200.0,30250.0,30086.0
2018-08-28 11:00:00,30650.0,30700.0,30350.0,30350.0,17275.0
2018-08-28 12:00:00,31100.0,31300.0,30650.0,30750.0,97102.0
2018-08-28 13:00:00,30750.0,30750.0,30300.0,30700.0,43548.0
2018-08-28 14:00:00,30700.0,30700.0,30500.0,30650.0,6950.0
2018-08-28 15:00:00,30700.0,31050.0,30600.0,30650.0,26449.0
2018-08-29 09:00:00,30450.0,30700.0,29950.0,30250.0,50528.0
2018-08-29 10:00:00,30250.0,30400.0,30050.0,30250.0,13628.0
2018-08-29 11:00:00,30200.0,30250.0,30000.0,30050.0,13559.0
2018-08-29 12:00:00,30050.0,30150.0,30000.0,30000.0,8888.0
2018-08-29 13:00:00,30000.0,30500.0,30000.0,30150.0,33939.0
2018-08-29 14:00:00,30150.0,30200.0,29950.0,30050.0,32931.0
2018-08-29 15:00:00,30100.0,30300.0,30050.0,30200.0,19357.0
2018-08-30 09:00:00,29800.0,29950.0,29750.0,29800.0,14026.0
2018-08-30 10:00:00,29700.0,29850.0,29650.0,29800.0,16003.0
2018-08-30 11:00:00,29700.0,29800.0,29650.0,29650.0,15036.0
2018-08-30 12:00:00,30100.0,30250.0,29700.0,29750.0,37378.0
2018-08-30 13:00:00,29800.0,29950.0,29750.0,29800.0,8158.0
2018-08-30 14:00:00,30600.0,30600.0,29900.0,30050.0,39948.0
2018-08-30 15:00:00,29750.0,29800.0,29600.0,29700.0,17505.0
2018-08-31 09:00:00,29150.0,29300.0,29000.0,29150.0,24530.0
2018-08-31 10:00:00,29150.0,29700.0,29150.0,29600.0,38950.0
2018-08-31 11:00:00,29050.0,29150.0,28900.0,29050.0,19603.0
2018-08-31 12:00:00,29050.0,29350.0,28950.0,28950.0,42402.0
2018-08-31 13:00:00,28950.0,29250.0,28800.0,29200.0,42501.0
2018-08-31 14:00:00,29250.0,29250.0,28900.0,29000.0,12146.0
2018-08-31 15:00:00,29500.0,29600.0,28800.0,29100.0,67178.0
2018-09-03 09:00:00,29900.0,30200.0,29500.0,29800.0,28382.0
2018-09-03 10:00:00,29750.0,29800.0,29500.0,29700.0,20631.0
2018-09-03 11:00:00,29650.0,29800.0,29600.0,29650.0,9812.0
2018-09-03 12:00:00,29650.0,29700.0,29500.0,29550.0,12984.0
2018-09-03 13:00:00,29550.0,29600.0,29050.0,29100.0,38498.0
2018-09-03 14:00:00,29100.0,29300.0,28950.0,29150.0,38514.0
2018-09-03 15:00:00,29150.0,29300.0,29000.0,29000.0,17287.0
2018-09-04 09:00:00,30100.0,30450.0,30050.0,30400.0,63621.0
2018-09-04 10:00:00,30500.0,30500.0,30200.0,30500.0,32139.0
2018-09-04 11:00:00,30400.0,30500.0,30350.0,30450.0,35094.0
2018-09-04 12:00:00,29950.0,30100.0,29950.0,30100.0,21775.0
2018-09-04 13:00:00,29950.0,30050.0,29650.0,29950.0,31894.0
2018-09-04 14:00:00,29900.0,30000.0,29850.0,29950.0,12347.0
2018-09-04 15:00:00,29100.0,30200.0,29100.0,29950.0,89503.0
2018-09-05 09:00:00,30100.0,30650.0,29700.0,30200.0,60975.0
2018-09-05 10:00:00,30150.0,30200.0,29900.0,29900.0,24064.0
2018-09-05 11:00:00,29900.0,29950.0,29800.0,29900.0,15404.0
2018-09-05 12:00:00,29900.0,29950.0,29850.0,29950.0,8474.0
2018-09-05 13:00:00,29900.0,30250.0,29900.0,30100.0,16669.0
2018-09-05 14:00:00,30100.0,30200.0,29500.0,29550.0,40311.0
2018-09-05 15:00:00,29550.0,29850.0,29500.0,29800.0,14329.0
2018-09-06 09:00:00,29950.0,30300.0,29850.0,30300.0,25270.0
2018-09-06 10:00:00,30450.0,30450.0,29900.0,29950.0,29713.0
2018-09-06 11:00:00,30300.0,30350.0,30200.0,30300.0,23584.0
2018-09-06 12:00:00,30250.0,30600.0,30200.0,30450.0,37535.0
2018-09-06 13:00:00,29700.0,30400.0,29700.0,30200.0,34234.0
2018-09-06 14:00:00,29800.0,29900.0,29100.0,29700.0,40558.0
2018-09-06 15:00:00,30500.0,30500.0,30250.0,30450.0,23411.0
2018-09-07 09:00:00,30150.0,30200.0,30000.0,30150.0,9937.0
2018-09-07 10:00:00,30350.0,30350.0,29750.0,29850.0,27820.0
2018-09-07 11:00:00,29900.0,30300.0,29850.0,30150.0,16173.0
2018-09-07 12:00:00,30400.0,30400.0,30100.0,30250.0,19678.0
2018-09-07 13:00:00,30600.0,30700.0,30300.0,30400.0,25038.0
2018-09-07 14:00:00,30200.0,30500.0,30200.0,30350.0,11841.0
2018-09-07 15:00:00,30100.0,31000.0,30000.0,30600.0,80190.0
2018-09-10 09:00:00,29600.0,29700.0,29550.0,29600.0,9151.0
2018-09-10 10:00:00,30150.0,30300.0,29600.0,29700.0,33799.0
2018-09-10 11:00:00,29650.0,30150.0,29600.0,29800.0,23905.0
2018-09-10 12:00:00,29800.0,29950.0,29750.0,29800.0,11491.0
2018-09-10 13:00:00,29750.0,29850.0,29650.0,29750.0,23050.0
2018-09-10 14:00:00,29750.0,29800.0,29550.0,29800.0,20756.0
2018-09-10 15:00:00,29750.0,29850.0,29550.0,29600.0,17998.0
2018-09-11 09:00:00,29900.0,29950.0,28900.0,29350.0,62903.0
2018-09-11 10:00:00,29350.0,29600.0,29100.0,29350.0,34324.0
2018-09-11 11:00:00,29800.0,30100.0,29800.0,29850.0,15163.0
2018-09-11 12:00:00,30300.0,31150.0,29800.0,30500.0,187552.0
2018-09-11 13:00:00,30050.0,30050.0,29550.0,29750.0,40458.0
2018-09-11 14:00:00,30550.0,30700.0,29900.0,30050.0,52616.0
2018-09-11 15:00:00,29750.0,29950.0,29700.0,29850.0,10458.0
2018-09-12 09:00:00,29600.0,29750.0,28500.0,28650.0,89587.0
2018-09-12 10:00:00,28650.0,28750.0,27950.0,28100.0,156411.0
2018-09-12 11:00:00,28100.0,28400.0,27900.0,28250.0,57497.0
2018-09-12 12:00:00,28250.0,28300.0,28050.0,28050.0,24022.0
2018-09-12 13:00:00,28050.0,28150.0,27500.0,27650.0,118739.0
2018-09-12 14:00:00,27650.0,27950.0,27450.0,27850.0,82340.0
2018-09-12 15:00:00,27950.0,28400.0,27850.0,28400.0,46808.0
2018-09-13 09:00:00,27150.0,27200.0,27000.0,27100.0,47020.0
2018-09-13 10:00:00,27050.0,27250.0,27000.0,27200.0,39182.0
2018-09-13 11:00:00,27050.0,27200.0,27000.0,27050.0,39432.0
2018-09-13 12:00:00,28300.0,28300.0,27500.0,27750.0,52060.0
2018-09-13 13:00:00,27200.0,27550.0,27050.0,27300.0,38171.0
2018-09-13 14:00:00,27800.0,27900.0,27050.0,27250.0,81983.0
2018-09-13 15:00:00,27300.0,27350.0,27000.0,27100.0,50010.0
2018-09-14 09:00:00,27650.0,27900.0,27500.0,27800.0,40080.0
2018-09-14 10:00:00,27750.0,27850.0,27650.0,27850.0,17602.0
2018-09-14 11:00:00,27500.0,27650.0,27400.0,27650.0,21325.0
2018-09-14 12:00:00,27350.0,27850.0,27200.0,27350.0,52826.0
2018-09-14 13:00:00,26800.0,27300.0,26800.0,27200.0,24502.0
2018-09-14 14:00:00,27350.0,27400.0,26750.0,26850.0,50088.0
2018-09-14 15:00:00,27300.0,27500.0,27250.0,27500.0,7598.0
2018-09-17 09:00:00,27850.0,28150.0,27250.0,28150.0,47061.0
2018-09-17 10:00:00,28150.0,28150.0,27800.0,27850.0,16936.0
2018-09-17 11:00:00,27800.0,27800.0,27500.0,27700.0,8636.0
2018-09-17 12:00:00,27700.0,27800.0,27650.0,27750.0,5952.0
2018-09-17 13:00:00,27700.0,27800.0,27300.0,27350.0,14763.0
2018-09-17 14:00:00,27350.0,27600.0,27350.0,27600.0,10977.0
2018-09-17 15:00:00,27600.0,27700.0,27500.0,27500.0,11350.0
2018-09-18 09:00:00,27600.0,27700.0,27550.0,27550.0,10269.0
2018-09-18 10:00:00,27750.0,27750.0,27550.0,27650.0,8202.0
2018-09-18 11:00:00,27750.0,27850.0,27650.0,27750.0,5688.0
2018-09-18 12:00:00,27500.0,27600.0,26950.0,27550.0,23563.0
2018-09-18 13:00:00,28200.0,28200.0,27500.0,27950.0,23618.0
2018-09-18 14:00:00,27550.0,28250.0,27500.0,28200.0,29479.0
2018-09-18 15:00:00,27950.0,28000.0,27650.0,27800.0,9177.0
2018-09-19 09:00:00,28000.0,28100.0,27300.0,27550.0,34864.0
2018-09-19 10:00:00,27400.0,27500.0,27150.0,27300.0,21014.0
2018-09-19 11:00:00,27300.0,27400.0,27050.0,27200.0,14822.0
2018-09-19 12:00:00,27150.0,27400.0,27100.0,27250.0,5488.0
2018-09-19 13:00:00,27250.0,27450.0,27150.0,27400.0,11039.0
2018-09-19 14:00:00,27400.0,27400.0,27100.0,27150.0,6850.0
2018-09-19 15:00:00,27150.0,27200.0,27050.0,27100.0,15709.0
2018-09-20 09:00:00,25450.0,25750.0,25400.0,25700.0,39730.0
2018-09-20 10:00:00,26100.0,26100.0,25700.0,25800.0,36416.0
2018-09-20 11:00:00,25750.0,25850.0,25450.0,25450.0,66269.0
2018-09-20 12:00:00,25900.0,26300.0,25900.0,26200.0,27865.0
2018-09-20 13:00:00,26150.0,26200.0,25600.0,25900.0,68694.0
2018-09-20 14:00:00,27350.0,27350.0,26000.0,26200.0,79689.0
2018-09-20 15:00:00,26250.0,26250.0,25900.0,26100.0,22004.0
2018-09-21 09:00:00,25350.0,25550.0,25300.0,25500.0,18756.0
2018-09-21 10:00:00,25200.0,25300.0,25100.0,25150.0,22107.0
2018-09-21 11:00:00,25150.0,25350.0,25050.0,25300.0,42402.0
2018-09-21 12:00:00,25150.0,25250.0,25050.0,25150.0,44756.0
2018-09-21 13:00:00,25450.0,25500.0,25150.0,25150.0,44612.0
2018-09-21 14:00:00,25100.0,25250.0,25050.0,25150.0,17266.0
2018-09-21 15:00:00,25700.0,26000.0,25350.0,25450.0,45421.0
2018-09-27 09:00:00,26300.0,26600.0,26300.0,26400.0,14631.0
2018-09-27 10:00:00,25400.0,26650.0,25150.0,26500.0,74787.0
2018-09-27 11:00:00,26500.0,27050.0,26400.0,26400.0,65582.0
2018-09-27 12:00:00,26400.0,26700.0,26350.0,26650.0,20090.0
2018-09-27 13:00:00,26700.0,26800.0,26500.0,26600.0,19970.0
2018-09-27 14:00:00,26600.0,26700.0,26100.0,26150.0,32432.0
2018-09-27 15:00:00,26200.0,26450.0,26050.0,26350.0,18542.0
2018-09-28 09:00:00,26500.0,26500.0,26100.0,26250.0,16924.0
2018-09-28 10:00:00,26200.0,26900.0,26100.0,26900.0,31467.0
2018-09-28 11:00:00,26650.0,26700.0,26450.0,26500.0,7299.0
2018-09-28 12:00:00,26650.0,27000.0,26300.0,26600.0,57778.0
2018-09-28 13:00:00,26700.0,26700.0,26450.0,26550.0,9336.0
2018-09-28 14:00:00,26600.0,26900.0,26550.0,26800.0,10548.0
2018-09-28 15:00:00,26550.0,26700.0,26400.0,26700.0,10368.0
2018-10-01 09:00:00,26500.0,26850.0,25400.0,25400.0,78451.0
2018-10-01 10:00:00,25400.0,25600.0,24900.0,24900.0,80383.0
2018-10-01 11:00:00,24900.0,24950.0,24050.0,24100.0,152906.0
2018-10-01 12:00:00,24100.0,24150.0,23200.0,23500.0,159581.0
2018-10-01 13:00:00,23500.0,23700.0,22950.0,23400.0,155617.0
2018-10-01 14:00:00,23350.0,24850.0,23250.0,24800.0,200369.0
2018-10-01 15:00:00,24800.0,24900.0,24700.0,24800.0,48119.0
2018-10-02 09:00:00,25150.0,25250.0,24900.0,24900.0,30680.0
2018-10-02 10:00:00,24650.0,25300.0,24550.0,25150.0,48643.0
2018-10-02 11:00:00,24850.0,24900.0,24650.0,24650.0,10014.0
2018-10-02 12:00:00,24850.0,25500.0,24800.0,24850.0,87460.0
2018-10-02 13:00:00,24650.0,24800.0,24650.0,24700.0,8269.0
2018-10-02 14:00:00,24850.0,24950.0,24500.0,24650.0,28927.0
2018-10-02 15:00:00,24700.0,24950.0,24550.0,24850.0,11350.0
2018-10-04 09:00:00,24600.0,24750.0,24550.0,24700.0,10452.0
2018-10-04 10:00:00,24700.0,25200.0,24700.0,24800.0,18991.0
2018-10-04 11:00:00,24650.0,24850.0,24400.0,24650.0,12934.0
2018-10-04 12:00:00,24750.0,25450.0,24650.0,25100.0,28512.0
2018-10-04 13:00:00,25050.0,25100.0,24800.0,24950.0,9453.0
2018-10-04 14:00:00,25100.0,25300.0,24850.0,25000.0,27874.0
2018-10-04 15:00:00,25000.0,25000.0,24300.0,24650.0,14499.0
2018-10-05 09:00:00,24600.0,24950.0,23500.0,24150.0,35632.0
2018-10-05 10:00:00,24150.0,24200.0,23450.0,23450.0,44548.0
2018-10-05 11:00:00,23450.0,23600.0,23100.0,23500.0,28439.0
2018-10-05 12:00:00,23500.0,23500.0,23250.0,23450.0,13351.0
2018-10-05 13:00:00,23450.0,23800.0,23400.0,23550.0,18294.0
2018-10-05 14:00:00,23550.0,23550.0,23150.0,23400.0,24535.0
2018-10-05 15:00:00,23400.0,23500.0,23300.0,23350.0,14807.0
2018-10-08 09:00:00,23250.0,23400.0,23050.0,23100.0,8884.0
2018-10-08 10:00:00,23200.0,23200.0,23050.0,23100.0,11629.0
2018-10-08 11:00:00,23400.0,23450.0,23200.0,23250.0,4910.0
2018-10-08 12:00:00,23000.0,23750.0,22800.0,23600.0,31932.0
2018-10-08 13:00:00,23450.0,23750.0,23350.0,23750.0,5984.0
2018-10-08 14:00:00,23550.0,23950.0,23450.0,23450.0,13947.0
2018-10-08 15:00:00,23750.0,23750.0,23400.0,23450.0,2316.0
2018-10-10 09:00:00,22700.0,23200.0,22100.0,22650.0,52756.0
2018-10-10 10:00:00,22650.0,22700.0,22550.0,22550.0,10192.0
2018-10-10 11:00:00,22550.0,22550.0,22100.0,22200.0,26301.0
2018-10-10 12:00:00,22200.0,22300.0,21700.0,22100.0,33820.0
2018-10-10 13:00:00,22200.0,22500.0,22200.0,22250.0,15289.0
2018-10-10 14:00:00,22300.0,23000.0,22200.0,22600.0,23862.0
2018-10-10 15:00:00,22700.0,22750.0,22450.0,22450.0,12828.0
2018-10-11 09:00:00,20950.0,21550.0,20800.0,21450.0,44020.0
2018-10-11 10:00:00,21450.0,21450.0,20900.0,20900.0,22116.0
2018-10-11 11:00:00,21400.0,21500.0,21050.0,21400.0,15547.0
2018-10-11 12:00:00,21400.0,21650.0,21100.0,21300.0,22225.0
2018-10-11 13:00:00,21600.0,21700.0,21250.0,21350.0,21118.0
2018-10-11 14:00:00,21450.0,21900.0,21150.0,21700.0,66531.0
2018-10-11 15:00:00,21250.0,21450.0,20950.0,21450.0,24867.0
2018-10-12 09:00:00,21200.0,22150.0,21000.0,22000.0,80829.0
2018-10-12 10:00:00,22050.0,22300.0,21750.0,22200.0,35084.0
2018-10-12 11:00:00,22150.0,22250.0,22000.0,22050.0,15699.0
2018-10-12 12:00:00,22100.0,22200.0,22050.0,22200.0,6210.0
2018-10-12 13:00:00,22200.0,22400.0,22050.0,22300.0,17822.0
2018-10-12 14:00:00,22250.0,22350.0,22150.0,22250.0,19986.0
2018-10-12 15:00:00,22250.0,22350.0,22150.0,22350.0,9582.0
2018-10-15 09:00:00,22000.0,22200.0,22000.0,22200.0,7829.0
2018-10-15 10:00:00,22450.0,22500.0,21950.0,21950.0,24386.0
2018-10-15 11:00:00,22550.0,22800.0,22450.0,22450.0,6838.0
2018-10-15 12:00:00,22700.0,23000.0,22600.0,22850.0,20084.0
2018-10-15 13:00:00,22850.0,23050.0,22850.0,22950.0,9020.0
2018-10-15 14:00:00,22950.0,22950.0,22500.0,22600.0,8364.0
2018-10-15 15:00:00,22550.0,22700.0,21900.0,22700.0,45304.0
2018-10-16 09:00:00,22300.0,23250.0,22300.0,22750.0,43744.0
2018-10-16 10:00:00,22700.0,22900.0,22550.0,22850.0,12453.0
2018-10-16 11:00:00,22850.0,22950.0,22750.0,22850.0,5826.0
2018-10-16 12:00:00,22900.0,22900.0,22600.0,22700.0,7439.0
2018-10-16 13:00:00,22700.0,22800.0,22350.0,22700.0,13338.0
2018-10-16 14:00:00,22700.0,22750.0,22450.0,22550.0,11886.0
2018-10-16 15:00:00,22500.0,22500.0,22300.0,22450.0,13099.0
2018-10-17 09:00:00,22900.0,23000.0,22800.0,22900.0,7985.0
2018-10-17 10:00:00,22700.0,22900.0,22500.0,22900.0,12640.0
2018-10-17 11:00:00,22750.0,22800.0,22600.0,22700.0,6452.0
2018-10-17 12:00:00,23050.0,23250.0,22850.0,22900.0,11151.0
2018-10-17 13:00:00,22900.0,22900.0,22650.0,22900.0,9912.0
2018-10-17 14:00:00,23400.0,23550.0,22850.0,23050.0,68129.0
2018-10-17 15:00:00,22900.0,22900.0,22650.0,22750.0,8551.0
2018-10-18 09:00:00,21950.0,22050.0,21750.0,21850.0,23106.0
2018-10-18 10:00:00,21850.0,22000.0,21300.0,22000.0,71143.0
2018-10-18 11:00:00,22150.0,22200.0,21950.0,21950.0,14680.0
2018-10-18 12:00:00,22800.0,23000.0,22450.0,22450.0,10667.0
2018-10-18 13:00:00,22400.0,22500.0,22200.0,22250.0,8702.0
2018-10-18 14:00:00,22700.0,22950.0,22400.0,22750.0,10134.0
2018-10-18 15:00:00,22250.0,22350.0,22050.0,22100.0,12944.0
2018-10-19 09:00:00,21050.0,21700.0,20550.0,20950.0,69467.0
2018-10-19 10:00:00,21000.0,21300.0,20800.0,21100.0,56355.0
2018-10-19 11:00:00,21150.0,21200.0,20700.0,21100.0,28913.0
2018-10-19 12:00:00,21100.0,21150.0,20800.0,21000.0,10665.0
2018-10-19 13:00:00,21000.0,21300.0,20950.0,21050.0,11712.0
2018-10-19 14:00:00,21000.0,21250.0,21000.0,21050.0,40846.0
2018-10-19 15:00:00,21050.0,21350.0,20950.0,21150.0,31359.0
2018-10-22 09:00:00,20900.0,21150.0,20900.0,21150.0,19772.0
2018-10-22 10:00:00,21050.0,21100.0,20950.0,21000.0,18250.0
2018-10-22 11:00:00,21050.0,21100.0,20800.0,20900.0,25380.0
2018-10-22 12:00:00,21150.0,21300.0,21000.0,21150.0,25311.0
2018-10-22 13:00:00,20750.0,21300.0,20300.0,21200.0,65223.0
2018-10-22 14:00:00,21150.0,21450.0,20850.0,21150.0,41524.0
2018-10-22 15:00:00,21150.0,21250.0,20900.0,21000.0,24475.0
2018-10-23 09:00:00,20750.0,21300.0,20650.0,20850.0,35052.0
2018-10-23 10:00:00,20850.0,21100.0,20750.0,20850.0,24018.0
2018-10-23 11:00:00,20800.0,20800.0,20400.0,20500.0,31802.0
2018-10-23 12:00:00,20500.0,20500.0,19800.0,20100.0,41267.0
2018-10-23 13:00:00,20150.0,20450.0,20100.0,20200.0,21811.0
2018-10-23 14:00:00,20200.0,20350.0,19700.0,19950.0,46178.0
2018-10-23 15:00:00,19900.0,20000.0,19850.0,19900.0,19817.0
2018-10-24 09:00:00,18800.0,18850.0,18550.0,18550.0,43650.0
2018-10-24 10:00:00,19400.0,19400.0,18800.0,18800.0,48799.0
2018-10-24 11:00:00,19600.0,19650.0,19300.0,19400.0,22834.0
2018-10-24 12:00:00,20150.0,20500.0,19700.0,19850.0,44802.0
2018-10-24 13:00:00,19600.0,19600.0,19200.0,19350.0,25467.0
2018-10-24 14:00:00,19850.0,19900.0,19250.0,19450.0,80589.0
2018-10-24 15:00:00,19300.0,19700.0,19300.0,19550.0,22034.0
2018-10-25 09:00:00,18950.0,19150.0,18600.0,18800.0,43178.0
2018-10-25 10:00:00,18800.0,18900.0,18700.0,18900.0,8100.0
2018-10-25 11:00:00,18900.0,19050.0,18700.0,18950.0,27209.0
2018-10-25 12:00:00,17950.0,19250.0,17900.0,18850.0,83154.0
2018-10-25 13:00:00,18450.0,19000.0,18350.0,18900.0,24908.0
2018-10-25 14:00:00,18850.0,19100.0,18050.0,18450.0,62707.0
2018-10-25 15:00:00,18900.0,18950.0,18700.0,18850.0,10794.0
2018-10-26 09:00:00,19450.0,19500.0,18550.0,18550.0,62221.0
2018-10-26 10:00:00,18550.0,18650.0,17550.0,17850.0,68903.0
2018-10-26 11:00:00,17850.0,18100.0,17500.0,17750.0,41987.0
2018-10-26 12:00:00,17750.0,17900.0,17300.0,17500.0,27702.0
2018-10-26 13:00:00,17500.0,18150.0,17500.0,18050.0,22066.0
2018-10-26 14:00:00,18100.0,18250.0,17600.0,17800.0,28585.0
2018-10-26 15:00:00,17800.0,18100.0,17550.0,17900.0,20245.0
2018-10-29 09:00:00,16750.0,16800.0,16200.0,16650.0,40081.0
2018-10-29 10:00:00,17050.0,17100.0,16250.0,16750.0,51374.0
2018-10-29 11:00:00,17000.0,17450.0,16950.0,17050.0,26680.0
2018-10-29 12:00:00,17750.0,17850.0,16850.0,16900.0,30496.0
2018-10-29 13:00:00,16900.0,17450.0,16800.0,17200.0,31476.0
2018-10-29 14:00:00,17200.0,17300.0,16950.0,17000.0,16179.0
2018-10-29 15:00:00,17900.0,18200.0,17500.0,17600.0,32753.0
2018-10-30 09:00:00,16500.0,17000.0,16150.0,16400.0,42368.0
2018-10-30 10:00:00,16500.0,16500.0,15850.0,16300.0,48338.0
2018-10-30 11:00:00,16300.0,16350.0,16050.0,16150.0,14389.0
2018-10-30 12:00:00,16150.0,16750.0,16000.0,16550.0,52477.0
2018-10-30 13:00:00,16600.0,17000.0,16500.0,17000.0,66089.0
2018-10-30 14:00:00,16950.0,17150.0,16900.0,17000.0,21751.0
2018-10-30 15:00:00,16100.0,16800.0,15800.0,16500.0,68569.0
2018-10-31 09:00:00,16700.0,16700.0,16550.0,16650.0,9561.0
2018-10-31 10:00:00,16600.0,16750.0,16600.0,16700.0,7883.0
2018-10-31 11:00:00,16750.0,16750.0,16500.0,16550.0,11830.0
2018-10-31 12:00:00,16900.0,16950.0,16250.0,16300.0,24706.0
2018-10-31 13:00:00,16750.0,17050.0,16650.0,16900.0,22027.0
2018-10-31 14:00:00,17100.0,17300.0,16550.0,16800.0,49930.0
2018-10-31 15:00:00,16400.0,16750.0,16250.0,16750.0,10160.0
2018-11-01 09:00:00,18150.0,18600.0,17900.0,18400.0,69261.0
2018-11-01 10:00:00,18400.0,18650.0,18150.0,18650.0,38140.0
2018-11-01 11:00:00,18550.0,18750.0,17950.0,18200.0,61371.0
2018-11-01 12:00:00,19150.0,19150.0,18400.0,18650.0,62294.0
2018-11-01 13:00:00,18150.0,19100.0,18050.0,19100.0,114871.0
2018-11-01 14:00:00,17000.0,18150.0,17000.0,18150.0,131108.0
2018-11-01 15:00:00,18650.0,18900.0,18500.0,18500.0,31713.0
2018-11-02 09:00:00,19000.0,19250.0,18300.0,18800.0,121289.0
2018-11-02 10:00:00,18750.0,19000.0,18600.0,18850.0,32295.0
2018-11-02 11:00:00,18850.0,18950.0,18750.0,18900.0,22191.0
2018-11-02 12:00:00,18900.0,18950.0,18750.0,18900.0,16992.0
2018-11-02 13:00:00,18900.0,19350.0,18800.0,19350.0,38567.0
2018-11-02 14:00:00,19300.0,19850.0,19250.0,19700.0,92804.0
2018-11-02 15:00:00,19700.0,19700.0,19400.0,19600.0,20968.0
2018-11-05 09:00:00,20150.0,20550.0,20050.0,20350.0,62403.0
2018-11-05 10:00:00,20350.0,20450.0,20300.0,20350.0,23492.0
2018-11-05 11:00:00,19900.0,20350.0,19850.0,20150.0,22202.0
2018-11-05 12:00:00,19100.0,19650.0,19050.0,19500.0,20711.0
2018-11-05 13:00:00,19500.0,19850.0,19450.0,19850.0,28114.0
2018-11-05 14:00:00,19850.0,20150.0,19850.0,19900.0,24369.0
2018-11-05 15:00:00,19350.0,19600.0,19000.0,19150.0,42454.0
2018-11-06 09:00:00,20150.0,20200.0,19550.0,19550.0,44332.0
2018-11-06 10:00:00,19600.0,19750.0,19500.0,19600.0,24863.0
2018-11-06 11:00:00,19600.0,19650.0,19450.0,19450.0,25968.0
2018-11-06 12:00:00,19500.0,19700.0,19350.0,19350.0,19499.0
2018-11-06 13:00:00,19400.0,19450.0,19100.0,19250.0,39396.0
2018-11-06 14:00:00,19250.0,19500.0,19200.0,19350.0,12136.0
2018-11-06 15:00:00,20300.0,20550.0,19850.0,20150.0,39080.0
2018-11-07 09:00:00,19000.0,19100.0,18950.0,19100.0,4987.0
2018-11-07 10:00:00,19550.0,19600.0,19450.0,19500.0,6788.0
2018-11-07 11:00:00,19500.0,19550.0,18750.0,19050.0,39948.0
2018-11-07 12:00:00,19750.0,19950.0,19600.0,19700.0,30085.0
2018-11-07 13:00:00,19650.0,19800.0,19550.0,19700.0,15074.0
2018-11-07 14:00:00,19400.0,20000.0,19200.0,19600.0,35619.0
2018-11-07 15:00:00,19700.0,19700.0,19350.0,19550.0,11747.0
2018-11-08 09:00:00,19350.0,20100.0,19350.0,19950.0,81387.0
2018-11-08 10:00:00,19950.0,20500.0,19900.0,20300.0,78953.0
2018-11-08 11:00:00,20200.0,20350.0,20100.0,20250.0,22046.0
2018-11-08 12:00:00,20250.0,20250.0,20100.0,20200.0,6965.0
2018-11-08 13:00:00,20150.0,20400.0,20000.0,20400.0,20680.0
2018-11-08 14:00:00,20400.0,20400.0,20150.0,20200.0,15597.0
2018-11-08 15:00:00,20200.0,20300.0,20150.0,20150.0,7200.0
2018-11-09 09:00:00,19650.0,19800.0,19600.0,19800.0,7666.0
2018-11-09 10:00:00,19550.0,20000.0,19400.0,19650.0,34740.0
2018-11-09 11:00:00,19250.0,19600.0,19250.0,19500.0,10959.0
2018-11-09 12:00:00,19650.0,19650.0,19250.0,19500.0,18549.0
2018-11-09 13:00:00,19950.0,20050.0,19600.0,19600.0,18385.0
2018-11-09 14:00:00,20250.0,20350.0,19500.0,19950.0,45268.0
2018-11-09 15:00:00,19500.0,19550.0,19200.0,19250.0,13778.0
2018-11-12 09:00:00,19350.0,19600.0,19150.0,19300.0,21390.0
2018-11-12 10:00:00,19300.0,19450.0,19250.0,19350.0,6545.0
2018-11-12 11:00:00,19350.0,19350.0,19100.0,19250.0,11808.0
2018-11-12 12:00:00,19250.0,19550.0,19250.0,19500.0,8534.0
2018-11-12 13:00:00,19500.0,19550.0,19100.0,19150.0,10483.0
2018-11-12 14:00:00,19150.0,19300.0,19050.0,19200.0,12658.0
2018-11-12 15:00:00,19150.0,19300.0,19150.0,19300.0,11755.0
2018-11-13 09:00:00,18550.0,18800.0,18500.0,18700.0,14474.0
2018-11-13 10:00:00,18250.0,18600.0,18150.0,18550.0,31077.0
2018-11-13 11:00:00,18350.0,18450.0,18100.0,18200.0,25633.0
2018-11-13 12:00:00,18600.0,18850.0,17500.0,17500.0,117707.0
2018-11-13 13:00:00,17750.0,18150.0,17750.0,17750.0,29669.0
2018-11-13 14:00:00,17550.0,17950.0,17500.0,17750.0,31963.0
2018-11-13 15:00:00,17750.0,18450.0,17700.0,18300.0,32321.0
2018-11-14 09:00:00,18600.0,18750.0,18350.0,18450.0,14228.0
2018-11-14 10:00:00,18400.0,18550.0,18300.0,18300.0,7610.0
2018-11-14 11:00:00,18650.0,18700.0,18400.0,18650.0,10618.0
2018-11-14 12:00:00,18500.0,18750.0,18150.0,18250.0,25057.0
2018-11-14 13:00:00,18350.0,18650.0,18300.0,18550.0,14536.0
2018-11-14 14:00:00,18250.0,18600.0,18150.0,18400.0,12909.0
2018-11-14 15:00:00,18550.0,18650.0,18500.0,18650.0,4347.0
2018-11-15 09:00:00,18100.0,18500.0,17900.0,18100.0,32777.0
2018-11-15 10:00:00,18100.0,18250.0,18050.0,18200.0,5754.0
2018-11-15 11:00:00,18150.0,18200.0,17900.0,18150.0,7336.0
2018-11-15 12:00:00,18150.0,18150.0,17850.0,17950.0,12546.0
2018-11-15 13:00:00,17950.0,18350.0,17900.0,18300.0,8411.0
2018-11-15 14:00:00,18250.0,18350.0,18100.0,18200.0,11489.0
2018-11-15 15:00:00,18150.0,18300.0,18150.0,18300.0,6450.0
2018-11-16 09:00:00,18550.0,18600.0,18350.0,18350.0,17749.0
2018-11-16 10:00:00,18350.0,18500.0,18300.0,18500.0,4460.0
2018-11-16 11:00:00,18600.0,18650.0,18500.0,18550.0,7036.0
2018-11-16 12:00:00,18500.0,18650.0,18500.0,18650.0,3544.0
2018-11-16 13:00:00,18500.0,18600.0,18500.0,18500.0,4000.0
2018-11-16 14:00:00,18750.0,18750.0,18350.0,18500.0,20618.0
2018-11-16 15:00:00,18500.0,19100.0,18400.0,18800.0,72659.0
2018-11-19 09:00:00,18500.0,19000.0,18500.0,18650.0,18758.0
2018-11-19 10:00:00,18550.0,18700.0,18450.0,18700.0,10491.0
2018-11-19 11:00:00,18700.0,18700.0,18400.0,18450.0,8892.0
2018-11-19 12:00:00,18450.0,18550.0,18400.0,18450.0,6630.0
2018-11-19 13:00:00,18450.0,18500.0,18300.0,18350.0,16064.0
2018-11-19 14:00:00,18300.0,18400.0,18300.0,18350.0,6400.0
2018-11-19 15:00:00,18350.0,18500.0,18300.0,18500.0,7350.0
2018-11-20 09:00:00,17650.0,17650.0,17500.0,17500.0,20153.0
2018-11-20 10:00:00,17700.0,17800.0,17650.0,17700.0,21666.0
2018-11-20 11:00:00,17850.0,17850.0,17650.0,17650.0,16152.0
2018-11-20 12:00:00,17750.0,18200.0,17500.0,18150.0,37621.0
2018-11-20 13:00:00,17950.0,18000.0,17900.0,18000.0,7589.0
2018-11-20 14:00:00,18100.0,18100.0,17900.0,18000.0,6555.0
2018-11-20 15:00:00,18000.0,18000.0,17800.0,17800.0,9149.0
2018-11-21 09:00:00,17450.0,17650.0,17350.0,17500.0,8246.0
2018-11-21 10:00:00,17500.0,17700.0,17500.0,17650.0,7262.0
2018-11-21 11:00:00,17600.0,17600.0,17350.0,17450.0,7950.0
2018-11-21 12:00:00,17250.0,17350.0,16850.0,16950.0,40814.0
2018-11-21 13:00:00,17050.0,17300.0,17000.0,17250.0,14116.0
2018-11-21 14:00:00,16950.0,17150.0,16750.0,17050.0,12805.0
2018-11-21 15:00:00,17250.0,17800.0,17250.0,17600.0,21535.0
2018-11-22 09:00:00,17500.0,18100.0,17500.0,18000.0,20490.0
2018-11-22 10:00:00,17850.0,17900.0,17550.0,17750.0,7750.0
2018-11-22 11:00:00,17750.0,17750.0,17350.0,17450.0,7387.0
2018-11-22 12:00:00,17350.0,17450.0,17200.0,17250.0,8503.0
2018-11-22 13:00:00,17300.0,17400.0,17200.0,17300.0,7691.0
2018-11-22 14:00:00,17300.0,17350.0,17050.0,17250.0,17424.0
2018-11-22 15:00:00,17300.0,17500.0,17250.0,17500.0,8588.0
2018-11-23 09:00:00,16650.0,16650.0,16350.0,16350.0,29918.0
2018-11-23 10:00:00,16400.0,16500.0,16350.0,16450.0,16234.0
2018-11-23 11:00:00,16500.0,16700.0,16500.0,16650.0,12430.0
2018-11-23 12:00:00,17600.0,17600.0,17150.0,17200.0,9366.0
2018-11-23 13:00:00,16700.0,16800.0,16550.0,16650.0,26476.0
2018-11-23 14:00:00,17200.0,17250.0,16600.0,16700.0,27582.0
2018-11-23 15:00:00,16700.0,16700.0,16500.0,16500.0,12625.0
2018-11-26 09:00:00,16350.0,16400.0,16000.0,16400.0,40372.0
2018-11-26 10:00:00,16400.0,16550.0,16150.0,16550.0,19049.0
2018-11-26 11:00:00,16450.0,16650.0,16450.0,16550.0,26180.0
2018-11-26 12:00:00,16550.0,16800.0,16550.0,16650.0,14537.0
2018-11-26 13:00:00,16600.0,16750.0,16600.0,16650.0,10867.0
2018-11-26 14:00:00,16650.0,16900.0,16600.0,16700.0,20207.0
2018-11-26 15:00:00,16700.0,16850.0,16700.0,16850.0,5160.0
2018-11-27 09:00:00,17200.0,17250.0,17150.0,17250.0,5891.0
2018-11-27 10:00:00,17300.0,17300.0,17100.0,17200.0,17275.0
2018-11-27 11:00:00,17200.0,17300.0,16950.0,17300.0,14546.0
2018-11-27 12:00:00,16950.0,17300.0,16700.0,17000.0,31480.0
2018-11-27 13:00:00,16950.0,17200.0,16950.0,17150.0,17309.0
2018-11-27 14:00:00,16900.0,17000.0,16750.0,16950.0,5863.0
2018-11-27 15:00:00,17150.0,17250.0,17050.0,17150.0,5881.0
2018-11-28 09:00:00,16850.0,16850.0,16700.0,16750.0,18543.0
2018-11-28 10:00:00,16750.0,17000.0,16700.0,17000.0,10751.0
2018-11-28 11:00:00,16850.0,16950.0,16800.0,16850.0,2495.0
2018-11-28 12:00:00,17400.0,17400.0,16650.0,16850.0,21439.0
2018-11-28 13:00:00,16850.0,17050.0,16750.0,17000.0,6108.0
2018-11-28 14:00:00,16850.0,16950.0,16600.0,16850.0,23064.0
2018-11-28 15:00:00,17000.0,17050.0,16850.0,16900.0,3646.0
2018-11-29 09:00:00,17500.0,17600.0,17150.0,17450.0,49564.0
2018-11-29 10:00:00,17450.0,17650.0,17400.0,17500.0,24632.0
2018-11-29 11:00:00,17500.0,17600.0,17300.0,17350.0,18238.0
2018-11-29 12:00:00,17350.0,17500.0,17300.0,17300.0,7153.0
2018-11-29 13:00:00,17300.0,17350.0,16950.0,17000.0,18295.0
2018-11-29 14:00:00,16950.0,17150.0,16850.0,16850.0,8601.0
2018-11-29 15:00:00,16850.0,16950.0,16700.0,16700.0,9357.0
2018-11-30 09:00:00,18000.0,18050.0,17700.0,17850.0,33454.0
2018-11-30 10:00:00,18000.0,18050.0,17800.0,18000.0,27872.0
2018-11-30 11:00:00,17850.0,18050.0,17800.0,18000.0,22357.0
2018-11-30 12:00:00,18000.0,18200.0,17850.0,18050.0,61533.0
2018-11-30 13:00:00,18050.0,18100.0,17850.0,18000.0,18635.0
2018-11-30 14:00:00,17000.0,18050.0,16850.0,18050.0,137511.0
2018-11-30 15:00:00,18000.0,18000.0,17750.0,17900.0,12696.0
2018-12-03 09:00:00,17950.0,19150.0,17950.0,18950.0,124382.0
2018-12-03 10:00:00,18950.0,19150.0,18800.0,18900.0,17995.0
2018-12-03 11:00:00,18850.0,18950.0,18700.0,18850.0,16913.0
2018-12-03 12:00:00,18800.0,18850.0,18650.0,18650.0,13930.0
2018-12-03 13:00:00,18700.0,18700.0,18550.0,18650.0,13379.0
2018-12-03 14:00:00,18650.0,18800.0,18600.0,18800.0,13484.0
2018-12-03 15:00:00,18800.0,18850.0,18700.0,18850.0,16279.0
2018-12-04 09:00:00,18100.0,18250.0,18100.0,18100.0,10558.0
2018-12-04 10:00:00,18250.0,18300.0,18000.0,18150.0,27420.0
2018-12-04 11:00:00,18550.0,18550.0,18150.0,18250.0,25591.0
2018-12-04 12:00:00,18550.0,18650.0,18500.0,18600.0,13332.0
2018-12-04 13:00:00,18450.0,18550.0,18350.0,18550.0,16027.0
2018-12-04 14:00:00,18900.0,19000.0,18250.0,18450.0,54941.0
2018-12-04 15:00:00,18600.0,18600.0,18450.0,18550.0,6771.0
2018-12-05 09:00:00,17550.0,18100.0,17500.0,17900.0,33590.0
2018-12-05 10:00:00,17900.0,18050.0,17900.0,17950.0,8256.0
2018-12-05 11:00:00,18000.0,18050.0,17900.0,17950.0,4299.0
2018-12-05 12:00:00,17900.0,18050.0,17800.0,17800.0,6987.0
2018-12-05 13:00:00,17850.0,17850.0,17700.0,17800.0,9100.0
2018-12-05 14:00:00,17750.0,17900.0,17650.0,17850.0,8842.0
2018-12-05 15:00:00,17850.0,18100.0,17800.0,18100.0,10953.0
2018-12-06 09:00:00,18400.0,18400.0,17550.0,17700.0,21197.0
2018-12-06 10:00:00,17650.0,17650.0,17250.0,17500.0,24366.0
2018-12-06 11:00:00,17500.0,17550.0,17200.0,17250.0,12938.0
2018-12-06 12:00:00,17250.0,17300.0,17100.0,17250.0,13608.0
2018-12-06 13:00:00,17250.0,17350.0,17000.0,17100.0,21265.0
2018-12-06 14:00:00,17050.0,17200.0,17000.0,17000.0,15123.0
2018-12-06 15:00:00,17100.0,17200.0,16850.0,17000.0,28273.0
2018-12-07 09:00:00,17100.0,17450.0,17000.0,17100.0,18503.0
2018-12-07 10:00:00,17050.0,17250.0,16900.0,16900.0,10799.0
2018-12-07 11:00:00,16950.0,17000.0,16750.0,16850.0,13337.0
2018-12-07 12:00:00,16800.0,16850.0,16750.0,16850.0,16682.0
2018-12-07 13:00:00,16800.0,17150.0,16750.0,17050.0,16916.0
2018-12-07 14:00:00,17050.0,17200.0,16900.0,17100.0,15836.0
2018-12-07 15:00:00,17100.0,17150.0,17050.0,17100.0,7587.0
2018-12-10 09:00:00,15600.0,15750.0,15550.0,15750.0,16473.0
2018-12-10 10:00:00,15700.0,15850.0,15400.0,15600.0,32754.0
2018-12-10 11:00:00,15950.0,15950.0,15300.0,15650.0,82179.0
2018-12-10 12:00:00,16500.0,16500.0,16250.0,16300.0,24251.0
2018-12-10 13:00:00,16350.0,16350.0,16000.0,16050.0,30976.0
2018-12-10 14:00:00,16800.0,16850.0,16300.0,16550.0,35826.0
2018-12-10 15:00:00,16100.0,16100.0,15800.0,15900.0,38305.0
2018-12-11 09:00:00,14200.0,14450.0,13950.0,14250.0,62094.0
2018-12-11 10:00:00,14200.0,14250.0,14000.0,14000.0,32696.0
2018-12-11 11:00:00,14000.0,14350.0,13850.0,14150.0,64283.0
2018-12-11 12:00:00,15700.0,15850.0,14850.0,14850.0,81654.0
2018-12-11 13:00:00,14100.0,14600.0,14100.0,14250.0,115978.0
2018-12-11 14:00:00,14850.0,14950.0,13450.0,14100.0,260769.0
2018-12-11 15:00:00,14200.0,14350.0,13900.0,14000.0,61927.0
2018-12-12 09:00:00,14150.0,14400.0,13900.0,13900.0,107064.0
2018-12-12 10:00:00,13900.0,14150.0,13750.0,14050.0,64057.0
2018-12-12 11:00:00,14100.0,14200.0,14000.0,14000.0,41002.0
2018-12-12 12:00:00,14000.0,14150.0,13950.0,14100.0,29182.0
2018-12-12 13:00:00,14150.0,14350.0,14000.0,14300.0,42632.0
2018-12-12 14:00:00,14300.0,14450.0,14250.0,14400.0,65484.0
2018-12-12 15:00:00,14400.0,15150.0,14350.0,15150.0,104537.0
2018-12-13 09:00:00,15050.0,15500.0,15000.0,15200.0,45384.0
2018-12-13 10:00:00,14950.0,15100.0,14800.0,15050.0,35823.0
2018-12-13 11:00:00,15100.0,15200.0,14900.0,14950.0,27802.0
2018-12-13 12:00:00,15100.0,15500.0,14850.0,15450.0,84259.0
2018-12-13 13:00:00,15250.0,15450.0,15150.0,15400.0,21211.0
2018-12-13 14:00:00,15450.0,15850.0,15200.0,15250.0,74722.0
2018-12-13 15:00:00,15300.0,15400.0,15100.0,15150.0,20935.0
2018-12-14 09:00:00,15100.0,15150.0,14300.0,14600.0,32451.0
2018-12-14 10:00:00,14550.0,14600.0,14300.0,14450.0,22915.0
2018-12-14 11:00:00,14450.0,14450.0,14100.0,14150.0,26753.0
2018-12-14 12:00:00,14150.0,14300.0,14150.0,14200.0,11092.0
2018-12-14 13:00:00,14200.0,14250.0,14000.0,14150.0,43644.0
2018-12-14 14:00:00,14150.0,14450.0,14050.0,14450.0,24159.0
2018-12-14 15:00:00,14450.0,14500.0,14000.0,14150.0,35476.0
2018-12-17 09:00:00,14400.0,14750.0,14350.0,14600.0,45964.0
2018-12-17 10:00:00,14300.0,14400.0,14250.0,14400.0,13516.0
2018-12-17 11:00:00,14650.0,14650.0,14450.0,14550.0,13630.0
2018-12-17 12:00:00,13950.0,14400.0,13900.0,14350.0,29431.0
2018-12-17 13:00:00,14350.0,14350.0,14100.0,14300.0,23488.0
2018-12-17 14:00:00,14600.0,14700.0,14550.0,14650.0,19183.0
2018-12-17 15:00:00,14000.0,14200.0,13700.0,13950.0,33037.0
2018-12-18 09:00:00,14250.0,14950.0,14150.0,14850.0,39904.0
2018-12-18 10:00:00,14800.0,14900.0,14600.0,14700.0,17397.0
2018-12-18 11:00:00,14700.0,14900.0,14650.0,14650.0,9037.0
2018-12-18 12:00:00,14650.0,14700.0,14450.0,14500.0,11151.0
2018-12-18 13:00:00,14500.0,14550.0,14350.0,14400.0,9213.0
2018-12-18 14:00:00,14550.0,14900.0,14450.0,14800.0,26946.0
2018-12-18 15:00:00,14400.0,14550.0,14250.0,14550.0,13492.0
2018-12-19 09:00:00,15900.0,15950.0,15750.0,15750.0,30676.0
2018-12-19 10:00:00,15000.0,15400.0,14650.0,15200.0,75351.0
2018-12-19 11:00:00,15300.0,15450.0,15250.0,15350.0,34072.0
2018-12-19 12:00:00,15300.0,16450.0,15200.0,16450.0,206900.0
2018-12-19 13:00:00,16450.0,16500.0,15900.0,16150.0,62448.0
2018-12-19 14:00:00,16200.0,16250.0,15850.0,16150.0,72447.0
2018-12-19 15:00:00,16100.0,16250.0,15850.0,15900.0,44667.0
2018-12-20 09:00:00,16750.0,17300.0,16750.0,16950.0,85425.0
2018-12-20 10:00:00,16000.0,16750.0,15950.0,16750.0,111457.0
2018-12-20 11:00:00,16000.0,16300.0,15900.0,15950.0,41773.0
2018-12-20 12:00:00,15550.0,16200.0,15300.0,16100.0,77732.0
2018-12-20 13:00:00,16050.0,16700.0,15950.0,16200.0,91629.0
2018-12-20 14:00:00,15950.0,16000.0,15900.0,16000.0,20618.0
2018-12-20 15:00:00,16200.0,16250.0,15800.0,15950.0,28090.0
2018-12-21 09:00:00,16700.0,18200.0,16650.0,18200.0,206244.0
2018-12-21 10:00:00,18200.0,19000.0,18200.0,18550.0,271973.0
2018-12-21 11:00:00,18550.0,18800.0,18350.0,18750.0,75231.0
2018-12-21 12:00:00,18750.0,18800.0,18150.0,18150.0,47259.0
2018-12-21 13:00:00,18150.0,18350.0,17850.0,17850.0,50785.0
2018-12-21 14:00:00,17950.0,18050.0,17650.0,18000.0,40644.0
2018-12-21 15:00:00,18000.0,18050.0,17850.0,18050.0,19874.0
2018-12-24 09:00:00,17400.0,17700.0,17200.0,17300.0,25562.0
2018-12-24 10:00:00,17650.0,17700.0,17300.0,17400.0,34147.0
2018-12-24 11:00:00,17500.0,17800.0,17450.0,17700.0,30448.0
2018-12-24 12:00:00,17700.0,17700.0,17350.0,17500.0,35218.0
2018-12-24 13:00:00,17500.0,17600.0,17300.0,17350.0,22961.0
2018-12-24 14:00:00,18050.0,18150.0,17500.0,17700.0,66657.0
2018-12-24 15:00:00,17350.0,17500.0,17250.0,17500.0,26329.0
2018-12-26 09:00:00,16550.0,16950.0,16550.0,16900.0,22663.0
2018-12-26 10:00:00,16900.0,17100.0,16700.0,16700.0,40452.0
2018-12-26 11:00:00,16850.0,16900.0,16550.0,16550.0,33107.0
2018-12-26 12:00:00,16900.0,17100.0,16750.0,16800.0,26153.0
2018-12-26 13:00:00,16800.0,16900.0,16700.0,16800.0,11141.0
2018-12-26 14:00:00,16800.0,16950.0,16750.0,16900.0,10072.0
2018-12-26 15:00:00,16850.0,17300.0,16750.0,16900.0,60975.0
2018-12-27 09:00:00,17200.0,18000.0,17100.0,17400.0,89214.0
2018-12-27 10:00:00,17400.0,17500.0,17300.0,17400.0,17853.0
2018-12-27 11:00:00,17400.0,17500.0,17300.0,17400.0,6943.0
2018-12-27 12:00:00,17400.0,17400.0,17200.0,17200.0,7196.0
2018-12-27 13:00:00,17200.0,17250.0,17100.0,17150.0,7381.0
2018-12-27 14:00:00,17150.0,17200.0,17000.0,17050.0,20547.0
2018-12-27 15:00:00,17050.0,17100.0,17000.0,17050.0,9372.0
2018-12-28 09:00:00,16900.0,16950.0,16700.0,16850.0,15469.0
2018-12-28 10:00:00,16950.0,17550.0,16900.0,17500.0,37563.0
2018-12-28 11:00:00,16900.0,17050.0,16850.0,16950.0,10343.0
2018-12-28 12:00:00,17000.0,17000.0,16850.0,16900.0,4786.0
2018-12-28 13:00:00,17300.0,17300.0,16600.0,16900.0,32625.0
2018-12-28 14:00:00,17000.0,17450.0,17000.0,17300.0,31383.0
2018-12-28 15:00:00,16850.0,17050.0,16800.0,16950.0,7507.0
2019-01-02 09:00:00,17600.0,17750.0,17000.0,17050.0,39376.0
2019-01-02 10:00:00,17000.0,17000.0,16800.0,16850.0,22161.0
2019-01-02 11:00:00,16800.0,16850.0,16550.0,16750.0,27052.0
2019-01-02 12:00:00,16800.0,16850.0,16450.0,16500.0,45036.0
2019-01-02 13:00:00,16450.0,16500.0,16250.0,16250.0,40946.0
2019-01-02 14:00:00,16250.0,16550.0,16250.0,16400.0,12904.0
2019-01-03 09:00:00,15250.0,15550.0,15050.0,15400.0,48149.0
2019-01-03 10:00:00,15700.0,15750.0,15000.0,15250.0,74254.0
2019-01-03 11:00:00,15350.0,15700.0,15200.0,15500.0,25600.0
2019-01-03 12:00:00,16050.0,16050.0,15750.0,15750.0,17646.0
2019-01-03 13:00:00,15850.0,16150.0,15800.0,15950.0,26292.0
2019-01-03 14:00:00,16500.0,16650.0,15650.0,15850.0,51813.0
2019-01-03 15:00:00,15800.0,15800.0,15600.0,15750.0,27618.0
2019-01-04 09:00:00,15400.0,15650.0,15350.0,15500.0,12151.0
2019-01-04 10:00:00,15600.0,15700.0,15350.0,15500.0,16569.0
2019-01-04 11:00:00,15450.0,15500.0,15250.0,15500.0,11228.0
2019-01-04 12:00:00,15100.0,15350.0,14950.0,15200.0,59855.0
2019-01-04 13:00:00,15250.0,15400.0,15050.0,15100.0,20227.0
2019-01-04 14:00:00,15350.0,15700.0,15050.0,15200.0,33101.0
2019-01-04 15:00:00,15200.0,15650.0,15150.0,15650.0,30597.0
2019-01-07 09:00:00,15650.0,16550.0,15650.0,16450.0,103323.0
2019-01-07 10:00:00,16450.0,16750.0,16300.0,16700.0,40785.0
2019-01-07 11:00:00,16700.0,16750.0,16550.0,16750.0,13682.0
2019-01-07 12:00:00,16750.0,16750.0,16550.0,16700.0,11280.0
2019-01-07 13:00:00,16650.0,16700.0,16150.0,16300.0,31962.0
2019-01-07 14:00:00,16350.0,16500.0,16200.0,16300.0,8765.0
2019-01-07 15:00:00,16300.0,16550.0,16200.0,16550.0,13782.0
2019-01-08 09:00:00,16400.0,16450.0,16250.0,16300.0,17537.0
2019-01-08 10:00:00,16300.0,16300.0,16100.0,16250.0,15910.0
2019-01-08 11:00:00,16400.0,16450.0,16300.0,16350.0,9449.0
2019-01-08 12:00:00,16750.0,16750.0,16200.0,16300.0,28601.0
2019-01-08 13:00:00,16300.0,16550.0,16300.0,16300.0,15204.0
2019-01-08 14:00:00,16550.0,16850.0,16200.0,16700.0,56330.0
2019-01-08 15:00:00,16350.0,16450.0,16250.0,16350.0,20142.0
2019-01-09 09:00:00,16350.0,16800.0,16250.0,16700.0,23392.0
2019-01-09 10:00:00,16750.0,17950.0,16500.0,17450.0,180306.0
2019-01-09 11:00:00,17450.0,17800.0,17300.0,17300.0,61509.0
2019-01-09 12:00:00,17300.0,17600.0,17300.0,17550.0,23241.0
2019-01-09 13:00:00,17600.0,18050.0,17550.0,17900.0,104588.0
2019-01-09 14:00:00,17900.0,19050.0,17800.0,18400.0,214610.0
2019-01-09 15:00:00,18400.0,18600.0,18350.0,18500.0,52548.0
2019-01-10 09:00:00,19300.0,19350.0,18900.0,19050.0,74348.0
2019-01-10 10:00:00,19200.0,19500.0,19000.0,19350.0,123072.0
2019-01-10 11:00:00,18750.0,19350.0,18700.0,19200.0,89065.0
2019-01-10 12:00:00,18500.0,18900.0,18150.0,18700.0,95353.0
2019-01-10 13:00:00,18650.0,18850.0,18600.0,18750.0,26902.0
2019-01-10 14:00:00,18700.0,18700.0,18350.0,18600.0,32593.0
2019-01-10 15:00:00,18750.0,18800.0,18600.0,18750.0,7130.0
2019-01-11 09:00:00,18950.0,19050.0,18700.0,18750.0,25033.0
2019-01-11 10:00:00,18700.0,18850.0,18600.0,18700.0,24843.0
2019-01-11 11:00:00,19200.0,19400.0,18650.0,18950.0,35449.0
2019-01-11 12:00:00,19400.0,20300.0,19200.0,19500.0,230645.0
2019-01-11 13:00:00,19450.0,19600.0,19000.0,19150.0,51507.0
2019-01-11 14:00:00,19400.0,19550.0,19250.0,19450.0,38672.0
2019-01-11 15:00:00,19150.0,19300.0,19050.0,19300.0,10376.0
2019-01-14 09:00:00,19100.0,19300.0,18650.0,19050.0,53004.0
2019-01-14 10:00:00,19050.0,19100.0,18800.0,18850.0,14914.0
2019-01-14 11:00:00,18850.0,18950.0,18700.0,18850.0,13851.0
2019-01-14 12:00:00,18850.0,18950.0,18650.0,18850.0,8939.0
2019-01-14 13:00:00,18950.0,19100.0,18850.0,19000.0,10366.0
2019-01-14 14:00:00,19000.0,19050.0,18900.0,19050.0,14464.0
2019-01-14 15:00:00,19050.0,19050.0,18950.0,19000.0,6310.0
2019-01-15 09:00:00,19300.0,19350.0,19150.0,19250.0,10311.0
2019-01-15 10:00:00,19200.0,19600.0,19150.0,19300.0,29557.0
2019-01-15 11:00:00,19500.0,19600.0,19150.0,19250.0,36578.0
2019-01-15 12:00:00,19000.0,19650.0,18900.0,19550.0,93678.0
2019-01-15 13:00:00,19600.0,19700.0,19400.0,19450.0,26291.0
2019-01-15 14:00:00,19500.0,19650.0,19300.0,19650.0,39321.0
2019-01-15 15:00:00,19500.0,19650.0,19450.0,19550.0,11131.0
2019-01-16 09:00:00,19200.0,19350.0,18650.0,19000.0,57782.0
2019-01-16 10:00:00,19050.0,19100.0,18800.0,19100.0,17099.0
2019-01-16 11:00:00,19050.0,19300.0,19000.0,19150.0,16338.0
2019-01-16 12:00:00,19200.0,19350.0,19000.0,19300.0,10938.0
2019-01-16 13:00:00,19350.0,19600.0,19150.0,19450.0,28605.0
2019-01-16 14:00:00,19400.0,19950.0,19300.0,19900.0,69238.0
2019-01-16 15:00:00,19900.0,20000.0,19750.0,20000.0,49357.0
2019-01-17 09:00:00,19750.0,19800.0,19650.0,19800.0,12282.0
2019-01-17 10:00:00,19950.0,19950.0,19550.0,19600.0,34071.0
2019-01-17 11:00:00,19650.0,19750.0,19500.0,19750.0,20430.0
2019-01-17 12:00:00,20050.0,20100.0,19900.0,19950.0,13891.0
2019-01-17 13:00:00,19850.0,20300.0,19800.0,20050.0,67612.0
2019-01-17 14:00:00,19900.0,20050.0,19400.0,19850.0,52045.0
2019-01-17 15:00:00,20000.0,20050.0,19750.0,19900.0,14913.0
2019-01-18 09:00:00,20050.0,20300.0,19950.0,20300.0,32750.0
2019-01-18 10:00:00,20200.0,20250.0,20000.0,20000.0,20370.0
2019-01-18 11:00:00,20000.0,20150.0,19900.0,20050.0,19433.0
2019-01-18 12:00:00,20250.0,20250.0,19950.0,20250.0,14268.0
2019-01-18 13:00:00,20200.0,20300.0,20000.0,20200.0,33504.0
2019-01-18 14:00:00,20250.0,20250.0,20100.0,20200.0,9935.0
2019-01-18 15:00:00,20050.0,20500.0,19600.0,20200.0,81928.0
2019-01-21 09:00:00,19600.0,20200.0,19500.0,20100.0,25656.0
2019-01-21 10:00:00,20350.0,20600.0,20000.0,20050.0,44499.0
2019-01-21 11:00:00,20050.0,20100.0,19850.0,19850.0,25775.0
2019-01-21 12:00:00,19850.0,19900.0,19700.0,19850.0,25916.0
2019-01-21 13:00:00,19900.0,20000.0,19800.0,19850.0,10747.0
2019-01-21 14:00:00,19900.0,19950.0,19650.0,19700.0,21938.0
2019-01-21 15:00:00,19700.0,19850.0,19550.0,19600.0,29601.0
2019-01-22 09:00:00,18400.0,19100.0,18400.0,19000.0,43451.0
2019-01-22 10:00:00,19000.0,19250.0,18900.0,18900.0,26437.0
2019-01-22 11:00:00,18750.0,18850.0,18300.0,18500.0,65339.0
2019-01-22 12:00:00,19950.0,20100.0,19300.0,19350.0,51676.0
2019-01-22 13:00:00,19050.0,19200.0,18900.0,19000.0,38410.0
2019-01-22 14:00:00,19350.0,19550.0,18850.0,19050.0,44224.0
2019-01-22 15:00:00,19000.0,19100.0,18700.0,18750.0,66187.0
2019-01-23 09:00:00,18600.0,19050.0,18500.0,18800.0,41371.0
2019-01-23 10:00:00,18800.0,18900.0,18650.0,18800.0,21737.0
2019-01-23 11:00:00,18800.0,18900.0,18700.0,18750.0,9004.0
2019-01-23 12:00:00,18700.0,18850.0,18600.0,18750.0,19415.0
2019-01-23 13:00:00,18600.0,18700.0,18250.0,18400.0,41696.0
2019-01-23 14:00:00,18400.0,18600.0,18250.0,18350.0,26704.0
2019-01-23 15:00:00,18350.0,18600.0,18250.0,18350.0,29748.0
2019-01-24 09:00:00,18250.0,18400.0,18200.0,18350.0,17998.0
2019-01-24 10:00:00,18150.0,18400.0,18150.0,18250.0,20055.0
2019-01-24 11:00:00,18250.0,18300.0,18150.0,18150.0,13187.0
2019-01-24 12:00:00,17800.0,18750.0,17800.0,18500.0,41229.0
2019-01-24 13:00:00,18250.0,18600.0,17950.0,18500.0,40220.0
2019-01-24 14:00:00,18500.0,18500.0,18050.0,18200.0,30548.0
2019-01-24 15:00:00,18450.0,18500.0,18250.0,18300.0,18821.0
2019-01-25 09:00:00,19650.0,19800.0,19550.0,19800.0,22308.0
2019-01-25 10:00:00,19750.0,19800.0,19650.0,19650.0,15961.0
2019-01-25 11:00:00,19850.0,19900.0,19600.0,19700.0,36478.0
2019-01-25 12:00:00,18600.0,19250.0,18350.0,19050.0,89778.0
2019-01-25 13:00:00,19400.0,19950.0,19250.0,19950.0,93185.0
2019-01-25 14:00:00,19050.0,19450.0,18850.0,19400.0,62861.0
2019-01-25 15:00:00,19950.0,20000.0,19700.0,19800.0,51255.0
2019-01-28 09:00:00,20000.0,20300.0,19750.0,19950.0,93954.0
2019-01-28 10:00:00,20000.0,20200.0,19900.0,20200.0,41323.0
2019-01-28 11:00:00,20150.0,20200.0,20050.0,20150.0,18998.0
2019-01-28 12:00:00,20150.0,20200.0,20000.0,20100.0,14275.0
2019-01-28 13:00:00,20100.0,20150.0,20000.0,20050.0,15700.0
2019-01-28 14:00:00,20050.0,20050.0,19500.0,19650.0,42723.0
2019-01-28 15:00:00,19700.0,19850.0,19600.0,19800.0,12915.0
2019-01-29 09:00:00,19500.0,20200.0,19450.0,20100.0,70697.0
2019-01-29 10:00:00,20100.0,20150.0,20000.0,20100.0,24223.0
2019-01-29 11:00:00,19600.0,19700.0,19450.0,19500.0,10955.0
2019-01-29 12:00:00,19700.0,20000.0,19350.0,19450.0,41550.0
2019-01-29 13:00:00,19600.0,19700.0,19350.0,19600.0,27412.0
2019-01-29 14:00:00,19400.0,19700.0,19200.0,19600.0,27518.0
2019-01-29 15:00:00,19600.0,19650.0,19500.0,19600.0,6793.0
2019-01-30 09:00:00,20150.0,20150.0,19600.0,19700.0,47628.0
2019-01-30 10:00:00,19700.0,19800.0,19550.0,19600.0,20937.0
2019-01-30 11:00:00,19600.0,19750.0,19550.0,19650.0,7420.0
2019-01-30 12:00:00,19700.0,20000.0,19650.0,20000.0,13628.0
2019-01-30 13:00:00,20000.0,20000.0,19700.0,19700.0,12958.0
2019-01-30 14:00:00,19700.0,19800.0,19500.0,19550.0,38273.0
2019-01-30 15:00:00,19500.0,20000.0,19400.0,20000.0,40482.0
2019-01-31 09:00:00,19550.0,19700.0,19550.0,19600.0,17561.0
2019-01-31 10:00:00,19550.0,19650.0,19450.0,19600.0,26009.0
2019-01-31 11:00:00,19750.0,19750.0,19500.0,19550.0,13153.0
2019-01-31 12:00:00,19600.0,19900.0,19600.0,19750.0,7319.0
2019-01-31 13:00:00,19850.0,19900.0,19550.0,19550.0,12360.0
2019-01-31 14:00:00,20300.0,20300.0,19800.0,19850.0,28885.0
2019-01-31 15:00:00,19550.0,19700.0,19550.0,19600.0,9893.0
2019-02-01 09:00:00,19600.0,20150.0,19550.0,19750.0,42659.0
2019-02-01 10:00:00,19750.0,19900.0,19600.0,19750.0,16563.0
2019-02-01 11:00:00,19850.0,19850.0,19700.0,19850.0,6128.0
2019-02-01 12:00:00,19800.0,19850.0,19600.0,19700.0,8506.0
2019-02-01 13:00:00,19700.0,19850.0,19600.0,19700.0,7501.0
2019-02-01 14:00:00,19650.0,19800.0,19600.0,19600.0,4079.0
2019-02-01 15:00:00,19600.0,19750.0,19600.0,19600.0,4074.0
2019-02-07 09:00:00,20250.0,20450.0,20250.0,20400.0,19824.0
2019-02-07 10:00:00,20300.0,20300.0,20250.0,20250.0,14287.0
2019-02-07 11:00:00,20250.0,20450.0,20200.0,20250.0,21879.0
2019-02-07 12:00:00,19850.0,20350.0,19600.0,20350.0,79927.0
2019-02-07 13:00:00,20500.0,20500.0,20350.0,20350.0,21737.0
2019-02-07 14:00:00,20350.0,20500.0,20200.0,20450.0,57524.0
2019-02-07 15:00:00,20400.0,20400.0,20250.0,20250.0,16287.0
2019-02-08 09:00:00,20400.0,20400.0,19950.0,20000.0,40531.0
2019-02-08 10:00:00,19950.0,20100.0,19950.0,19950.0,18816.0
2019-02-08 11:00:00,19950.0,19950.0,19850.0,19900.0,11428.0
2019-02-08 12:00:00,19950.0,20000.0,19900.0,19950.0,6856.0
2019-02-08 13:00:00,20000.0,20000.0,19900.0,19900.0,9081.0
2019-02-08 14:00:00,19900.0,20050.0,19850.0,20000.0,16973.0
2019-02-08 15:00:00,20000.0,20000.0,19900.0,19950.0,11351.0
2019-02-11 09:00:00,19750.0,19900.0,19700.0,19850.0,11994.0
2019-02-11 10:00:00,19750.0,19950.0,19700.0,19750.0,21133.0
2019-02-11 11:00:00,19700.0,19850.0,19700.0,19750.0,14030.0
2019-02-11 12:00:00,19750.0,19800.0,19700.0,19700.0,11601.0
2019-02-11 13:00:00,19750.0,19950.0,19700.0,19750.0,9185.0
2019-02-11 14:00:00,19850.0,20050.0,19700.0,19750.0,23620.0
2019-02-11 15:00:00,20300.0,20300.0,19850.0,19900.0,27124.0
2019-02-12 09:00:00,19600.0,20850.0,19600.0,20650.0,105412.0
2019-02-12 10:00:00,20700.0,20900.0,20600.0,20800.0,64642.0
2019-02-12 11:00:00,20750.0,20800.0,20350.0,20450.0,23559.0
2019-02-12 12:00:00,20400.0,20550.0,20300.0,20350.0,15982.0
2019-02-12 13:00:00,20350.0,20550.0,20300.0,20300.0,17413.0
2019-02-12 14:00:00,20300.0,20500.0,20100.0,20200.0,29504.0
2019-02-12 15:00:00,20200.0,20300.0,20050.0,20200.0,23656.0
2019-02-13 09:00:00,21700.0,21800.0,21450.0,21550.0,44169.0
2019-02-13 10:00:00,21700.0,21850.0,21550.0,21700.0,53706.0
2019-02-13 11:00:00,21550.0,21600.0,21450.0,21500.0,24909.0
2019-02-13 12:00:00,20950.0,21750.0,20850.0,21550.0,157152.0
2019-02-13 13:00:00,20200.0,21000.0,20100.0,20950.0,92010.0
2019-02-13 14:00:00,20500.0,20550.0,20100.0,20200.0,34102.0
2019-02-13 15:00:00,21550.0,21900.0,21450.0,21700.0,63918.0
2019-02-14 09:00:00,21750.0,22300.0,21250.0,22300.0,112899.0
2019-02-14 10:00:00,22300.0,22350.0,21950.0,22150.0,45657.0
2019-02-14 11:00:00,22150.0,22200.0,21700.0,21800.0,42176.0
2019-02-14 12:00:00,21850.0,21900.0,21750.0,21850.0,12796.0
2019-02-14 13:00:00,21850.0,21850.0,21550.0,21650.0,19688.0
2019-02-14 14:00:00,21650.0,21750.0,21450.0,21600.0,19702.0
2019-02-14 15:00:00,21650.0,21700.0,21600.0,21700.0,9302.0
2019-02-15 09:00:00,20650.0,21000.0,20450.0,21000.0,54206.0
2019-02-15 10:00:00,20450.0,20750.0,20450.0,20700.0,28037.0
2019-02-15 11:00:00,20950.0,21450.0,20900.0,21150.0,27323.0
2019-02-15 12:00:00,20950.0,21050.0,20550.0,20700.0,50174.0
2019-02-15 13:00:00,21350.0,21400.0,20900.0,20950.0,73264.0
2019-02-15 14:00:00,21850.0,21850.0,21350.0,21350.0,36552.0
2019-02-15 15:00:00,20700.0,20700.0,20300.0,20450.0,54467.0
2019-02-18 09:00:00,21350.0,21350.0,21000.0,21000.0,31199.0
2019-02-18 10:00:00,21350.0,21500.0,21200.0,21300.0,18464.0
2019-02-18 11:00:00,21050.0,21500.0,21000.0,21500.0,15535.0
2019-02-18 12:00:00,21550.0,21550.0,21500.0,21500.0,11495.0
2019-02-18 13:00:00,21400.0,21550.0,21400.0,21550.0,25801.0
2019-02-18 14:00:00,21100.0,21550.0,21100.0,21450.0,32702.0
2019-02-18 15:00:00,21500.0,21550.0,21350.0,21350.0,9976.0
2019-02-19 09:00:00,21400.0,21600.0,20750.0,21500.0,27713.0
2019-02-19 10:00:00,21450.0,21700.0,21450.0,21600.0,13180.0
2019-02-19 11:00:00,21600.0,21650.0,21400.0,21450.0,9658.0
2019-02-19 12:00:00,21450.0,21550.0,21300.0,21350.0,13448.0
2019-02-19 13:00:00,21350.0,21400.0,21200.0,21400.0,10574.0
2019-02-19 14:00:00,21400.0,21500.0,21200.0,21300.0,13978.0
2019-02-19 15:00:00,21300.0,21350.0,21150.0,21300.0,8721.0
2019-02-20 09:00:00,21100.0,21150.0,20900.0,20950.0,19243.0
2019-02-20 10:00:00,21150.0,21250.0,21050.0,21100.0,6586.0
2019-02-20 11:00:00,20950.0,21300.0,20900.0,20900.0,9754.0
2019-02-20 12:00:00,21300.0,21300.0,21000.0,21150.0,7420.0
2019-02-20 13:00:00,21300.0,21550.0,21000.0,21250.0,11405.0
2019-02-20 14:00:00,21150.0,21150.0,21000.0,21150.0,9891.0
2019-02-20 15:00:00,21250.0,21350.0,21100.0,21250.0,6673.0
2019-02-21 09:00:00,21100.0,21200.0,20700.0,20700.0,16922.0
2019-02-21 10:00:00,20750.0,21100.0,20750.0,21100.0,8820.0
2019-02-21 11:00:00,21100.0,21250.0,21100.0,21200.0,8324.0
2019-02-21 12:00:00,21200.0,21250.0,21050.0,21100.0,5042.0
2019-02-21 13:00:00,21100.0,21250.0,20950.0,21000.0,13305.0
2019-02-21 14:00:00,21000.0,21200.0,20950.0,21050.0,10374.0
2019-02-21 15:00:00,21050.0,21100.0,20900.0,20900.0,9879.0
2019-02-22 09:00:00,20600.0,20700.0,20550.0,20600.0,7199.0
2019-02-22 10:00:00,20700.0,20700.0,20500.0,20600.0,17537.0
2019-02-22 11:00:00,20750.0,20750.0,20700.0,20700.0,3644.0
2019-02-22 12:00:00,20950.0,21000.0,20600.0,20750.0,14702.0
2019-02-22 13:00:00,20750.0,20800.0,20650.0,20700.0,7840.0
2019-02-22 14:00:00,20800.0,21050.0,20700.0,20950.0,13736.0
2019-02-22 15:00:00,20700.0,20750.0,20600.0,20750.0,3523.0
2019-02-25 09:00:00,21800.0,21800.0,21550.0,21600.0,21347.0
2019-02-25 10:00:00,21600.0,21800.0,21550.0,21800.0,18295.0
2019-02-25 11:00:00,21600.0,21950.0,21500.0,21750.0,60760.0
2019-02-25 12:00:00,21350.0,21450.0,21200.0,21400.0,18559.0
2019-02-25 13:00:00,21400.0,21700.0,21350.0,21550.0,22963.0
2019-02-25 14:00:00,21600.0,21650.0,21550.0,21600.0,10212.0
2019-02-25 15:00:00,20800.0,21650.0,20550.0,21350.0,79337.0
2019-02-26 09:00:00,21600.0,21800.0,21350.0,21400.0,36186.0
2019-02-26 10:00:00,21400.0,21550.0,21300.0,21400.0,17566.0
2019-02-26 11:00:00,21350.0,21550.0,21300.0,21400.0,5827.0
2019-02-26 12:00:00,21350.0,21450.0,21300.0,21300.0,7371.0
2019-02-26 13:00:00,21300.0,21350.0,21100.0,21250.0,16564.0
2019-02-26 14:00:00,21200.0,21350.0,21000.0,21000.0,27417.0
2019-02-26 15:00:00,21000.0,21150.0,20950.0,21050.0,20960.0
2019-02-27 09:00:00,20900.0,20950.0,20800.0,20850.0,3399.0
2019-02-27 10:00:00,21000.0,21050.0,20950.0,21000.0,5886.0
2019-02-27 11:00:00,20900.0,20950.0,20800.0,20950.0,14061.0
2019-02-27 12:00:00,20750.0,20950.0,20750.0,20900.0,3750.0
2019-02-27 13:00:00,21100.0,21150.0,20700.0,20800.0,19141.0
2019-02-27 14:00:00,21050.0,21250.0,20900.0,21150.0,21724.0
2019-02-27 15:00:00,20800.0,20900.0,20650.0,20850.0,20422.0
2019-02-28 09:00:00,21200.0,21500.0,20800.0,21100.0,37645.0
2019-02-28 10:00:00,21100.0,21200.0,20900.0,20900.0,11833.0
2019-02-28 11:00:00,20950.0,21000.0,20850.0,20950.0,6524.0
2019-02-28 12:00:00,20900.0,21150.0,20900.0,21050.0,8217.0
2019-02-28 13:00:00,21100.0,21150.0,20850.0,20850.0,15640.0
2019-02-28 14:00:00,20900.0,20950.0,20600.0,20650.0,28568.0
2019-02-28 15:00:00,20600.0,21000.0,20500.0,20800.0,31535.0
2019-03-04 09:00:00,20200.0,20450.0,20150.0,20400.0,18482.0
2019-03-04 10:00:00,20300.0,20550.0,20150.0,20200.0,42279.0
2019-03-04 11:00:00,20550.0,20600.0,20200.0,20300.0,44106.0
2019-03-04 12:00:00,20700.0,21200.0,20700.0,20850.0,31737.0
2019-03-04 13:00:00,20650.0,20800.0,20650.0,20650.0,16143.0
2019-03-04 14:00:00,20850.0,20900.0,20600.0,20700.0,25212.0
2019-03-04 15:00:00,20700.0,20750.0,20500.0,20550.0,22938.0
2019-03-05 09:00:00,19700.0,19750.0,19500.0,19500.0,34326.0
2019-03-05 10:00:00,19500.0,19950.0,19350.0,19800.0,45694.0
2019-03-05 11:00:00,19800.0,19900.0,19700.0,19700.0,10478.0
2019-03-05 12:00:00,20300.0,20450.0,19350.0,19500.0,110105.0
2019-03-05 13:00:00,19950.0,20500.0,19700.0,19950.0,22002.0
2019-03-05 14:00:00,19500.0,20000.0,19400.0,19950.0,36811.0
2019-03-05 15:00:00,19950.0,20050.0,19750.0,19850.0,7950.0
2019-03-06 09:00:00,19750.0,20350.0,19500.0,20100.0,34190.0
2019-03-06 10:00:00,20100.0,20100.0,19750.0,19800.0,12886.0
2019-03-06 11:00:00,19800.0,19900.0,19750.0,19850.0,7176.0
2019-03-06 12:00:00,19800.0,19950.0,19750.0,19800.0,5846.0
2019-03-06 13:00:00,19800.0,19850.0,19600.0,19650.0,10565.0
2019-03-06 14:00:00,19850.0,20300.0,19650.0,20250.0,19910.0
2019-03-06 15:00:00,20250.0,20300.0,20000.0,20100.0,10419.0
2019-03-07 09:00:00,19900.0,19950.0,19800.0,19900.0,7782.0
2019-03-07 10:00:00,20050.0,20150.0,19800.0,19850.0,10130.0
2019-03-07 11:00:00,19800.0,20100.0,19600.0,19750.0,13824.0
2019-03-07 12:00:00,20150.0,20400.0,20100.0,20200.0,13177.0
2019-03-07 13:00:00,20200.0,20200.0,20000.0,20050.0,8147.0
2019-03-07 14:00:00,19900.0,19950.0,19600.0,19800.0,13788.0
2019-03-07 15:00:00,20000.0,20450.0,20000.0,20100.0,12974.0
2019-03-08 09:00:00,19500.0,19650.0,19450.0,19650.0,4946.0
2019-03-08 10:00:00,19500.0,19600.0,19400.0,19550.0,7708.0
2019-03-08 11:00:00,19700.0,19700.0,19500.0,19500.0,12581.0
2019-03-08 12:00:00,19900.0,19900.0,19400.0,19850.0,12194.0
2019-03-08 13:00:00,19600.0,19800.0,19550.0,19750.0,5116.0
2019-03-08 14:00:00,19850.0,19850.0,19550.0,19600.0,10298.0
2019-03-08 15:00:00,19700.0,19750.0,19650.0,19700.0,2379.0
2019-03-11 09:00:00,19450.0,19750.0,18550.0,18900.0,52715.0
2019-03-11 10:00:00,18900.0,18950.0,18800.0,18850.0,15127.0
2019-03-11 11:00:00,18900.0,18900.0,18650.0,18650.0,23154.0
2019-03-11 12:00:00,18650.0,18800.0,18650.0,18750.0,4447.0
2019-03-11 13:00:00,18750.0,18950.0,18750.0,18950.0,7809.0
2019-03-11 14:00:00,18900.0,19300.0,18900.0,19150.0,15768.0
2019-03-11 15:00:00,19100.0,19450.0,19050.0,19300.0,10364.0
2019-03-12 09:00:00,18950.0,19250.0,18900.0,19050.0,12352.0
2019-03-12 10:00:00,19000.0,19150.0,18850.0,18950.0,39287.0
2019-03-12 11:00:00,19050.0,19150.0,18900.0,19000.0,23492.0
2019-03-12 12:00:00,19050.0,19250.0,19000.0,19050.0,21237.0
2019-03-12 13:00:00,19250.0,19300.0,19000.0,19000.0,27015.0
2019-03-12 14:00:00,19450.0,19500.0,19250.0,19250.0,38348.0
2019-03-12 15:00:00,19350.0,20000.0,19350.0,19450.0,43893.0
2019-03-13 09:00:00,19100.0,19200.0,18600.0,18700.0,41391.0
2019-03-13 10:00:00,18700.0,18850.0,18550.0,18700.0,23007.0
2019-03-13 11:00:00,18750.0,18750.0,18400.0,18550.0,42410.0
2019-03-13 12:00:00,18550.0,18600.0,18550.0,18550.0,8476.0
2019-03-13 13:00:00,18600.0,18950.0,18550.0,18850.0,9365.0
2019-03-13 14:00:00,18900.0,18900.0,18700.0,18750.0,10633.0
2019-03-13 15:00:00,18700.0,18800.0,18600.0,18600.0,15424.0
2019-03-14 09:00:00,18650.0,18700.0,18550.0,18550.0,13405.0
2019-03-14 10:00:00,18900.0,19000.0,18850.0,18850.0,7257.0
2019-03-14 11:00:00,18850.0,18850.0,18650.0,18650.0,13067.0
2019-03-14 12:00:00,18600.0,18850.0,18600.0,18850.0,16622.0
2019-03-14 13:00:00,18850.0,19150.0,18850.0,18950.0,27932.0
2019-03-14 14:00:00,18650.0,18650.0,18500.0,18600.0,23549.0
2019-03-14 15:00:00,18800.0,18950.0,18500.0,18650.0,42081.0
2019-03-15 09:00:00,18600.0,18850.0,18500.0,18650.0,21796.0
2019-03-15 10:00:00,18100.0,18700.0,18050.0,18600.0,47585.0
2019-03-15 11:00:00,18150.0,18300.0,18000.0,18100.0,31228.0
2019-03-15 12:00:00,18600.0,18850.0,18500.0,18600.0,23139.0
2019-03-15 13:00:00,18550.0,18650.0,18550.0,18550.0,7185.0
2019-03-15 14:00:00,18550.0,18650.0,18500.0,18600.0,18999.0
2019-03-15 15:00:00,18550.0,18600.0,18100.0,18100.0,33412.0
2019-03-18 09:00:00,18800.0,19000.0,18550.0,18550.0,26478.0
2019-03-18 10:00:00,18600.0,18750.0,18550.0,18600.0,13596.0
2019-03-18 11:00:00,18650.0,18750.0,18600.0,18650.0,5786.0
2019-03-18 12:00:00,18650.0,18700.0,18550.0,18550.0,7184.0
2019-03-18 13:00:00,18550.0,18600.0,18450.0,18500.0,14163.0
2019-03-18 14:00:00,18500.0,18550.0,18400.0,18450.0,12808.0
2019-03-18 15:00:00,18450.0,18600.0,18450.0,18450.0,8878.0
2019-03-19 09:00:00,18350.0,18450.0,18250.0,18350.0,16848.0
2019-03-19 10:00:00,18400.0,18550.0,18300.0,18400.0,19540.0
2019-03-19 11:00:00,18500.0,18550.0,18400.0,18400.0,9903.0
2019-03-19 12:00:00,18500.0,18550.0,18400.0,18500.0,11026.0
2019-03-19 13:00:00,18800.0,18800.0,18500.0,18500.0,12769.0
2019-03-19 14:00:00,18500.0,18550.0,18500.0,18550.0,4327.0
2019-03-19 15:00:00,18450.0,18900.0,18450.0,18800.0,32376.0
2019-03-20 09:00:00,18550.0,18550.0,17850.0,17950.0,43018.0
2019-03-20 10:00:00,17950.0,18000.0,17250.0,17350.0,88879.0
2019-03-20 11:00:00,17350.0,17650.0,16850.0,17150.0,123492.0
2019-03-20 12:00:00,17150.0,17250.0,16900.0,17000.0,76397.0
2019-03-20 13:00:00,16950.0,17050.0,16700.0,16900.0,157904.0
2019-03-20 14:00:00,16900.0,17650.0,16900.0,17650.0,108287.0
2019-03-20 15:00:00,17650.0,17750.0,17500.0,17500.0,28765.0
2019-03-21 09:00:00,18900.0,19400.0,18700.0,19300.0,96555.0
2019-03-21 10:00:00,19000.0,19000.0,18700.0,18800.0,18471.0
2019-03-21 11:00:00,19300.0,19350.0,18700.0,19000.0,60608.0
2019-03-21 12:00:00,19000.0,19050.0,18850.0,19000.0,46001.0
2019-03-21 13:00:00,18950.0,19100.0,18700.0,19000.0,107613.0
2019-03-21 14:00:00,18950.0,19100.0,18800.0,19000.0,75258.0
2019-03-21 15:00:00,17650.0,19150.0,17550.0,18950.0,267262.0
2019-03-22 09:00:00,18900.0,18950.0,18800.0,18800.0,17376.0
2019-03-22 10:00:00,18150.0,19000.0,18150.0,18900.0,80546.0
2019-03-22 11:00:00,18200.0,18350.0,18000.0,18150.0,25430.0
2019-03-22 12:00:00,18950.0,19250.0,18400.0,18450.0,84046.0
2019-03-22 13:00:00,18050.0,18250.0,18000.0,18100.0,34597.0
2019-03-22 14:00:00,18450.0,18500.0,18000.0,18050.0,84062.0
2019-03-22 15:00:00,18150.0,18250.0,18000.0,18200.0,21770.0
2019-03-25 09:00:00,18200.0,18700.0,18200.0,18250.0,27274.0
2019-03-25 10:00:00,18250.0,19250.0,18250.0,19150.0,59816.0
2019-03-25 11:00:00,19100.0,19100.0,18800.0,18800.0,22035.0
2019-03-25 12:00:00,18800.0,18900.0,18800.0,18800.0,6040.0
2019-03-25 13:00:00,18800.0,18900.0,18700.0,18750.0,18482.0
2019-03-25 14:00:00,18800.0,18900.0,18650.0,18850.0,23231.0
2019-03-25 15:00:00,18850.0,18850.0,18600.0,18750.0,12124.0
2019-03-26 09:00:00,19950.0,20000.0,19850.0,20000.0,49923.0
2019-03-26 10:00:00,19550.0,20150.0,19500.0,19950.0,173130.0
2019-03-26 11:00:00,19000.0,19550.0,19000.0,19550.0,118492.0
2019-03-26 12:00:00,18750.0,19150.0,18600.0,18800.0,55737.0
2019-03-26 13:00:00,18750.0,19150.0,18700.0,18750.0,20987.0
2019-03-26 14:00:00,18850.0,19000.0,18800.0,19000.0,11217.0
2019-03-26 15:00:00,18750.0,18800.0,18650.0,18750.0,15707.0
2019-03-27 09:00:00,20100.0,20150.0,19400.0,19650.0,74452.0
2019-03-27 10:00:00,19650.0,19750.0,19500.0,19600.0,18208.0
2019-03-27 11:00:00,19600.0,20100.0,19550.0,19850.0,44750.0
2019-03-27 12:00:00,19850.0,20050.0,19800.0,19900.0,14244.0
2019-03-27 13:00:00,19900.0,19900.0,19600.0,19700.0,27623.0
2019-03-27 14:00:00,19700.0,19800.0,19600.0,19700.0,23345.0
2019-03-27 15:00:00,19700.0,19700.0,19550.0,19700.0,18641.0
2019-03-28 09:00:00,18350.0,18450.0,18150.0,18200.0,43221.0
2019-03-28 10:00:00,18450.0,18850.0,18400.0,18800.0,42409.0
2019-03-28 11:00:00,18200.0,18550.0,18100.0,18450.0,56120.0
2019-03-28 12:00:00,18450.0,18500.0,18350.0,18350.0,14774.0
2019-03-28 13:00:00,18800.0,18800.0,18100.0,18300.0,115272.0
2019-03-28 14:00:00,18350.0,18550.0,18250.0,18400.0,41837.0
2019-03-28 15:00:00,19600.0,19750.0,18600.0,18800.0,127449.0
2019-03-29 09:00:00,18700.0,18950.0,18000.0,18100.0,64414.0
2019-03-29 10:00:00,18100.0,18100.0,17650.0,17950.0,61573.0
2019-03-29 11:00:00,17950.0,18250.0,17900.0,18000.0,27091.0
2019-03-29 12:00:00,18050.0,18250.0,17950.0,18250.0,14969.0
2019-03-29 13:00:00,18250.0,18250.0,18100.0,18100.0,17924.0
2019-03-29 14:00:00,18100.0,18450.0,18100.0,18200.0,34056.0
2019-03-29 15:00:00,18150.0,18300.0,18100.0,18100.0,22874.0
2019-04-01 09:00:00,18450.0,18500.0,18350.0,18400.0,8385.0
2019-04-01 10:00:00,18500.0,18600.0,18400.0,18400.0,10044.0
2019-04-01 11:00:00,18450.0,18450.0,18300.0,18400.0,6470.0
2019-04-01 12:00:00,18250.0,18450.0,18250.0,18450.0,5333.0
2019-04-01 13:00:00,18350.0,18350.0,18250.0,18250.0,9227.0
2019-04-01 14:00:00,18200.0,18450.0,18200.0,18350.0,28422.0
2019-04-01 15:00:00,18450.0,18500.0,18350.0,18500.0,6698.0
2019-04-02 09:00:00,18400.0,18500.0,18350.0,18350.0,5464.0
2019-04-02 10:00:00,18500.0,18650.0,18500.0,18500.0,7692.0
2019-04-02 11:00:00,18500.0,18550.0,18350.0,18400.0,12198.0
2019-04-02 12:00:00,18450.0,18550.0,18400.0,18550.0,2658.0
2019-04-02 13:00:00,18450.0,18650.0,18350.0,18450.0,10925.0
2019-04-02 14:00:00,18500.0,18550.0,18400.0,18450.0,3230.0
2019-04-02 15:00:00,18750.0,18800.0,18450.0,18450.0,22866.0
2019-04-03 09:00:00,18650.0,18650.0,18550.0,18550.0,4794.0
2019-04-03 10:00:00,18700.0,18800.0,18400.0,18750.0,20906.0
2019-04-03 11:00:00,18700.0,18750.0,18500.0,18550.0,7652.0
2019-04-03 12:00:00,18600.0,18900.0,18550.0,18800.0,20527.0
2019-04-03 13:00:00,18750.0,18800.0,18700.0,18750.0,7362.0
2019-04-03 14:00:00,18700.0,18800.0,18600.0,18650.0,8067.0
2019-04-03 15:00:00,18650.0,18700.0,18500.0,18600.0,11588.0
2019-04-04 09:00:00,18850.0,19000.0,18850.0,18900.0,13020.0
2019-04-04 10:00:00,19000.0,19050.0,18500.0,18700.0,47818.0
2019-04-04 11:00:00,18650.0,18900.0,18650.0,18850.0,10640.0
2019-04-04 12:00:00,19150.0,19250.0,19050.0,19100.0,19669.0
2019-04-04 13:00:00,19350.0,19350.0,19150.0,19200.0,34287.0
2019-04-04 14:00:00,19100.0,19200.0,19000.0,19050.0,13487.0
2019-04-04 15:00:00,18750.0,19550.0,18700.0,19400.0,162994.0
2019-04-05 09:00:00,18850.0,19250.0,18650.0,18700.0,36654.0
2019-04-05 10:00:00,18700.0,18800.0,18600.0,18700.0,14155.0
2019-04-05 11:00:00,18750.0,18800.0,18500.0,18600.0,23444.0
2019-04-05 12:00:00,18600.0,18600.0,18300.0,18350.0,28863.0
2019-04-05 13:00:00,18400.0,18400.0,18000.0,18150.0,52532.0
2019-04-05 14:00:00,18100.0,18400.0,18100.0,18300.0,19707.0
2019-04-05 15:00:00,18300.0,18350.0,18250.0,18250.0,8825.0
2019-04-08 09:00:00,17950.0,18100.0,17900.0,18000.0,17249.0
2019-04-08 10:00:00,18200.0,18300.0,17950.0,17950.0,32539.0
2019-04-08 11:00:00,18350.0,18350.0,18150.0,18200.0,19678.0
2019-04-08 12:00:00,18300.0,18450.0,18200.0,18400.0,22507.0
2019-04-08 13:00:00,18450.0,18500.0,18350.0,18400.0,7904.0
2019-04-08 14:00:00,18350.0,18550.0,18250.0,18300.0,20123.0
2019-04-08 15:00:00,18400.0,18400.0,18300.0,18300.0,7407.0
2019-04-09 09:00:00,18350.0,18450.0,18300.0,18450.0,11496.0
2019-04-09 10:00:00,18450.0,18500.0,18400.0,18450.0,10753.0
2019-04-09 11:00:00,18150.0,18350.0,18150.0,18300.0,11819.0
2019-04-09 12:00:00,18100.0,18300.0,18100.0,18100.0,7637.0
2019-04-09 13:00:00,18100.0,18250.0,18100.0,18200.0,8395.0
2019-04-09 14:00:00,18150.0,18550.0,18100.0,18100.0,48569.0
2019-04-09 15:00:00,18200.0,18250.0,18150.0,18150.0,5953.0
2019-04-10 09:00:00,18450.0,18450.0,18050.0,18300.0,22942.0
2019-04-10 10:00:00,18250.0,18300.0,18150.0,18150.0,10364.0
2019-04-10 11:00:00,18150.0,18250.0,18150.0,18200.0,6260.0
2019-04-10 12:00:00,18200.0,18300.0,18200.0,18250.0,4860.0
2019-04-10 13:00:00,18200.0,18200.0,18100.0,18150.0,14420.0
2019-04-10 14:00:00,18150.0,18200.0,18100.0,18150.0,6120.0
2019-04-10 15:00:00,18150.0,18250.0,18150.0,18150.0,8888.0
2019-04-11 09:00:00,18000.0,18050.0,17950.0,18000.0,24368.0
2019-04-11 10:00:00,18050.0,18100.0,17950.0,18000.0,29866.0
2019-04-11 11:00:00,18150.0,18200.0,18000.0,18050.0,28992.0
2019-04-11 12:00:00,18200.0,18550.0,18200.0,18400.0,22574.0
2019-04-11 13:00:00,18400.0,18450.0,18200.0,18250.0,16770.0
2019-04-11 14:00:00,18400.0,18450.0,18250.0,18350.0,12710.0
2019-04-11 15:00:00,18250.0,18300.0,18150.0,18150.0,11777.0
2019-04-12 09:00:00,18050.0,18500.0,17850.0,18400.0,54061.0
2019-04-12 10:00:00,18450.0,18450.0,18250.0,18350.0,29987.0
2019-04-12 11:00:00,18350.0,18650.0,18300.0,18450.0,54137.0
2019-04-12 12:00:00,18400.0,18550.0,18350.0,18350.0,17965.0
2019-04-12 13:00:00,18350.0,18400.0,18200.0,18250.0,10545.0
2019-04-12 14:00:00,18300.0,18350.0,18150.0,18200.0,11497.0
2019-04-12 15:00:00,18200.0,18300.0,18200.0,18250.0,6118.0
2019-04-15 09:00:00,17950.0,18000.0,17850.0,17900.0,27475.0
2019-04-15 10:00:00,18000.0,18050.0,17950.0,17950.0,26246.0
2019-04-15 11:00:00,17950.0,18000.0,17900.0,17950.0,8893.0
2019-04-15 12:00:00,18150.0,18200.0,17950.0,18050.0,36863.0
2019-04-15 13:00:00,18050.0,18100.0,18000.0,18050.0,14195.0
2019-04-15 14:00:00,17900.0,18050.0,17900.0,17950.0,19532.0
2019-04-15 15:00:00,18600.0,18600.0,18100.0,18200.0,33390.0
2019-04-16 09:00:00,17850.0,17900.0,17050.0,17200.0,100150.0
2019-04-16 10:00:00,17250.0,17550.0,17200.0,17450.0,26778.0
2019-04-16 11:00:00,17450.0,17450.0,17250.0,17250.0,34983.0
2019-04-16 12:00:00,17250.0,17500.0,17250.0,17450.0,17541.0
2019-04-16 13:00:00,17400.0,17550.0,17400.0,17450.0,14833.0
2019-04-16 14:00:00,17600.0,17650.0,17600.0,17600.0,7344.0
2019-04-16 15:00:00,17550.0,17650.0,17450.0,17550.0,12299.0
2019-04-17 09:00:00,17950.0,18050.0,17900.0,17950.0,11899.0
2019-04-17 10:00:00,17650.0,18200.0,17500.0,18000.0,83001.0
2019-04-17 11:00:00,18000.0,18050.0,17750.0,17800.0,21680.0
2019-04-17 12:00:00,17800.0,17850.0,17700.0,17800.0,10616.0
2019-04-17 13:00:00,17800.0,17950.0,17750.0,17850.0,8744.0
2019-04-17 14:00:00,17850.0,18000.0,17800.0,17950.0,14315.0
2019-04-17 15:00:00,17950.0,18000.0,17900.0,17950.0,16884.0
2019-04-18 09:00:00,17350.0,17550.0,17350.0,17450.0,10757.0
2019-04-18 10:00:00,17500.0,17550.0,17450.0,17450.0,15017.0
2019-04-18 11:00:00,17450.0,17550.0,17350.0,17400.0,28545.0
2019-04-18 12:00:00,17650.0,17750.0,17500.0,17550.0,16672.0
2019-04-18 13:00:00,17800.0,17850.0,17550.0,17700.0,19461.0
2019-04-18 14:00:00,17550.0,17650.0,17500.0,17500.0,6344.0
2019-04-18 15:00:00,17900.0,18000.0,17700.0,17750.0,25499.0
2019-04-19 09:00:00,17650.0,17650.0,17500.0,17550.0,13692.0
2019-04-19 10:00:00,17550.0,17650.0,17300.0,17350.0,20336.0
2019-04-19 11:00:00,17400.0,17450.0,17250.0,17300.0,17702.0
2019-04-19 12:00:00,17300.0,17400.0,17250.0,17300.0,8391.0
2019-04-19 13:00:00,17350.0,17350.0,17250.0,17300.0,12477.0
2019-04-19 14:00:00,17300.0,17400.0,17050.0,17050.0,44720.0
2019-04-19 15:00:00,17100.0,17250.0,17100.0,17200.0,13260.0
2019-04-22 09:00:00,16550.0,16650.0,16400.0,16450.0,46325.0
2019-04-22 10:00:00,16500.0,16600.0,16450.0,16550.0,38831.0
2019-04-22 11:00:00,16500.0,16750.0,16500.0,16500.0,56484.0
2019-04-22 12:00:00,17150.0,17200.0,17000.0,17050.0,28886.0
2019-04-22 13:00:00,17050.0,17200.0,17000.0,17000.0,23216.0
2019-04-22 14:00:00,17100.0,17350.0,17000.0,17150.0,32197.0
2019-04-22 15:00:00,17000.0,17000.0,16450.0,16550.0,75590.0
2019-04-23 09:00:00,16400.0,16500.0,16350.0,16400.0,19120.0
2019-04-23 10:00:00,16400.0,16500.0,16350.0,16350.0,16222.0
2019-04-23 11:00:00,16500.0,16600.0,16400.0,16400.0,16105.0
2019-04-23 12:00:00,16300.0,16450.0,16250.0,16350.0,11889.0
2019-04-23 13:00:00,16350.0,16450.0,16300.0,16400.0,10132.0
2019-04-23 14:00:00,16400.0,16650.0,16350.0,16550.0,14084.0
2019-04-23 15:00:00,16550.0,16700.0,16200.0,16300.0,53207.0
2019-04-24 09:00:00,16500.0,16700.0,16300.0,16350.0,45074.0
2019-04-24 10:00:00,16400.0,16450.0,16350.0,16350.0,18046.0
2019-04-24 11:00:00,16350.0,16400.0,16200.0,16200.0,46004.0
2019-04-24 12:00:00,16250.0,16250.0,16050.0,16150.0,32987.0
2019-04-24 13:00:00,16150.0,16250.0,16100.0,16100.0,15692.0
2019-04-24 14:00:00,16100.0,16350.0,16100.0,16100.0,14869.0
2019-04-24 15:00:00,16150.0,16250.0,16050.0,16100.0,24411.0
2019-04-25 09:00:00,16100.0,16150.0,16000.0,16100.0,10622.0
2019-04-25 10:00:00,16100.0,16100.0,15950.0,15950.0,10148.0
2019-04-25 11:00:00,16100.0,16150.0,16000.0,16100.0,13155.0
2019-04-25 12:00:00,16150.0,16150.0,16050.0,16150.0,4575.0
2019-04-25 13:00:00,16200.0,16250.0,16050.0,16100.0,17814.0
2019-04-25 14:00:00,15950.0,16300.0,15900.0,16250.0,24763.0
2019-04-25 15:00:00,16100.0,16200.0,16100.0,16150.0,11344.0
2019-04-26 09:00:00,15950.0,16000.0,15600.0,15600.0,30358.0
2019-04-26 10:00:00,15650.0,15750.0,15400.0,15550.0,38924.0
2019-04-26 11:00:00,15550.0,15650.0,15500.0,15650.0,15299.0
2019-04-26 12:00:00,15600.0,15650.0,15400.0,15450.0,20418.0
2019-04-26 13:00:00,15450.0,15550.0,15400.0,15450.0,22794.0
2019-04-26 14:00:00,15450.0,15600.0,15450.0,15550.0,15778.0
2019-04-26 15:00:00,15500.0,15600.0,15500.0,15500.0,11977.0
2019-04-29 09:00:00,16150.0,16150.0,16000.0,16150.0,10018.0
2019-04-29 10:00:00,16050.0,16250.0,16050.0,16150.0,21207.0
2019-04-29 11:00:00,16050.0,16100.0,16000.0,16000.0,3864.0
2019-04-29 12:00:00,15550.0,16200.0,15550.0,15950.0,27695.0
2019-04-29 13:00:00,15950.0,16200.0,15950.0,16000.0,17717.0
2019-04-29 14:00:00,15950.0,15950.0,15800.0,15900.0,12952.0
2019-04-29 15:00:00,15950.0,16100.0,15850.0,16050.0,4617.0
2019-04-30 09:00:00,16150.0,16300.0,16050.0,16250.0,9532.0
2019-04-30 10:00:00,16250.0,16250.0,16150.0,16250.0,6285.0
2019-04-30 11:00:00,16100.0,16200.0,16050.0,16100.0,5840.0
2019-04-30 12:00:00,16000.0,16300.0,16000.0,16300.0,7722.0
2019-04-30 13:00:00,16050.0,16150.0,16050.0,16150.0,7739.0
2019-04-30 14:00:00,16300.0,16350.0,16100.0,16100.0,11190.0
2019-04-30 15:00:00,16100.0,16150.0,16000.0,16100.0,5693.0
2019-05-02 09:00:00,16250.0,16450.0,15900.0,16450.0,22791.0
2019-05-02 10:00:00,16450.0,16500.0,16300.0,16350.0,17339.0
2019-05-02 11:00:00,16350.0,16400.0,16200.0,16250.0,11517.0
2019-05-02 12:00:00,16250.0,16400.0,16250.0,16400.0,9264.0
2019-05-02 13:00:00,16400.0,16500.0,16350.0,16500.0,10582.0
2019-05-02 14:00:00,16500.0,16500.0,16400.0,16500.0,6124.0
2019-05-02 15:00:00,16450.0,16500.0,16400.0,16450.0,5693.0
2019-05-03 09:00:00,16300.0,16400.0,16250.0,16400.0,3727.0
2019-05-03 10:00:00,16300.0,16350.0,16250.0,16300.0,3714.0
2019-05-03 11:00:00,16300.0,16400.0,16250.0,16350.0,5667.0
2019-05-03 12:00:00,16350.0,16450.0,16300.0,16400.0,6282.0
2019-05-03 13:00:00,16400.0,16450.0,16300.0,16450.0,4002.0
2019-05-03 14:00:00,16450.0,16450.0,16300.0,16300.0,6089.0
2019-05-03 15:00:00,16300.0,16650.0,16050.0,16350.0,22414.0
2019-05-07 09:00:00,16300.0,16300.0,16150.0,16200.0,6514.0
2019-05-07 10:00:00,16200.0,16300.0,16200.0,16200.0,2179.0
2019-05-07 11:00:00,16200.0,16200.0,16150.0,16150.0,2931.0
2019-05-07 12:00:00,16150.0,16150.0,16050.0,16150.0,8973.0
2019-05-07 13:00:00,16150.0,16200.0,16100.0,16200.0,6734.0
2019-05-07 14:00:00,16200.0,16200.0,16100.0,16150.0,6568.0
2019-05-07 15:00:00,16000.0,16300.0,15950.0,16300.0,9507.0
2019-05-08 09:00:00,16400.0,17000.0,16400.0,17000.0,73689.0
2019-05-08 10:00:00,16350.0,16450.0,16300.0,16400.0,18872.0
2019-05-08 11:00:00,16150.0,16400.0,16050.0,16350.0,18657.0
2019-05-08 12:00:00,16050.0,16100.0,16000.0,16100.0,3000.0
2019-05-08 13:00:00,16050.0,16100.0,16000.0,16050.0,2467.0
2019-05-08 14:00:00,15800.0,16250.0,15800.0,16100.0,18261.0
2019-05-08 15:00:00,16100.0,16150.0,16050.0,16150.0,6774.0
2019-05-09 09:00:00,16550.0,16750.0,16100.0,16350.0,43899.0
2019-05-09 10:00:00,16400.0,16400.0,16100.0,16150.0,25133.0
2019-05-09 11:00:00,16400.0,16600.0,16250.0,16550.0,32780.0
2019-05-09 12:00:00,17050.0,17200.0,16600.0,16800.0,115489.0
2019-05-09 13:00:00,16800.0,16800.0,16400.0,16500.0,43332.0
2019-05-09 14:00:00,17050.0,18750.0,16700.0,17100.0,649996.0
2019-05-09 15:00:00,16550.0,16900.0,16450.0,16450.0,21938.0
2019-05-10 09:00:00,16350.0,17550.0,16300.0,17550.0,241792.0
2019-05-10 10:00:00,17550.0,17550.0,16400.0,16850.0,228509.0
2019-05-10 11:00:00,16950.0,17100.0,16650.0,16700.0,56125.0
2019-05-10 12:00:00,16700.0,16750.0,16450.0,16550.0,47544.0
2019-05-10 13:00:00,16550.0,16600.0,16100.0,16300.0,61131.0
2019-05-10 14:00:00,16300.0,16650.0,16150.0,16600.0,30369.0
2019-05-10 15:00:00,16600.0,17050.0,16600.0,17050.0,61287.0
2019-05-13 09:00:00,16100.0,16250.0,16000.0,16000.0,30872.0
2019-05-13 10:00:00,16150.0,16250.0,15950.0,16000.0,41842.0
2019-05-13 11:00:00,15950.0,16150.0,15950.0,16050.0,33496.0
2019-05-13 12:00:00,16600.0,16600.0,15950.0,16150.0,88076.0
2019-05-13 13:00:00,16600.0,16750.0,16500.0,16550.0,23005.0
2019-05-13 14:00:00,17250.0,17450.0,16450.0,16600.0,100547.0
2019-05-13 15:00:00,16200.0,16250.0,16050.0,16150.0,25989.0
2019-05-14 09:00:00,15300.0,15950.0,15300.0,15800.0,63105.0
2019-05-14 10:00:00,15800.0,15800.0,15500.0,15700.0,29173.0
2019-05-14 11:00:00,15700.0,15850.0,15550.0,15600.0,29467.0
2019-05-14 12:00:00,15550.0,15750.0,15550.0,15550.0,21133.0
2019-05-14 13:00:00,15550.0,15650.0,15450.0,15450.0,46845.0
2019-05-14 14:00:00,15450.0,15550.0,15100.0,15150.0,71903.0
2019-05-14 15:00:00,15200.0,15250.0,14850.0,15100.0,64511.0
2019-05-15 09:00:00,15450.0,15500.0,15400.0,15450.0,12736.0
2019-05-15 10:00:00,15400.0,15700.0,15400.0,15500.0,25921.0
2019-05-15 11:00:00,15400.0,15500.0,15400.0,15400.0,9247.0
2019-05-15 12:00:00,14900.0,15650.0,14900.0,15550.0,75359.0
2019-05-15 13:00:00,15600.0,15700.0,15400.0,15400.0,14661.0
2019-05-15 14:00:00,15550.0,15750.0,15400.0,15600.0,34898.0
2019-05-15 15:00:00,15400.0,15500.0,15350.0,15400.0,7193.0
2019-05-16 09:00:00,15200.0,15250.0,15000.0,15000.0,22818.0
2019-05-16 10:00:00,15050.0,15200.0,15000.0,15100.0,6608.0
2019-05-16 11:00:00,15450.0,15450.0,15150.0,15150.0,13018.0
2019-05-16 12:00:00,15400.0,15700.0,15400.0,15550.0,25749.0
2019-05-16 13:00:00,15500.0,15550.0,15400.0,15500.0,9241.0
2019-05-16 14:00:00,15500.0,15550.0,15300.0,15450.0,17018.0
2019-05-16 15:00:00,15450.0,15550.0,15400.0,15500.0,5563.0
2019-05-17 09:00:00,15200.0,15800.0,15200.0,15550.0,32982.0
2019-05-17 10:00:00,15600.0,15650.0,15400.0,15500.0,7459.0
2019-05-17 11:00:00,15500.0,15550.0,15300.0,15450.0,6003.0
2019-05-17 12:00:00,15450.0,15500.0,15250.0,15300.0,5425.0
2019-05-17 13:00:00,15300.0,15350.0,15100.0,15150.0,9988.0
2019-05-17 14:00:00,15200.0,15250.0,15050.0,15100.0,9489.0
2019-05-17 15:00:00,15100.0,15200.0,15050.0,15150.0,3706.0
2019-05-20 09:00:00,15250.0,15300.0,15150.0,15150.0,7889.0
2019-05-20 10:00:00,15250.0,15300.0,15050.0,15250.0,22778.0
2019-05-20 11:00:00,15300.0,15300.0,15200.0,15250.0,5691.0
2019-05-20 12:00:00,15200.0,15350.0,15150.0,15200.0,10766.0
2019-05-20 13:00:00,15200.0,15300.0,15050.0,15150.0,17607.0
2019-05-20 14:00:00,15200.0,15300.0,15200.0,15300.0,3928.0
2019-05-20 15:00:00,15150.0,15600.0,15050.0,15200.0,26991.0
2019-05-21 09:00:00,15200.0,15300.0,15000.0,15250.0,19446.0
2019-05-21 10:00:00,15200.0,15200.0,15050.0,15100.0,2786.0
2019-05-21 11:00:00,15150.0,15250.0,15100.0,15150.0,5748.0
2019-05-21 12:00:00,15200.0,15300.0,15100.0,15100.0,8803.0
2019-05-21 13:00:00,15150.0,15250.0,14950.0,15000.0,25128.0
2019-05-21 14:00:00,15000.0,15000.0,14900.0,14900.0,12136.0
2019-05-21 15:00:00,15000.0,15400.0,15000.0,15250.0,22557.0
2019-05-22 09:00:00,14200.0,14350.0,14050.0,14200.0,37985.0
2019-05-22 10:00:00,14550.0,14600.0,14200.0,14200.0,51899.0
2019-05-22 11:00:00,14650.0,14700.0,14500.0,14600.0,12579.0
2019-05-22 12:00:00,14650.0,14700.0,14500.0,14550.0,15945.0
2019-05-22 13:00:00,14700.0,14750.0,14550.0,14700.0,18393.0
2019-05-22 14:00:00,15000.0,15100.0,14550.0,14650.0,45897.0
2019-05-22 15:00:00,14550.0,14650.0,14500.0,14600.0,4987.0
2019-05-23 09:00:00,14500.0,14600.0,14150.0,14150.0,22273.0
2019-05-23 10:00:00,14550.0,14600.0,14350.0,14550.0,14020.0
2019-05-23 11:00:00,14300.0,14650.0,14300.0,14550.0,17422.0
2019-05-23 12:00:00,14150.0,14400.0,14100.0,14250.0,18029.0
2019-05-23 13:00:00,13900.0,14150.0,13800.0,14150.0,24950.0
2019-05-23 14:00:00,14100.0,14300.0,13850.0,13850.0,41081.0
2019-05-23 15:00:00,14250.0,14400.0,14200.0,14300.0,8376.0
2019-05-24 09:00:00,14100.0,14500.0,14100.0,14300.0,35428.0
2019-05-24 10:00:00,14350.0,14600.0,14250.0,14500.0,20168.0
2019-05-24 11:00:00,14500.0,14600.0,14200.0,14300.0,12043.0
2019-05-24 12:00:00,14300.0,14400.0,14100.0,14250.0,15729.0
2019-05-24 13:00:00,14300.0,14350.0,14100.0,14200.0,10068.0
2019-05-24 14:00:00,14200.0,14250.0,14150.0,14200.0,8622.0
2019-05-24 15:00:00,14200.0,14200.0,14100.0,14100.0,9234.0
2019-05-27 09:00:00,14200.0,14350.0,14200.0,14350.0,9603.0
2019-05-27 10:00:00,14250.0,14350.0,14200.0,14250.0,5559.0
2019-05-27 11:00:00,14400.0,14450.0,14200.0,14200.0,17134.0
2019-05-27 12:00:00,14350.0,14500.0,14250.0,14250.0,9955.0
2019-05-27 13:00:00,14400.0,14500.0,14300.0,14350.0,7258.0
2019-05-27 14:00:00,14250.0,14400.0,14200.0,14400.0,10400.0
2019-05-27 15:00:00,14100.0,14600.0,14100.0,14400.0,30881.0
2019-05-28 09:00:00,14400.0,14450.0,14200.0,14250.0,3742.0
2019-05-28 10:00:00,14300.0,14400.0,14250.0,14350.0,2543.0
2019-05-28 11:00:00,14350.0,14350.0,14250.0,14300.0,2672.0
2019-05-28 12:00:00,14250.0,14350.0,14250.0,14300.0,4447.0
2019-05-28 13:00:00,14300.0,14450.0,14250.0,14350.0,5860.0
2019-05-28 14:00:00,14350.0,14400.0,14300.0,14350.0,8005.0
2019-05-28 15:00:00,14400.0,14550.0,14250.0,14350.0,9062.0
2019-05-29 09:00:00,14000.0,14050.0,13950.0,14000.0,11226.0
2019-05-29 10:00:00,13950.0,14050.0,13900.0,13900.0,10637.0
2019-05-29 11:00:00,14000.0,14050.0,13900.0,14000.0,18888.0
2019-05-29 12:00:00,14050.0,14250.0,13900.0,14000.0,18625.0
2019-05-29 13:00:00,14200.0,14300.0,13850.0,14050.0,36172.0
2019-05-29 14:00:00,13950.0,14050.0,13900.0,13950.0,10848.0
2019-05-29 15:00:00,13900.0,14000.0,13900.0,13950.0,6228.0
2019-05-30 09:00:00,13900.0,14600.0,13900.0,14200.0,49051.0
2019-05-30 10:00:00,14200.0,14550.0,14200.0,14400.0,23427.0
2019-05-30 11:00:00,14350.0,14450.0,14150.0,14450.0,15741.0
2019-05-30 12:00:00,14300.0,14450.0,14250.0,14350.0,3612.0
2019-05-30 13:00:00,14350.0,14400.0,14200.0,14250.0,3231.0
2019-05-30 14:00:00,14300.0,14350.0,14200.0,14200.0,4758.0
2019-05-30 15:00:00,14250.0,14300.0,14200.0,14250.0,4116.0
2019-05-31 09:00:00,14450.0,14500.0,14400.0,14450.0,4761.0
2019-05-31 10:00:00,14450.0,14500.0,14350.0,14400.0,3990.0
2019-05-31 11:00:00,14400.0,14600.0,14400.0,14450.0,8926.0
2019-05-31 12:00:00,14450.0,14450.0,14350.0,14450.0,4188.0
2019-05-31 13:00:00,14500.0,14600.0,14300.0,14550.0,10677.0
2019-05-31 14:00:00,14500.0,14650.0,14250.0,14550.0,14345.0
2019-05-31 15:00:00,14550.0,14600.0,14400.0,14450.0,3260.0
2019-06-03 09:00:00,14400.0,14650.0,14150.0,14550.0,21795.0
2019-06-03 10:00:00,14600.0,14650.0,14500.0,14600.0,10755.0
2019-06-03 11:00:00,14650.0,14850.0,14600.0,14700.0,18707.0
2019-06-03 12:00:00,14650.0,14750.0,14550.0,14600.0,3849.0
2019-06-03 13:00:00,14550.0,14800.0,14500.0,14750.0,17059.0
2019-06-03 14:00:00,14800.0,14800.0,14600.0,14600.0,14637.0
2019-06-03 15:00:00,14600.0,14700.0,14600.0,14650.0,2967.0
2019-06-04 09:00:00,16450.0,16700.0,16450.0,16600.0,86530.0
2019-06-04 10:00:00,16300.0,16450.0,16200.0,16450.0,53387.0
2019-06-04 11:00:00,16350.0,16350.0,16200.0,16300.0,32803.0
2019-06-04 12:00:00,14850.0,15800.0,14850.0,15750.0,120637.0
2019-06-04 13:00:00,15950.0,16350.0,15800.0,16150.0,88864.0
2019-06-04 14:00:00,15750.0,16300.0,15650.0,15900.0,189047.0
2019-06-04 15:00:00,16100.0,16400.0,16100.0,16350.0,53288.0
2019-06-05 09:00:00,16500.0,16600.0,16450.0,16450.0,13330.0
2019-06-05 10:00:00,16450.0,16450.0,16350.0,16350.0,15711.0
2019-06-05 11:00:00,16700.0,16700.0,16400.0,16550.0,14041.0
2019-06-05 12:00:00,16750.0,17050.0,16400.0,16550.0,105507.0
2019-06-05 13:00:00,16600.0,16700.0,16500.0,16700.0,17018.0
2019-06-05 14:00:00,16550.0,16700.0,16500.0,16600.0,23272.0
2019-06-05 15:00:00,16700.0,16700.0,16550.0,16700.0,9289.0
2019-06-07 09:00:00,16350.0,17250.0,16300.0,17150.0,105595.0
2019-06-07 10:00:00,17150.0,17150.0,16800.0,16950.0,42343.0
2019-06-07 11:00:00,17000.0,17000.0,16700.0,16800.0,22344.0
2019-06-07 12:00:00,16700.0,16850.0,16700.0,16800.0,5500.0
2019-06-07 13:00:00,16750.0,16950.0,16600.0,16900.0,27151.0
2019-06-07 14:00:00,16900.0,17450.0,16650.0,17300.0,83215.0
2019-06-07 15:00:00,17300.0,17400.0,17050.0,17350.0,25727.0
2019-06-10 09:00:00,16450.0,16550.0,16300.0,16450.0,61829.0
2019-06-10 10:00:00,16400.0,16550.0,16400.0,16500.0,17126.0
2019-06-10 11:00:00,16500.0,16800.0,16350.0,16500.0,52976.0
2019-06-10 12:00:00,16600.0,16600.0,16450.0,16550.0,51402.0
2019-06-10 13:00:00,16950.0,17050.0,16450.0,16600.0,67022.0
2019-06-10 14:00:00,17200.0,17300.0,16850.0,17000.0,38988.0
2019-06-10 15:00:00,17450.0,17550.0,17150.0,17200.0,61308.0
2019-06-11 09:00:00,16500.0,16900.0,16250.0,16800.0,70097.0
2019-06-11 10:00:00,16800.0,16800.0,16400.0,16550.0,31874.0
2019-06-11 11:00:00,16550.0,16600.0,16450.0,16500.0,5504.0
2019-06-11 12:00:00,16550.0,16550.0,16350.0,16500.0,11445.0
2019-06-11 13:00:00,16500.0,16650.0,16500.0,16550.0,10002.0
2019-06-11 14:00:00,16550.0,16600.0,16400.0,16500.0,20849.0
2019-06-11 15:00:00,16500.0,16550.0,16400.0,16500.0,13444.0
2019-06-12 09:00:00,16200.0,16200.0,16050.0,16150.0,7593.0
2019-06-12 10:00:00,16150.0,16250.0,16100.0,16200.0,8499.0
2019-06-12 11:00:00,16100.0,16200.0,16050.0,16100.0,8382.0
2019-06-12 12:00:00,16300.0,16550.0,16100.0,16250.0,32749.0
2019-06-12 13:00:00,16200.0,16250.0,16050.0,16150.0,8878.0
2019-06-12 14:00:00,16300.0,16350.0,16150.0,16250.0,15483.0
2019-06-12 15:00:00,16150.0,16200.0,16000.0,16200.0,10449.0
2019-06-13 09:00:00,16650.0,16700.0,16500.0,16650.0,10046.0
2019-06-13 10:00:00,16650.0,16650.0,16550.0,16550.0,7348.0
2019-06-13 11:00:00,16500.0,16650.0,16450.0,16650.0,9691.0
2019-06-13 12:00:00,16150.0,17000.0,16150.0,16850.0,108428.0
2019-06-13 13:00:00,16450.0,16600.0,16450.0,16500.0,13462.0
2019-06-13 14:00:00,16850.0,16900.0,16400.0,16450.0,24346.0
2019-06-13 15:00:00,16500.0,16550.0,16450.0,16500.0,10498.0
2019-06-14 09:00:00,16650.0,16650.0,16250.0,16400.0,12258.0
2019-06-14 10:00:00,16350.0,16500.0,16300.0,16300.0,7723.0
2019-06-14 11:00:00,16350.0,16400.0,16250.0,16350.0,4367.0
2019-06-14 12:00:00,16300.0,16400.0,16250.0,16350.0,5800.0
2019-06-14 13:00:00,16350.0,16400.0,16200.0,16350.0,10967.0
2019-06-14 14:00:00,16300.0,16400.0,16000.0,16350.0,31813.0
2019-06-14 15:00:00,16300.0,16400.0,16250.0,16400.0,5175.0
2019-06-17 09:00:00,16150.0,16200.0,16050.0,16050.0,9145.0
2019-06-17 10:00:00,16200.0,16250.0,16150.0,16200.0,5110.0
2019-06-17 11:00:00,16200.0,16250.0,16150.0,16200.0,4749.0
2019-06-17 12:00:00,16350.0,16450.0,16050.0,16200.0,15369.0
2019-06-17 13:00:00,16200.0,16300.0,16100.0,16200.0,7564.0
2019-06-17 14:00:00,16200.0,16250.0,16150.0,16150.0,3461.0
2019-06-17 15:00:00,16250.0,16400.0,16200.0,16250.0,6887.0
2019-06-18 09:00:00,16050.0,16350.0,16050.0,16150.0,19058.0
2019-06-18 10:00:00,16200.0,16350.0,16050.0,16200.0,12682.0
2019-06-18 11:00:00,16200.0,16400.0,16150.0,16400.0,12991.0
2019-06-18 12:00:00,16400.0,16600.0,16400.0,16450.0,17464.0
2019-06-18 13:00:00,16450.0,16450.0,16200.0,16350.0,13823.0
2019-06-18 14:00:00,16350.0,16400.0,16200.0,16300.0,10816.0
2019-06-18 15:00:00,16300.0,16350.0,16150.0,16200.0,9582.0
2019-06-19 09:00:00,16150.0,16200.0,16150.0,16150.0,4305.0
2019-06-19 10:00:00,16250.0,16250.0,16100.0,16150.0,7227.0
2019-06-19 11:00:00,16250.0,16250.0,16100.0,16250.0,10233.0
2019-06-19 12:00:00,16150.0,16350.0,16150.0,16250.0,7734.0
2019-06-19 13:00:00,16300.0,16300.0,16100.0,16100.0,16983.0
2019-06-19 14:00:00,16500.0,16550.0,16100.0,16200.0,18445.0
2019-06-19 15:00:00,16200.0,16250.0,16100.0,16250.0,8781.0
2019-06-20 09:00:00,16400.0,16400.0,16350.0,16350.0,4549.0
2019-06-20 10:00:00,16400.0,16500.0,16300.0,16450.0,10832.0
2019-06-20 11:00:00,16400.0,16400.0,16300.0,16400.0,5578.0
2019-06-20 12:00:00,16300.0,16400.0,16200.0,16350.0,10537.0
2019-06-20 13:00:00,16350.0,16450.0,16300.0,16450.0,10879.0
2019-06-20 14:00:00,16450.0,16500.0,16350.0,16400.0,6436.0
2019-06-20 15:00:00,16050.0,16300.0,16050.0,16300.0,11524.0
2019-06-21 09:00:00,16450.0,16500.0,16150.0,16200.0,12944.0
2019-06-21 10:00:00,16200.0,16250.0,16100.0,16150.0,16298.0
2019-06-21 11:00:00,16100.0,16250.0,16100.0,16150.0,2325.0
2019-06-21 12:00:00,16150.0,16200.0,16050.0,16100.0,6842.0
2019-06-21 13:00:00,16100.0,16200.0,16050.0,16100.0,14249.0
2019-06-21 14:00:00,16100.0,16150.0,15950.0,16100.0,30955.0
2019-06-21 15:00:00,16100.0,16100.0,16000.0,16100.0,15646.0
2019-06-24 09:00:00,15900.0,15950.0,15800.0,15800.0,6660.0
2019-06-24 10:00:00,15900.0,15900.0,15800.0,15800.0,9186.0
2019-06-24 11:00:00,15800.0,15950.0,15800.0,15900.0,2582.0
2019-06-24 12:00:00,15950.0,16000.0,15850.0,16000.0,4589.0
2019-06-24 13:00:00,15800.0,16000.0,15800.0,15850.0,6980.0
2019-06-24 14:00:00,15900.0,16000.0,15900.0,15950.0,3425.0
2019-06-24 15:00:00,16100.0,16200.0,15750.0,15800.0,17035.0
2019-06-25 09:00:00,15850.0,16350.0,15850.0,16050.0,33634.0
2019-06-25 10:00:00,16100.0,16150.0,16000.0,16150.0,3594.0
2019-06-25 11:00:00,16150.0,16250.0,16100.0,16250.0,12011.0
2019-06-25 12:00:00,16250.0,16250.0,16100.0,16150.0,8606.0
2019-06-25 13:00:00,16100.0,16150.0,15700.0,15850.0,17678.0
2019-06-25 14:00:00,15900.0,16000.0,15800.0,15900.0,5311.0
2019-06-25 15:00:00,15850.0,16000.0,15850.0,15950.0,3970.0
2019-06-26 09:00:00,15850.0,15900.0,15650.0,15750.0,13130.0
2019-06-26 10:00:00,15950.0,15950.0,15800.0,15850.0,5448.0
2019-06-26 11:00:00,15750.0,15750.0,15550.0,15700.0,11228.0
2019-06-26 12:00:00,15950.0,16000.0,15850.0,15950.0,5218.0
2019-06-26 13:00:00,16100.0,16150.0,15900.0,15950.0,4322.0
2019-06-26 14:00:00,15900.0,16150.0,15800.0,16100.0,9563.0
2019-06-26 15:00:00,15950.0,15950.0,15900.0,15950.0,3091.0
2019-06-27 09:00:00,15250.0,15400.0,15100.0,15200.0,13238.0
2019-06-27 10:00:00,15500.0,15650.0,15500.0,15600.0,5089.0
2019-06-27 11:00:00,15550.0,15550.0,15250.0,15250.0,16654.0
2019-06-27 12:00:00,15650.0,15650.0,15550.0,15600.0,5942.0
2019-06-27 13:00:00,15700.0,15750.0,15600.0,15650.0,5636.0
2019-06-27 14:00:00,15650.0,15650.0,15350.0,15450.0,17480.0
2019-06-27 15:00:00,15600.0,15750.0,15400.0,15700.0,17517.0
2019-06-28 09:00:00,16650.0,16700.0,16550.0,16650.0,29597.0
2019-06-28 10:00:00,15350.0,16000.0,15100.0,15950.0,41016.0
2019-06-28 11:00:00,15950.0,15950.0,15500.0,15750.0,22117.0
2019-06-28 12:00:00,15750.0,15850.0,15500.0,15700.0,6250.0
2019-06-28 13:00:00,15700.0,15950.0,15600.0,15950.0,11917.0
2019-06-28 14:00:00,15950.0,16900.0,15900.0,16800.0,169912.0
2019-06-28 15:00:00,16850.0,16900.0,16450.0,16650.0,62174.0
2019-07-01 09:00:00,17000.0,17000.0,16800.0,16950.0,22411.0
2019-07-01 10:00:00,16950.0,17050.0,16900.0,17050.0,30686.0
2019-07-01 11:00:00,16850.0,17000.0,16800.0,16950.0,23540.0
2019-07-01 12:00:00,16700.0,17200.0,16500.0,16950.0,102160.0
2019-07-01 13:00:00,16650.0,16850.0,16600.0,16650.0,17443.0
2019-07-01 14:00:00,16950.0,16950.0,16450.0,16650.0,45831.0
2019-07-01 15:00:00,16650.0,16900.0,16550.0,16850.0,16796.0
2019-07-02 09:00:00,17050.0,17050.0,16700.0,16850.0,42231.0
2019-07-02 10:00:00,16800.0,16800.0,16650.0,16800.0,25870.0
2019-07-02 11:00:00,16750.0,16800.0,16650.0,16750.0,8544.0
2019-07-02 12:00:00,16750.0,16750.0,16650.0,16700.0,10813.0
2019-07-02 13:00:00,16700.0,16700.0,16600.0,16650.0,9617.0
2019-07-02 14:00:00,16650.0,16650.0,16500.0,16650.0,18872.0
2019-07-02 15:00:00,16600.0,16850.0,16600.0,16800.0,10888.0
2019-07-03 09:00:00,16900.0,16900.0,16800.0,16850.0,12186.0
2019-07-03 10:00:00,16900.0,17000.0,16850.0,16900.0,12308.0
2019-07-03 11:00:00,17000.0,17050.0,16850.0,16900.0,28087.0
2019-07-03 12:00:00,16850.0,17400.0,16750.0,17100.0,97009.0
2019-07-03 13:00:00,17100.0,17100.0,17000.0,17050.0,8113.0
2019-07-03 14:00:00,17100.0,17150.0,17000.0,17100.0,24134.0
2019-07-03 15:00:00,17000.0,17050.0,16950.0,17000.0,9345.0
2019-07-04 09:00:00,17700.0,18050.0,17650.0,17950.0,126479.0
2019-07-04 10:00:00,18000.0,18050.0,17800.0,18050.0,68094.0
2019-07-04 11:00:00,17800.0,17850.0,17700.0,17700.0,42561.0
2019-07-04 12:00:00,17150.0,17500.0,17050.0,17200.0,83019.0
2019-07-04 13:00:00,17550.0,17800.0,17450.0,17600.0,53809.0
2019-07-04 14:00:00,17250.0,17900.0,17200.0,17550.0,281333.0
2019-07-04 15:00:00,17600.0,17800.0,17600.0,17800.0,43350.0
2019-07-05 09:00:00,17800.0,18400.0,17650.0,17950.0,181216.0
2019-07-05 10:00:00,17950.0,18100.0,17550.0,17700.0,77471.0
2019-07-05 11:00:00,17700.0,17950.0,17600.0,17900.0,24763.0
2019-07-05 12:00:00,17900.0,17900.0,17700.0,17750.0,27383.0
2019-07-05 13:00:00,17750.0,17900.0,17650.0,17800.0,19746.0
2019-07-05 14:00:00,17850.0,17850.0,17700.0,17750.0,29751.0
2019-07-05 15:00:00,17700.0,17800.0,17550.0,17700.0,44984.0
2019-07-08 09:00:00,17650.0,17750.0,17550.0,17700.0,21868.0
2019-07-08 10:00:00,17950.0,18000.0,17450.0,17650.0,50030.0
2019-07-08 11:00:00,17800.0,18150.0,17800.0,17950.0,72246.0
2019-07-08 12:00:00,17700.0,17800.0,17100.0,17650.0,81879.0
2019-07-08 13:00:00,17600.0,17700.0,17400.0,17650.0,34395.0
2019-07-08 14:00:00,17600.0,17800.0,17400.0,17600.0,68036.0
2019-07-08 15:00:00,17650.0,17950.0,17600.0,17850.0,51983.0
2019-07-09 09:00:00,17900.0,18450.0,17800.0,18150.0,181195.0
2019-07-09 10:00:00,18100.0,18150.0,17150.0,17800.0,142299.0
2019-07-09 11:00:00,17750.0,18000.0,17700.0,17900.0,28346.0
2019-07-09 12:00:00,17900.0,18050.0,17850.0,18000.0,29959.0
2019-07-09 13:00:00,18000.0,18100.0,17900.0,18100.0,50928.0
2019-07-09 14:00:00,18100.0,18100.0,17850.0,17950.0,31170.0
2019-07-09 15:00:00,17950.0,17950.0,17650.0,17650.0,30743.0
2019-07-10 09:00:00,18150.0,18200.0,18100.0,18200.0,18763.0
2019-07-10 10:00:00,17950.0,18200.0,17900.0,18150.0,44262.0
2019-07-10 11:00:00,18150.0,18200.0,18000.0,18100.0,26251.0
2019-07-10 12:00:00,17950.0,17950.0,17750.0,17950.0,16821.0
2019-07-10 13:00:00,18050.0,18150.0,17800.0,17950.0,27916.0
2019-07-10 14:00:00,17850.0,18100.0,17550.0,18050.0,55848.0
2019-07-10 15:00:00,17950.0,18100.0,17900.0,17950.0,24123.0
2019-07-11 09:00:00,20150.0,20300.0,20000.0,20300.0,103776.0
2019-07-11 10:00:00,19550.0,20000.0,19500.0,19850.0,142460.0
2019-07-11 11:00:00,19850.0,20200.0,19750.0,20150.0,166195.0
2019-07-11 12:00:00,19300.0,20100.0,19300.0,19700.0,323618.0
2019-07-11 13:00:00,18750.0,19400.0,18700.0,19300.0,229084.0
2019-07-11 14:00:00,19700.0,19900.0,19300.0,19550.0,108117.0
2019-07-11 15:00:00,18300.0,18900.0,17850.0,18750.0,184973.0
2019-07-12 09:00:00,20650.0,20850.0,20550.0,20800.0,29404.0
2019-07-12 10:00:00,20700.0,21400.0,20150.0,21050.0,341647.0
2019-07-12 11:00:00,21000.0,21750.0,21000.0,21350.0,208120.0
2019-07-12 12:00:00,21350.0,21400.0,20850.0,21000.0,72086.0
2019-07-12 13:00:00,21050.0,21100.0,20550.0,20800.0,55710.0
2019-07-12 14:00:00,20800.0,20850.0,20450.0,20450.0,45322.0
2019-07-12 15:00:00,20450.0,20650.0,20150.0,20650.0,94975.0
2019-07-15 09:00:00,21500.0,21550.0,21250.0,21400.0,41662.0
2019-07-15 10:00:00,21400.0,21600.0,21300.0,21550.0,38023.0
2019-07-15 11:00:00,21850.0,21850.0,21300.0,21450.0,41059.0
2019-07-15 12:00:00,21000.0,22000.0,20950.0,21800.0,235830.0
2019-07-15 13:00:00,21650.0,21950.0,21650.0,21800.0,51575.0
2019-07-15 14:00:00,21850.0,22100.0,21200.0,21700.0,146166.0
2019-07-15 15:00:00,21850.0,21850.0,21500.0,21800.0,37509.0
2019-07-16 09:00:00,22400.0,24550.0,22300.0,22750.0,657438.0
2019-07-16 10:00:00,22700.0,22850.0,22100.0,22800.0,103505.0
2019-07-16 11:00:00,22800.0,23400.0,22700.0,23100.0,101945.0
2019-07-16 12:00:00,23100.0,23350.0,23000.0,23300.0,49733.0
2019-07-16 13:00:00,23300.0,23500.0,22800.0,22850.0,80724.0
2019-07-16 14:00:00,22900.0,23300.0,22400.0,22900.0,108863.0
2019-07-16 15:00:00,22900.0,23050.0,22700.0,23050.0,49001.0
2019-07-17 09:00:00,22250.0,22300.0,22000.0,22250.0,25195.0
2019-07-17 10:00:00,22250.0,22350.0,21700.0,22250.0,62770.0
2019-07-17 11:00:00,22450.0,22500.0,21700.0,22100.0,119153.0
2019-07-17 12:00:00,22850.0,23300.0,22100.0,22500.0,201157.0
2019-07-17 13:00:00,22550.0,22900.0,22400.0,22450.0,36345.0
2019-07-17 14:00:00,22550.0,22650.0,22250.0,22600.0,45361.0
2019-07-17 15:00:00,22500.0,22750.0,22400.0,22450.0,12845.0
2019-07-18 09:00:00,22600.0,22700.0,22050.0,22350.0,52496.0
2019-07-18 10:00:00,22350.0,22350.0,21900.0,22000.0,64985.0
2019-07-18 11:00:00,22750.0,22750.0,22450.0,22600.0,43194.0
2019-07-18 12:00:00,22050.0,22850.0,21800.0,22500.0,112569.0
2019-07-18 13:00:00,23000.0,23050.0,22550.0,22850.0,46485.0
2019-07-18 14:00:00,22500.0,23200.0,22400.0,23000.0,132344.0
2019-07-18 15:00:00,22900.0,22900.0,22650.0,22750.0,23439.0
2019-07-19 09:00:00,22350.0,23850.0,22250.0,23600.0,476075.0
2019-07-19 10:00:00,23650.0,24400.0,22950.0,23200.0,377514.0
2019-07-19 11:00:00,23150.0,23600.0,23150.0,23600.0,56028.0
2019-07-19 12:00:00,23600.0,23700.0,23200.0,23200.0,58563.0
2019-07-19 13:00:00,23200.0,23500.0,23000.0,23450.0,57935.0
2019-07-19 14:00:00,23450.0,23450.0,22650.0,22900.0,76218.0
2019-07-19 15:00:00,22950.0,23200.0,22850.0,23150.0,47444.0
2019-07-22 09:00:00,22250.0,22650.0,22100.0,22500.0,51957.0
2019-07-22 10:00:00,22500.0,22500.0,22050.0,22350.0,48631.0
2019-07-22 11:00:00,22550.0,22700.0,22000.0,22250.0,78808.0
2019-07-22 12:00:00,22850.0,22900.0,22400.0,22600.0,84244.0
2019-07-22 13:00:00,22550.0,22650.0,22500.0,22550.0,14699.0
2019-07-22 14:00:00,22650.0,23050.0,22550.0,22550.0,41080.0
2019-07-22 15:00:00,22550.0,22850.0,22500.0,22550.0,19522.0
2019-07-23 09:00:00,22150.0,22800.0,21300.0,21350.0,250311.0
2019-07-23 10:00:00,21350.0,21600.0,21200.0,21450.0,118357.0
2019-07-23 11:00:00,21400.0,21450.0,20950.0,21050.0,110057.0
2019-07-23 12:00:00,21100.0,21350.0,21000.0,21200.0,43156.0
2019-07-23 13:00:00,21200.0,21250.0,20750.0,20950.0,71669.0
2019-07-23 14:00:00,20900.0,21200.0,20800.0,21100.0,67063.0
2019-07-23 15:00:00,21100.0,21150.0,20950.0,21050.0,42836.0
2019-07-24 09:00:00,20550.0,20800.0,20450.0,20600.0,27220.0
2019-07-24 10:00:00,20700.0,20800.0,20400.0,20450.0,53376.0
2019-07-24 11:00:00,20650.0,20800.0,20550.0,20750.0,35403.0
2019-07-24 12:00:00,21050.0,21050.0,20550.0,20700.0,43851.0
2019-07-24 13:00:00,21150.0,21250.0,21000.0,21000.0,28318.0
2019-07-24 14:00:00,21200.0,21550.0,20750.0,21150.0,111631.0
2019-07-24 15:00:00,20700.0,20750.0,20400.0,20650.0,60325.0
2019-07-25 09:00:00,20500.0,20950.0,20150.0,20400.0,155816.0
2019-07-25 10:00:00,20400.0,20550.0,19900.0,20250.0,75461.0
2019-07-25 11:00:00,20250.0,20300.0,19950.0,20000.0,81152.0
2019-07-25 12:00:00,20000.0,20350.0,19850.0,20200.0,48477.0
2019-07-25 13:00:00,20200.0,20550.0,20200.0,20350.0,45060.0
2019-07-25 14:00:00,20350.0,20650.0,20300.0,20400.0,45057.0
2019-07-25 15:00:00,20350.0,20500.0,20300.0,20400.0,36648.0
2019-07-26 09:00:00,20300.0,20400.0,20150.0,20300.0,23933.0
2019-07-26 10:00:00,20150.0,20300.0,19950.0,20250.0,38952.0
2019-07-26 11:00:00,20200.0,20400.0,20050.0,20150.0,35756.0
2019-07-26 12:00:00,20050.0,20350.0,19950.0,20250.0,38117.0
2019-07-26 13:00:00,20200.0,20300.0,20050.0,20150.0,15858.0
2019-07-26 14:00:00,20500.0,20950.0,20000.0,20050.0,98639.0
2019-07-26 15:00:00,20150.0,20250.0,20000.0,20200.0,22279.0
2019-07-29 09:00:00,20050.0,20200.0,18300.0,18500.0,316610.0
2019-07-29 10:00:00,18500.0,18750.0,18100.0,18600.0,148168.0
2019-07-29 11:00:00,18650.0,18750.0,18500.0,18700.0,24987.0
2019-07-29 12:00:00,18750.0,18850.0,18350.0,18700.0,46115.0
2019-07-29 13:00:00,18700.0,18800.0,18500.0,18750.0,34433.0
2019-07-29 14:00:00,18750.0,18800.0,18500.0,18500.0,45540.0
2019-07-29 15:00:00,18500.0,18500.0,18300.0,18400.0,62829.0
2019-07-30 09:00:00,19000.0,19100.0,18900.0,19100.0,17440.0
2019-07-30 10:00:00,19150.0,19200.0,18800.0,18900.0,37992.0
2019-07-30 11:00:00,19250.0,19300.0,19000.0,19150.0,24230.0
2019-07-30 12:00:00,18350.0,19550.0,18350.0,19450.0,294411.0
2019-07-30 13:00:00,19250.0,19500.0,19150.0,19250.0,21590.0
2019-07-30 14:00:00,19450.0,19600.0,19150.0,19250.0,87080.0
2019-07-30 15:00:00,19250.0,19450.0,19200.0,19250.0,14911.0
2019-07-31 09:00:00,19150.0,19300.0,18900.0,19100.0,39473.0
2019-07-31 10:00:00,19100.0,19200.0,18850.0,18850.0,32255.0
2019-07-31 11:00:00,18900.0,19550.0,18850.0,19100.0,91152.0
2019-07-31 12:00:00,19050.0,19050.0,18200.0,18450.0,106040.0
2019-07-31 13:00:00,18350.0,18800.0,18350.0,18700.0,21576.0
2019-07-31 14:00:00,18350.0,18500.0,18000.0,18300.0,102347.0
2019-07-31 15:00:00,18700.0,19000.0,18650.0,18950.0,22789.0
2019-08-01 09:00:00,18800.0,19150.0,18500.0,18650.0,56169.0
2019-08-01 10:00:00,18600.0,19150.0,18500.0,18800.0,27153.0
2019-08-01 11:00:00,18800.0,18950.0,18700.0,18750.0,12896.0
2019-08-01 12:00:00,18750.0,18750.0,18400.0,18450.0,24294.0
2019-08-01 13:00:00,18450.0,18850.0,18450.0,18750.0,20954.0
2019-08-01 14:00:00,18800.0,18950.0,18600.0,18700.0,30948.0
2019-08-01 15:00:00,18700.0,18750.0,18500.0,18500.0,15849.0
2019-08-02 09:00:00,19600.0,19600.0,18950.0,19150.0,45315.0
2019-08-02 10:00:00,19150.0,19300.0,18950.0,19000.0,22837.0
2019-08-02 11:00:00,19300.0,19650.0,19300.0,19600.0,33528.0
2019-08-02 12:00:00,19600.0,19650.0,19250.0,19350.0,28232.0
2019-08-02 13:00:00,19300.0,19750.0,19200.0,19600.0,91657.0
2019-08-02 14:00:00,18750.0,19500.0,18450.0,19300.0,127559.0
2019-08-02 15:00:00,17850.0,19000.0,17800.0,18750.0,102146.0
2019-08-05 09:00:00,18900.0,19550.0,18750.0,19400.0,71820.0
2019-08-05 10:00:00,19350.0,19400.0,18800.0,19100.0,66894.0
2019-08-05 11:00:00,19050.0,19100.0,18750.0,18800.0,19927.0
2019-08-05 12:00:00,18750.0,18800.0,18300.0,18700.0,39119.0
2019-08-05 13:00:00,18700.0,18900.0,18350.0,18500.0,35289.0
2019-08-05 14:00:00,18450.0,18750.0,18200.0,18250.0,45557.0
2019-08-05 15:00:00,18250.0,18500.0,18100.0,18100.0,39771.0
2019-08-06 09:00:00,17900.0,18050.0,17500.0,17550.0,36788.0
2019-08-06 10:00:00,18000.0,18300.0,17800.0,17900.0,32887.0
2019-08-06 11:00:00,18500.0,18700.0,17950.0,18000.0,87339.0
2019-08-06 12:00:00,17600.0,18300.0,16650.0,17750.0,215421.0
2019-08-06 13:00:00,18450.0,18550.0,18150.0,18350.0,37419.0
2019-08-06 14:00:00,17750.0,18450.0,17600.0,18400.0,65390.0
2019-08-06 15:00:00,18300.0,18600.0,18050.0,18500.0,47338.0
2019-08-07 09:00:00,18000.0,18250.0,17900.0,18150.0,28834.0
2019-08-07 10:00:00,18200.0,18300.0,18150.0,18300.0,16938.0
2019-08-07 11:00:00,18300.0,18300.0,17950.0,18000.0,26860.0
2019-08-07 12:00:00,18400.0,18700.0,18050.0,18500.0,117769.0
2019-08-07 13:00:00,18200.0,18250.0,17650.0,18100.0,59617.0
2019-08-07 14:00:00,18550.0,18650.0,18100.0,18200.0,56903.0
2019-08-07 15:00:00,18100.0,18400.0,17950.0,18250.0,22775.0
2019-08-08 09:00:00,18500.0,19400.0,18500.0,19350.0,175151.0
2019-08-08 10:00:00,19350.0,19450.0,19150.0,19250.0,76003.0
2019-08-08 11:00:00,19250.0,19400.0,19200.0,19350.0,39080.0
2019-08-08 12:00:00,19350.0,19500.0,19300.0,19400.0,29381.0
2019-08-08 13:00:00,19400.0,19500.0,19200.0,19500.0,31517.0
2019-08-08 14:00:00,19500.0,19700.0,19400.0,19500.0,76090.0
2019-08-08 15:00:00,19450.0,19650.0,19400.0,19650.0,24164.0
2019-08-09 09:00:00,19800.0,19850.0,19700.0,19850.0,22895.0
2019-08-09 10:00:00,19600.0,19800.0,19600.0,19750.0,30542.0
2019-08-09 11:00:00,19650.0,19650.0,19500.0,19600.0,22730.0
2019-08-09 12:00:00,19900.0,19950.0,19250.0,19500.0,67199.0
2019-08-09 13:00:00,19500.0,19550.0,19200.0,19400.0,29208.0
2019-08-09 14:00:00,19550.0,19700.0,19450.0,19600.0,17646.0
2019-08-09 15:00:00,19350.0,19650.0,19300.0,19600.0,18455.0
2019-08-12 09:00:00,19550.0,21200.0,19550.0,21050.0,231621.0
2019-08-12 10:00:00,21050.0,21250.0,20800.0,21150.0,94217.0
2019-08-12 11:00:00,21150.0,21150.0,20850.0,20900.0,15799.0
2019-08-12 12:00:00,20950.0,21000.0,20650.0,20800.0,27368.0
2019-08-12 13:00:00,20800.0,21050.0,20700.0,20750.0,39520.0
2019-08-12 14:00:00,20750.0,20900.0,20600.0,20850.0,33647.0
2019-08-12 15:00:00,20900.0,20950.0,20750.0,20850.0,31650.0
2019-08-13 09:00:00,20550.0,20750.0,20550.0,20750.0,11420.0
2019-08-13 10:00:00,20850.0,20950.0,20550.0,20600.0,23475.0
2019-08-13 11:00:00,20750.0,20950.0,20600.0,20900.0,19701.0
2019-08-13 12:00:00,20600.0,20700.0,20450.0,20650.0,28219.0
2019-08-13 13:00:00,20650.0,21000.0,20450.0,20950.0,40879.0
2019-08-13 14:00:00,20450.0,20850.0,20300.0,20600.0,67197.0
2019-08-13 15:00:00,20950.0,20950.0,20650.0,20750.0,9488.0
2019-08-14 09:00:00,20450.0,20500.0,20200.0,20450.0,30646.0
2019-08-14 10:00:00,20450.0,20700.0,20400.0,20700.0,18179.0
2019-08-14 11:00:00,20450.0,20600.0,20100.0,20450.0,37966.0
2019-08-14 12:00:00,20850.0,20950.0,20750.0,20900.0,21469.0
2019-08-14 13:00:00,20900.0,20900.0,20600.0,20600.0,20705.0
2019-08-14 14:00:00,20600.0,20750.0,20400.0,20450.0,19565.0
2019-08-14 15:00:00,21150.0,21250.0,20650.0,20850.0,72986.0
2019-08-16 09:00:00,20350.0,20700.0,20150.0,20150.0,72778.0
2019-08-16 10:00:00,20150.0,20400.0,20150.0,20350.0,14737.0
2019-08-16 11:00:00,20350.0,20350.0,20200.0,20250.0,8764.0
2019-08-16 12:00:00,20250.0,20350.0,20200.0,20300.0,13014.0
2019-08-16 13:00:00,20300.0,20400.0,20250.0,20350.0,18446.0
2019-08-16 14:00:00,20350.0,20350.0,20150.0,20350.0,17140.0
2019-08-16 15:00:00,20350.0,20400.0,20300.0,20400.0,16600.0
2019-08-19 09:00:00,20300.0,20350.0,19850.0,19950.0,38644.0
2019-08-19 10:00:00,20300.0,20350.0,20250.0,20300.0,11704.0
2019-08-19 11:00:00,19900.0,20350.0,19900.0,20250.0,23134.0
2019-08-19 12:00:00,20450.0,20500.0,20250.0,20250.0,10493.0
2019-08-19 13:00:00,20250.0,20500.0,20250.0,20500.0,16037.0
2019-08-19 14:00:00,20500.0,20600.0,20400.0,20450.0,10119.0
2019-08-19 15:00:00,20750.0,20850.0,20250.0,20250.0,56792.0
2019-08-20 09:00:00,20200.0,21000.0,20150.0,20900.0,113854.0
2019-08-20 10:00:00,20900.0,21200.0,20850.0,20950.0,77622.0
2019-08-20 11:00:00,20950.0,21050.0,20800.0,21000.0,29455.0
2019-08-20 12:00:00,21050.0,21150.0,20950.0,21000.0,20659.0
2019-08-20 13:00:00,21000.0,21050.0,20850.0,20850.0,21366.0
2019-08-20 14:00:00,20850.0,21050.0,20750.0,20900.0,37985.0
2019-08-20 15:00:00,20950.0,21050.0,20900.0,21050.0,20378.0
2019-08-21 09:00:00,20700.0,20800.0,20650.0,20750.0,16882.0
2019-08-21 10:00:00,20650.0,20800.0,20650.0,20700.0,22230.0
2019-08-21 11:00:00,20750.0,20900.0,20700.0,20900.0,17224.0
2019-08-21 12:00:00,20900.0,20900.0,20700.0,20750.0,10872.0
2019-08-21 13:00:00,20750.0,20950.0,20650.0,20900.0,15442.0
2019-08-21 14:00:00,20900.0,21050.0,20600.0,20750.0,49875.0
2019-08-21 15:00:00,20750.0,20750.0,20650.0,20700.0,13034.0
2019-08-22 09:00:00,20300.0,20350.0,20150.0,20200.0,21006.0
2019-08-22 10:00:00,20100.0,20300.0,20000.0,20200.0,47691.0
2019-08-22 11:00:00,20250.0,20400.0,20050.0,20300.0,36270.0
2019-08-22 12:00:00,20350.0,20450.0,20200.0,20300.0,27969.0
2019-08-22 13:00:00,20650.0,20700.0,20300.0,20300.0,47148.0
2019-08-22 14:00:00,20250.0,20350.0,20050.0,20100.0,31320.0
2019-08-22 15:00:00,20950.0,21050.0,20600.0,20650.0,36070.0
2019-08-23 09:00:00,21600.0,21650.0,21100.0,21500.0,72620.0
2019-08-23 10:00:00,19950.0,20450.0,19850.0,20150.0,31753.0
2019-08-23 11:00:00,20100.0,20300.0,19850.0,20300.0,31035.0
2019-08-23 12:00:00,20350.0,20350.0,20100.0,20200.0,8407.0
2019-08-23 13:00:00,20200.0,20400.0,20200.0,20250.0,11236.0
2019-08-23 14:00:00,20250.0,20300.0,20050.0,20200.0,9373.0
2019-08-23 15:00:00,20200.0,21900.0,20050.0,21600.0,296151.0
2019-08-26 09:00:00,22300.0,22300.0,21500.0,21800.0,112919.0
2019-08-26 10:00:00,21800.0,21900.0,21750.0,21850.0,32311.0
2019-08-26 11:00:00,22250.0,22300.0,22000.0,22300.0,57492.0
2019-08-26 12:00:00,20900.0,21600.0,20650.0,21550.0,173107.0
2019-08-26 13:00:00,22100.0,22100.0,21600.0,22100.0,84768.0
2019-08-26 14:00:00,21550.0,22150.0,21500.0,22100.0,160269.0
2019-08-26 15:00:00,22100.0,22250.0,21850.0,22250.0,63688.0
2019-08-27 09:00:00,22400.0,22400.0,21700.0,21850.0,113332.0
2019-08-27 10:00:00,21850.0,22050.0,21700.0,22050.0,42587.0
2019-08-27 11:00:00,22000.0,22050.0,21750.0,21850.0,22292.0
2019-08-27 12:00:00,21850.0,22000.0,21750.0,21950.0,12730.0
2019-08-27 13:00:00,21950.0,22000.0,21800.0,22000.0,17128.0
2019-08-27 14:00:00,22000.0,22000.0,21750.0,21800.0,26510.0
2019-08-27 15:00:00,21800.0,21850.0,21750.0,21850.0,19353.0
2019-08-28 09:00:00,22750.0,23000.0,22750.0,23000.0,38347.0
2019-08-28 10:00:00,22750.0,22800.0,22600.0,22750.0,25097.0
2019-08-28 11:00:00,22750.0,22800.0,22500.0,22700.0,38558.0
2019-08-28 12:00:00,22100.0,22900.0,22050.0,22800.0,169076.0
2019-08-28 13:00:00,22800.0,23000.0,22700.0,22800.0,26320.0
2019-08-28 14:00:00,22700.0,23150.0,22600.0,22800.0,112497.0
2019-08-28 15:00:00,22750.0,22900.0,22700.0,22800.0,19368.0
2019-08-29 09:00:00,21850.0,21950.0,21200.0,21300.0,83022.0
2019-08-29 10:00:00,21250.0,22000.0,21200.0,21900.0,48470.0
2019-08-29 11:00:00,21900.0,21950.0,21550.0,21850.0,32061.0
2019-08-29 12:00:00,22900.0,23000.0,22150.0,22250.0,93142.0
2019-08-29 13:00:00,21850.0,22000.0,21450.0,21900.0,78937.0
2019-08-29 14:00:00,22250.0,22400.0,21800.0,21850.0,95180.0
2019-08-29 15:00:00,21900.0,22050.0,21750.0,21950.0,23666.0
2019-08-30 09:00:00,22050.0,22400.0,21350.0,21700.0,84940.0
2019-08-30 10:00:00,21700.0,21750.0,21350.0,21600.0,41652.0
2019-08-30 11:00:00,21600.0,21700.0,21450.0,21500.0,32718.0
2019-08-30 12:00:00,21450.0,21550.0,21350.0,21400.0,23290.0
2019-08-30 13:00:00,21400.0,21750.0,21400.0,21650.0,20523.0
2019-08-30 14:00:00,21650.0,21750.0,21600.0,21700.0,19321.0
2019-08-30 15:00:00,21700.0,21700.0,21550.0,21700.0,16358.0
2019-09-02 09:00:00,21200.0,21200.0,21050.0,21200.0,23516.0
2019-09-02 10:00:00,21100.0,21250.0,20950.0,21200.0,37253.0
2019-09-02 11:00:00,21100.0,21150.0,21000.0,21100.0,24185.0
2019-09-02 12:00:00,21700.0,21700.0,20700.0,20950.0,143161.0
2019-09-02 13:00:00,21000.0,21100.0,20950.0,21000.0,24939.0
2019-09-02 14:00:00,20950.0,21150.0,20800.0,21000.0,52602.0
2019-09-02 15:00:00,21000.0,21250.0,21000.0,21100.0,25382.0
2019-09-03 09:00:00,21100.0,21700.0,21050.0,21500.0,86179.0
2019-09-03 10:00:00,21450.0,21550.0,21300.0,21350.0,17012.0
2019-09-03 11:00:00,21350.0,21350.0,21150.0,21300.0,19404.0
2019-09-03 12:00:00,21300.0,21450.0,21200.0,21350.0,18142.0
2019-09-03 13:00:00,21350.0,21400.0,21250.0,21300.0,9786.0
2019-09-03 14:00:00,21250.0,21500.0,21250.0,21450.0,17357.0
2019-09-03 15:00:00,21450.0,21500.0,21250.0,21500.0,18161.0
2019-09-04 09:00:00,21150.0,21250.0,21050.0,21250.0,20379.0
2019-09-04 10:00:00,21050.0,21200.0,20900.0,20950.0,38443.0
2019-09-04 11:00:00,20950.0,21200.0,20950.0,21200.0,34539.0
2019-09-04 12:00:00,21250.0,21300.0,21200.0,21250.0,11231.0
2019-09-04 13:00:00,21350.0,21350.0,21100.0,21200.0,29740.0
2019-09-04 14:00:00,21450.0,21700.0,21150.0,21350.0,40375.0
2019-09-04 15:00:00,21200.0,21250.0,21050.0,21100.0,23032.0
2019-09-05 09:00:00,21300.0,21300.0,21000.0,21100.0,77371.0
2019-09-05 10:00:00,21900.0,21950.0,21650.0,21700.0,34456.0
2019-09-05 11:00:00,21650.0,21750.0,21200.0,21300.0,93215.0
2019-09-05 12:00:00,21800.0,21950.0,21700.0,21750.0,30399.0
2019-09-05 13:00:00,21900.0,21950.0,21600.0,21800.0,58400.0
2019-09-05 14:00:00,21800.0,22050.0,21700.0,21900.0,39198.0
2019-09-05 15:00:00,21450.0,22150.0,21350.0,21950.0,175000.0
2019-09-06 09:00:00,20700.0,20700.0,20500.0,20650.0,16444.0
2019-09-06 10:00:00,21300.0,21400.0,20250.0,20550.0,161244.0
2019-09-06 11:00:00,20550.0,20600.0,20300.0,20350.0,40723.0
2019-09-06 12:00:00,20400.0,20800.0,20350.0,20750.0,24424.0
2019-09-06 13:00:00,20700.0,20750.0,20500.0,20600.0,16063.0
2019-09-06 14:00:00,20600.0,20600.0,20450.0,20550.0,17409.0
2019-09-06 15:00:00,20600.0,20750.0,20550.0,20650.0,19074.0
2019-09-09 09:00:00,20000.0,20050.0,19800.0,19850.0,39413.0
2019-09-09 10:00:00,19800.0,20050.0,19800.0,19900.0,16932.0
2019-09-09 11:00:00,20100.0,20100.0,19850.0,20000.0,21881.0
2019-09-09 12:00:00,20800.0,20900.0,20100.0,20200.0,60242.0
2019-09-09 13:00:00,20100.0,20150.0,20000.0,20000.0,29822.0
2019-09-09 14:00:00,20150.0,20300.0,20050.0,20100.0,38763.0
2019-09-09 15:00:00,20050.0,20150.0,20000.0,20050.0,30091.0
2019-09-10 09:00:00,19900.0,20050.0,19500.0,19950.0,53776.0
2019-09-10 10:00:00,19900.0,19900.0,19600.0,19700.0,26583.0
2019-09-10 11:00:00,19700.0,19800.0,19650.0,19750.0,6023.0
2019-09-10 12:00:00,19750.0,19800.0,19700.0,19750.0,4307.0
2019-09-10 13:00:00,19750.0,19900.0,19600.0,19600.0,18764.0
2019-09-10 14:00:00,19600.0,19650.0,19050.0,19100.0,86435.0
2019-09-10 15:00:00,19100.0,19350.0,19050.0,19250.0,24640.0
2019-09-11 09:00:00,19750.0,19950.0,19700.0,19950.0,24080.0
2019-09-11 10:00:00,19600.0,19800.0,19550.0,19750.0,23275.0
2019-09-11 11:00:00,19600.0,19650.0,19500.0,19600.0,9637.0
2019-09-11 12:00:00,19350.0,19500.0,19150.0,19450.0,42305.0
2019-09-11 13:00:00,19400.0,19650.0,19350.0,19650.0,15572.0
2019-09-11 14:00:00,19450.0,19550.0,19300.0,19400.0,17874.0
2019-09-11 15:00:00,19650.0,19650.0,19550.0,19600.0,13095.0
2019-09-16 09:00:00,19450.0,19550.0,19350.0,19450.0,18473.0
2019-09-16 10:00:00,19500.0,19500.0,19400.0,19450.0,12153.0
2019-09-16 11:00:00,19350.0,19500.0,19350.0,19450.0,14614.0
2019-09-16 12:00:00,19950.0,19950.0,19350.0,19600.0,38561.0
2019-09-16 13:00:00,19450.0,19550.0,19350.0,19400.0,22761.0
2019-09-16 14:00:00,19650.0,19700.0,19400.0,19450.0,25614.0
2019-09-16 15:00:00,19400.0,19450.0,19300.0,19350.0,17835.0
2019-09-17 09:00:00,19550.0,19550.0,19200.0,19300.0,26372.0
2019-09-17 10:00:00,19300.0,19300.0,18750.0,18850.0,64166.0
2019-09-17 11:00:00,18850.0,18950.0,18700.0,18800.0,41694.0
2019-09-17 12:00:00,18850.0,18850.0,18750.0,18800.0,15573.0
2019-09-17 13:00:00,18800.0,18850.0,18700.0,18800.0,28597.0
2019-09-17 14:00:00,18750.0,18900.0,18700.0,18800.0,40407.0
2019-09-17 15:00:00,18800.0,18950.0,18750.0,18900.0,24594.0
2019-09-18 09:00:00,19500.0,19500.0,19300.0,19400.0,15960.0
2019-09-18 10:00:00,19400.0,19400.0,19300.0,19350.0,7454.0
2019-09-18 11:00:00,19400.0,19500.0,19300.0,19450.0,12464.0
2019-09-18 12:00:00,18800.0,19250.0,18650.0,19200.0,31186.0
2019-09-18 13:00:00,19550.0,19650.0,19400.0,19500.0,17670.0
2019-09-18 14:00:00,19250.0,19800.0,19250.0,19550.0,96043.0
2019-09-18 15:00:00,19500.0,19500.0,19350.0,19400.0,14378.0
2019-09-19 09:00:00,19450.0,19750.0,19150.0,19300.0,44982.0
2019-09-19 10:00:00,19350.0,19400.0,19100.0,19150.0,34316.0
2019-09-19 11:00:00,19150.0,19300.0,19100.0,19250.0,8169.0
2019-09-19 12:00:00,19200.0,19250.0,19100.0,19100.0,7908.0
2019-09-19 13:00:00,19150.0,19200.0,19000.0,19150.0,14686.0
2019-09-19 14:00:00,19200.0,19200.0,19100.0,19100.0,8573.0
2019-09-19 15:00:00,19100.0,19200.0,19050.0,19100.0,7546.0
2019-09-20 09:00:00,19350.0,19450.0,19350.0,19400.0,17436.0
2019-09-20 10:00:00,19250.0,19450.0,19200.0,19400.0,13631.0
2019-09-20 11:00:00,19350.0,19450.0,19200.0,19300.0,17016.0
2019-09-20 12:00:00,19000.0,19400.0,18950.0,19350.0,19134.0
2019-09-20 13:00:00,19100.0,19300.0,18900.0,19000.0,14847.0
2019-09-20 14:00:00,19100.0,19200.0,18850.0,19100.0,20983.0
2019-09-20 15:00:00,18950.0,19000.0,18900.0,19000.0,6790.0
2019-09-23 09:00:00,19500.0,19500.0,19000.0,19000.0,26415.0
2019-09-23 10:00:00,19000.0,19100.0,18950.0,19000.0,19569.0
2019-09-23 11:00:00,19000.0,19100.0,18950.0,19000.0,11980.0
2019-09-23 12:00:00,19000.0,19000.0,18900.0,18900.0,15928.0
2019-09-23 13:00:00,18900.0,19000.0,18850.0,18900.0,14068.0
2019-09-23 14:00:00,18900.0,18950.0,18850.0,18900.0,11051.0
2019-09-23 15:00:00,18900.0,19000.0,18850.0,18950.0,8657.0
2019-09-24 09:00:00,18650.0,18650.0,18600.0,18600.0,11902.0
2019-09-24 10:00:00,18700.0,18700.0,18600.0,18600.0,13486.0
2019-09-24 11:00:00,18700.0,18700.0,18600.0,18650.0,11295.0
2019-09-24 12:00:00,19000.0,19150.0,18750.0,18750.0,28189.0
2019-09-24 13:00:00,18650.0,18700.0,18600.0,18650.0,14183.0
2019-09-24 14:00:00,18750.0,18750.0,18650.0,18700.0,28828.0
2019-09-24 15:00:00,18650.0,18700.0,18600.0,18650.0,9510.0
2019-09-25 09:00:00,18400.0,18550.0,17500.0,17550.0,155168.0
2019-09-25 10:00:00,17550.0,17600.0,17250.0,17300.0,116654.0
2019-09-25 11:00:00,17300.0,17350.0,16900.0,17000.0,123542.0
2019-09-25 12:00:00,17000.0,17150.0,16950.0,17000.0,55514.0
2019-09-25 13:00:00,16950.0,17000.0,16650.0,16650.0,96168.0
2019-09-25 14:00:00,16650.0,16750.0,16200.0,16250.0,146055.0
2019-09-25 15:00:00,16250.0,16350.0,16150.0,16350.0,70129.0
2019-09-26 09:00:00,16350.0,16500.0,16250.0,16350.0,18094.0
2019-09-26 10:00:00,16500.0,16600.0,16250.0,16300.0,34974.0
2019-09-26 11:00:00,16650.0,16750.0,16500.0,16500.0,19210.0
2019-09-26 12:00:00,16650.0,16800.0,16600.0,16650.0,22575.0
2019-09-26 13:00:00,16550.0,16700.0,16550.0,16600.0,14315.0
2019-09-26 14:00:00,16550.0,16650.0,16450.0,16550.0,22864.0
2019-09-26 15:00:00,16600.0,16850.0,16450.0,16550.0,101312.0
2019-09-27 09:00:00,16250.0,17050.0,16250.0,17050.0,63762.0
2019-09-27 10:00:00,17050.0,17100.0,16900.0,16950.0,31273.0
2019-09-27 11:00:00,16950.0,17000.0,16700.0,17000.0,24659.0
2019-09-27 12:00:00,17000.0,17100.0,16950.0,17000.0,16762.0
2019-09-27 13:00:00,17000.0,17050.0,16950.0,17000.0,9659.0
2019-09-27 14:00:00,17000.0,17050.0,16900.0,17050.0,20328.0
2019-09-27 15:00:00,17050.0,17050.0,16900.0,16950.0,13844.0
2019-09-30 09:00:00,16350.0,16500.0,16350.0,16450.0,13169.0
2019-09-30 10:00:00,16450.0,16550.0,16350.0,16350.0,13287.0
2019-09-30 11:00:00,16400.0,16500.0,16400.0,16450.0,10303.0
2019-09-30 12:00:00,16350.0,16450.0,16300.0,16400.0,12789.0
2019-09-30 13:00:00,16300.0,16450.0,16250.0,16350.0,28493.0
2019-09-30 14:00:00,16950.0,17000.0,16250.0,16350.0,46252.0
2019-09-30 15:00:00,16400.0,16500.0,16350.0,16450.0,11229.0
2019-10-01 09:00:00,16450.0,17000.0,16450.0,16900.0,39324.0
2019-10-01 10:00:00,16900.0,17200.0,16900.0,17000.0,36715.0
2019-10-01 11:00:00,17000.0,17050.0,16850.0,16950.0,9045.0
2019-10-01 12:00:00,16950.0,17000.0,16850.0,16950.0,3874.0
2019-10-01 13:00:00,16950.0,17050.0,16900.0,17000.0,9025.0
2019-10-01 14:00:00,17000.0,17000.0,16900.0,16900.0,13280.0
2019-10-01 15:00:00,16950.0,16950.0,16850.0,16950.0,15381.0
2019-10-02 09:00:00,16650.0,16750.0,16600.0,16600.0,17036.0
2019-10-02 10:00:00,16500.0,16700.0,16450.0,16650.0,12215.0
2019-10-02 11:00:00,16600.0,16650.0,16550.0,16550.0,11909.0
2019-10-02 12:00:00,16600.0,16650.0,16500.0,16550.0,15194.0
2019-10-02 13:00:00,16750.0,16850.0,16550.0,16600.0,11307.0
2019-10-02 14:00:00,16700.0,16800.0,16450.0,16800.0,38786.0
2019-10-02 15:00:00,16500.0,16600.0,16400.0,16550.0,20986.0
2019-10-04 09:00:00,16600.0,16700.0,16600.0,16650.0,6657.0
2019-10-04 10:00:00,16700.0,16700.0,16600.0,16650.0,4937.0
2019-10-04 11:00:00,16650.0,16700.0,16600.0,16600.0,6374.0
2019-10-04 12:00:00,16750.0,16850.0,16650.0,16650.0,7624.0
2019-10-04 13:00:00,16550.0,16800.0,16500.0,16800.0,10372.0
2019-10-04 14:00:00,16300.0,16850.0,16300.0,16500.0,17392.0
2019-10-04 15:00:00,16650.0,16700.0,16650.0,16700.0,2929.0
2019-10-07 09:00:00,16850.0,16850.0,16250.0,16650.0,18111.0
2019-10-07 10:00:00,16600.0,16650.0,16500.0,16650.0,9403.0
2019-10-07 11:00:00,16650.0,16650.0,16500.0,16600.0,11266.0
2019-10-07 12:00:00,16600.0,16650.0,16500.0,16550.0,5453.0
2019-10-07 13:00:00,16600.0,16600.0,16400.0,16450.0,15016.0
2019-10-07 14:00:00,16500.0,16550.0,16400.0,16500.0,12482.0
2019-10-07 15:00:00,16500.0,16600.0,16450.0,16550.0,9660.0
2019-10-08 09:00:00,17300.0,17500.0,17250.0,17450.0,31692.0
2019-10-08 10:00:00,17250.0,17300.0,17050.0,17250.0,30405.0
2019-10-08 11:00:00,17450.0,17500.0,17350.0,17350.0,17654.0
2019-10-08 12:00:00,17450.0,17450.0,17300.0,17300.0,11722.0
2019-10-08 13:00:00,16350.0,17750.0,16350.0,17350.0,123765.0
2019-10-08 14:00:00,17350.0,17350.0,17150.0,17200.0,19893.0
2019-10-08 15:00:00,17400.0,17450.0,17250.0,17450.0,33594.0
2019-10-10 09:00:00,17200.0,17650.0,17100.0,17300.0,39263.0
2019-10-10 10:00:00,17300.0,17450.0,17250.0,17400.0,7395.0
2019-10-10 11:00:00,17400.0,17450.0,17300.0,17400.0,5075.0
2019-10-10 12:00:00,17350.0,17450.0,17300.0,17450.0,3916.0
2019-10-10 13:00:00,17400.0,17450.0,17200.0,17250.0,9942.0
2019-10-10 14:00:00,17250.0,17450.0,17200.0,17350.0,9629.0
2019-10-10 15:00:00,17400.0,17400.0,17200.0,17250.0,13028.0
2019-10-11 09:00:00,17100.0,17100.0,16950.0,17050.0,10822.0
2019-10-11 10:00:00,17050.0,17150.0,17000.0,17050.0,4441.0
2019-10-11 11:00:00,16950.0,17100.0,16900.0,17100.0,5568.0
2019-10-11 12:00:00,17000.0,17000.0,16850.0,16900.0,23096.0
2019-10-11 13:00:00,16900.0,17000.0,16900.0,17000.0,9407.0
2019-10-11 14:00:00,17450.0,17500.0,16950.0,17000.0,35575.0
2019-10-11 15:00:00,16950.0,17000.0,16900.0,16950.0,3334.0
2019-10-14 09:00:00,17200.0,17250.0,17000.0,17150.0,11380.0
2019-10-14 10:00:00,17100.0,17200.0,17100.0,17100.0,6808.0
2019-10-14 11:00:00,17200.0,17200.0,17150.0,17200.0,5252.0
2019-10-14 12:00:00,17000.0,17200.0,17000.0,17200.0,10022.0
2019-10-14 13:00:00,17200.0,17300.0,17050.0,17200.0,12815.0
2019-10-14 14:00:00,17200.0,17250.0,17100.0,17200.0,5255.0
2019-10-14 15:00:00,17250.0,17250.0,16700.0,17000.0,42003.0
2019-10-15 09:00:00,17050.0,17550.0,17050.0,17400.0,32423.0
2019-10-15 10:00:00,17400.0,17450.0,17300.0,17400.0,11640.0
2019-10-15 11:00:00,17400.0,17400.0,17200.0,17300.0,9905.0
2019-10-15 12:00:00,17300.0,17350.0,17200.0,17200.0,6815.0
2019-10-15 13:00:00,17200.0,17250.0,17150.0,17200.0,6990.0
2019-10-15 14:00:00,17200.0,17200.0,17100.0,17150.0,16655.0
2019-10-15 15:00:00,17200.0,17250.0,17150.0,17250.0,9029.0
2019-10-16 09:00:00,17700.0,17750.0,17600.0,17650.0,14004.0
2019-10-16 10:00:00,17600.0,17700.0,17600.0,17600.0,19858.0
2019-10-16 11:00:00,17700.0,17750.0,17500.0,17600.0,21275.0
2019-10-16 12:00:00,17750.0,17800.0,17650.0,17650.0,14070.0
2019-10-16 13:00:00,17800.0,17850.0,17500.0,17700.0,24050.0
2019-10-16 14:00:00,17400.0,18050.0,17250.0,17750.0,119356.0
2019-10-16 15:00:00,17650.0,17850.0,17600.0,17700.0,21383.0
2019-10-17 09:00:00,17850.0,17850.0,17350.0,17550.0,39650.0
2019-10-17 10:00:00,17550.0,17600.0,17250.0,17300.0,32198.0
2019-10-17 11:00:00,17250.0,17400.0,17200.0,17250.0,14040.0
2019-10-17 12:00:00,17250.0,17300.0,17100.0,17250.0,13463.0
2019-10-17 13:00:00,17250.0,17350.0,17100.0,17100.0,15462.0
2019-10-17 14:00:00,17100.0,17150.0,16950.0,17050.0,26360.0
2019-10-17 15:00:00,17050.0,17150.0,17050.0,17150.0,6390.0
2019-10-18 09:00:00,17300.0,17500.0,17300.0,17350.0,15563.0
2019-10-18 10:00:00,17500.0,17500.0,17250.0,17250.0,41102.0
2019-10-18 11:00:00,17600.0,17600.0,17400.0,17500.0,31876.0
2019-10-18 12:00:00,17400.0,18300.0,17300.0,18200.0,153122.0
2019-10-18 13:00:00,17900.0,17950.0,17600.0,17650.0,36496.0
2019-10-18 14:00:00,18150.0,18300.0,17850.0,17900.0,53740.0
2019-10-18 15:00:00,17650.0,17750.0,17550.0,17550.0,22537.0
2019-10-21 09:00:00,17750.0,17800.0,17650.0,17700.0,12620.0
2019-10-21 10:00:00,17700.0,17850.0,17550.0,17850.0,22952.0
2019-10-21 11:00:00,17750.0,17850.0,17700.0,17750.0,8654.0
2019-10-21 12:00:00,17500.0,17700.0,17350.0,17400.0,39329.0
2019-10-21 13:00:00,17500.0,17650.0,17400.0,17650.0,11624.0
2019-10-21 14:00:00,17400.0,17550.0,17350.0,17500.0,10242.0
2019-10-21 15:00:00,17650.0,17850.0,17650.0,17750.0,26689.0
2019-10-22 09:00:00,17800.0,17950.0,17650.0,17750.0,27937.0
2019-10-22 10:00:00,17700.0,17800.0,17650.0,17750.0,19567.0
2019-10-22 11:00:00,17700.0,17750.0,17550.0,17650.0,12280.0
2019-10-22 12:00:00,17600.0,17750.0,17600.0,17700.0,8508.0
2019-10-22 13:00:00,17750.0,17850.0,17650.0,17850.0,10397.0
2019-10-22 14:00:00,17850.0,17900.0,17800.0,17850.0,16980.0
2019-10-22 15:00:00,17800.0,17850.0,17750.0,17750.0,6534.0
2019-10-23 09:00:00,17350.0,17500.0,17250.0,17350.0,11793.0
2019-10-23 10:00:00,17600.0,17650.0,17400.0,17500.0,18748.0
2019-10-23 11:00:00,17550.0,17550.0,17300.0,17350.0,26468.0
2019-10-23 12:00:00,17650.0,17700.0,17500.0,17500.0,24811.0
2019-10-23 13:00:00,17500.0,17600.0,17450.0,17600.0,15935.0
2019-10-23 14:00:00,17850.0,17950.0,17600.0,17650.0,27389.0
2019-10-23 15:00:00,17650.0,18000.0,17600.0,17850.0,23795.0
2019-10-24 09:00:00,17500.0,17550.0,17450.0,17550.0,6929.0
2019-10-24 10:00:00,17450.0,17550.0,17400.0,17500.0,9355.0
2019-10-24 11:00:00,17450.0,17500.0,17400.0,17450.0,8485.0
2019-10-24 12:00:00,17550.0,18050.0,17500.0,17750.0,77194.0
2019-10-24 13:00:00,17550.0,17600.0,17400.0,17450.0,9486.0
2019-10-24 14:00:00,17700.0,17800.0,17450.0,17600.0,26221.0
2019-10-24 15:00:00,17450.0,17500.0,17350.0,17450.0,12513.0
2019-10-25 09:00:00,17750.0,17950.0,17550.0,17750.0,44489.0
2019-10-25 10:00:00,17750.0,17800.0,17450.0,17550.0,23668.0
2019-10-25 11:00:00,17550.0,17550.0,17250.0,17300.0,20677.0
2019-10-25 12:00:00,17300.0,17350.0,17200.0,17300.0,29963.0
2019-10-25 13:00:00,17300.0,17350.0,17150.0,17250.0,20634.0
2019-10-25 14:00:00,17200.0,17300.0,17150.0,17250.0,12510.0
2019-10-25 15:00:00,17250.0,17450.0,17200.0,17200.0,9421.0
2019-10-28 09:00:00,17800.0,17800.0,17600.0,17800.0,18500.0
2019-10-28 10:00:00,17800.0,17800.0,17600.0,17800.0,39649.0
2019-10-28 11:00:00,17550.0,17950.0,17550.0,17850.0,67212.0
2019-10-28 12:00:00,17250.0,17700.0,17200.0,17550.0,22938.0
2019-10-28 13:00:00,17500.0,17550.0,17400.0,17450.0,8408.0
2019-10-28 14:00:00,17500.0,17650.0,17450.0,17550.0,16280.0
2019-10-28 15:00:00,17450.0,17650.0,17450.0,17650.0,12637.0
2019-10-29 09:00:00,17700.0,17700.0,17550.0,17700.0,12307.0
2019-10-29 10:00:00,17700.0,17700.0,17600.0,17600.0,6040.0
2019-10-29 11:00:00,17650.0,17700.0,17600.0,17700.0,5912.0
2019-10-29 12:00:00,17850.0,17850.0,17500.0,17650.0,35933.0
2019-10-29 13:00:00,17700.0,17900.0,17600.0,17650.0,15268.0
2019-10-29 14:00:00,17650.0,17750.0,17600.0,17700.0,8798.0
2019-10-29 15:00:00,17600.0,17650.0,17550.0,17650.0,6208.0
2019-10-30 09:00:00,17750.0,18000.0,17600.0,17750.0,52276.0
2019-10-30 10:00:00,17700.0,17900.0,17650.0,17750.0,21992.0
2019-10-30 11:00:00,17800.0,17950.0,17700.0,17900.0,20499.0
2019-10-30 12:00:00,17950.0,17950.0,17800.0,17850.0,11958.0
2019-10-30 13:00:00,17850.0,18200.0,17800.0,18100.0,69501.0
2019-10-30 14:00:00,18100.0,18100.0,17900.0,18000.0,25696.0
2019-10-30 15:00:00,18000.0,18050.0,17950.0,18000.0,12963.0
2019-10-31 09:00:00,18500.0,18550.0,18400.0,18500.0,16004.0
2019-10-31 10:00:00,18400.0,18500.0,18400.0,18450.0,8089.0
2019-10-31 11:00:00,18600.0,18650.0,18450.0,18500.0,19578.0
2019-10-31 12:00:00,18300.0,18600.0,18150.0,18350.0,63374.0
2019-10-31 13:00:00,18600.0,18700.0,18600.0,18600.0,11561.0
2019-10-31 14:00:00,18350.0,18900.0,18350.0,18700.0,87246.0
2019-10-31 15:00:00,18600.0,18750.0,18550.0,18600.0,15786.0
2019-11-01 09:00:00,18300.0,18750.0,18250.0,18700.0,52933.0
2019-11-01 10:00:00,18750.0,18850.0,18450.0,18550.0,33021.0
2019-11-01 11:00:00,18550.0,18600.0,18350.0,18400.0,14453.0
2019-11-01 12:00:00,18450.0,18500.0,18400.0,18450.0,5277.0
2019-11-01 13:00:00,18400.0,18600.0,18300.0,18600.0,22444.0
2019-11-01 14:00:00,18600.0,18800.0,18450.0,18750.0,34000.0
2019-11-01 15:00:00,18750.0,18800.0,18700.0,18750.0,11814.0
2019-11-04 09:00:00,18450.0,18550.0,18450.0,18550.0,7005.0
2019-11-04 10:00:00,18500.0,18550.0,18400.0,18500.0,8107.0
2019-11-04 11:00:00,18600.0,18650.0,18450.0,18550.0,10592.0
2019-11-04 12:00:00,18450.0,18650.0,18400.0,18650.0,13588.0
2019-11-04 13:00:00,18600.0,18650.0,18450.0,18500.0,23985.0
2019-11-04 14:00:00,18750.0,18800.0,18500.0,18650.0,22599.0
2019-11-04 15:00:00,18500.0,18550.0,18400.0,18450.0,17386.0
2019-11-05 09:00:00,18400.0,18600.0,18150.0,18450.0,39334.0
2019-11-05 10:00:00,18400.0,18500.0,18300.0,18500.0,13027.0
2019-11-05 11:00:00,18500.0,18500.0,18400.0,18450.0,4143.0
2019-11-05 12:00:00,18500.0,18600.0,18400.0,18550.0,9478.0
2019-11-05 13:00:00,18550.0,18800.0,18550.0,18700.0,18678.0
2019-11-05 14:00:00,18650.0,18750.0,18550.0,18650.0,10492.0
2019-11-05 15:00:00,18600.0,18700.0,18600.0,18600.0,9182.0
2019-11-06 09:00:00,18350.0,18400.0,18250.0,18300.0,9556.0
2019-11-06 10:00:00,18300.0,18350.0,18200.0,18350.0,9691.0
2019-11-06 11:00:00,18300.0,18350.0,18200.0,18250.0,13346.0
2019-11-06 12:00:00,18400.0,18450.0,18300.0,18300.0,8889.0
2019-11-06 13:00:00,18450.0,18450.0,18250.0,18450.0,19172.0
2019-11-06 14:00:00,18700.0,18700.0,18400.0,18400.0,18086.0
2019-11-06 15:00:00,18350.0,18400.0,18250.0,18350.0,12658.0
2019-11-07 09:00:00,18050.0,18400.0,17850.0,18100.0,31311.0
2019-11-07 10:00:00,18050.0,18100.0,17750.0,17900.0,24737.0
2019-11-07 11:00:00,17850.0,18000.0,17800.0,18000.0,7941.0
2019-11-07 12:00:00,18000.0,18000.0,17800.0,17900.0,15153.0
2019-11-07 13:00:00,17900.0,17950.0,17750.0,17950.0,8628.0
2019-11-07 14:00:00,17900.0,17950.0,17750.0,17800.0,14654.0
2019-11-07 15:00:00,17800.0,17900.0,17650.0,17700.0,18373.0
2019-11-08 09:00:00,17600.0,17750.0,17450.0,17700.0,14753.0
2019-11-08 10:00:00,17900.0,17950.0,17550.0,17600.0,29132.0
2019-11-08 11:00:00,17850.0,18000.0,17800.0,17950.0,8922.0
2019-11-08 12:00:00,17850.0,18250.0,17800.0,18150.0,18929.0
2019-11-08 13:00:00,17850.0,18050.0,17850.0,18000.0,11480.0
2019-11-08 14:00:00,18050.0,18150.0,17850.0,17950.0,9388.0
2019-11-08 15:00:00,17950.0,18000.0,17850.0,17900.0,6663.0
2019-11-11 09:00:00,17150.0,17250.0,17150.0,17200.0,5429.0
2019-11-11 10:00:00,17200.0,17250.0,17150.0,17200.0,11431.0
2019-11-11 11:00:00,17150.0,17250.0,17100.0,17200.0,2777.0
2019-11-11 12:00:00,17700.0,17800.0,17100.0,17150.0,45420.0
2019-11-11 13:00:00,17300.0,17350.0,17150.0,17200.0,7052.0
2019-11-11 14:00:00,17150.0,17500.0,17100.0,17300.0,15631.0
2019-11-11 15:00:00,17250.0,17250.0,17100.0,17150.0,14031.0
2019-11-12 09:00:00,17200.0,17350.0,17050.0,17250.0,15025.0
2019-11-12 10:00:00,17300.0,17450.0,17150.0,17200.0,9872.0
2019-11-12 11:00:00,17200.0,17250.0,17150.0,17200.0,4207.0
2019-11-12 12:00:00,17250.0,17300.0,17200.0,17250.0,2277.0
2019-11-12 13:00:00,17250.0,17300.0,17200.0,17250.0,4844.0
2019-11-12 14:00:00,17200.0,17300.0,17150.0,17250.0,6486.0
2019-11-12 15:00:00,17200.0,17300.0,17200.0,17200.0,5735.0
2019-11-13 09:00:00,17150.0,17200.0,17000.0,17000.0,7022.0
2019-11-13 10:00:00,17100.0,17150.0,17000.0,17150.0,12134.0
2019-11-13 11:00:00,17150.0,17250.0,17000.0,17100.0,13450.0
2019-11-13 12:00:00,17200.0,17250.0,17150.0,17250.0,2888.0
2019-11-13 13:00:00,17100.0,17250.0,17050.0,17200.0,8397.0
2019-11-13 14:00:00,17400.0,17400.0,17050.0,17050.0,16344.0
2019-11-13 15:00:00,17250.0,17300.0,17150.0,17200.0,3896.0
2019-11-14 09:00:00,16950.0,17500.0,16950.0,17200.0,32145.0
2019-11-14 10:00:00,17450.0,17450.0,17200.0,17250.0,5658.0
2019-11-14 11:00:00,17250.0,17350.0,17200.0,17300.0,3318.0
2019-11-14 12:00:00,17300.0,17350.0,17200.0,17300.0,5976.0
2019-11-14 13:00:00,17300.0,17300.0,17200.0,17300.0,7626.0
2019-11-14 14:00:00,17300.0,17350.0,17200.0,17300.0,4801.0
2019-11-14 15:00:00,17250.0,17300.0,17150.0,17200.0,3634.0
2019-11-15 09:00:00,17050.0,17100.0,16900.0,17100.0,20223.0
2019-11-15 10:00:00,17050.0,17150.0,17000.0,17000.0,18574.0
2019-11-15 11:00:00,17050.0,17100.0,17000.0,17000.0,8888.0
2019-11-15 12:00:00,17200.0,17200.0,17000.0,17150.0,15777.0
2019-11-15 13:00:00,17200.0,17400.0,17100.0,17200.0,18326.0
2019-11-15 14:00:00,17400.0,17400.0,17000.0,17150.0,18209.0
2019-11-15 15:00:00,17100.0,17200.0,17000.0,17100.0,7085.0
2019-11-18 09:00:00,16650.0,16700.0,16600.0,16600.0,16505.0
2019-11-18 10:00:00,16750.0,16800.0,16550.0,16550.0,27250.0
2019-11-18 11:00:00,16550.0,16750.0,16550.0,16600.0,29588.0
2019-11-18 12:00:00,16800.0,16900.0,16800.0,16850.0,13148.0
2019-11-18 13:00:00,17000.0,17100.0,16800.0,16850.0,28646.0
2019-11-18 14:00:00,17100.0,17100.0,16900.0,17050.0,24726.0
2019-11-18 15:00:00,16800.0,16850.0,16700.0,16750.0,10024.0
2019-11-19 09:00:00,16800.0,16800.0,16500.0,16700.0,13453.0
2019-11-19 10:00:00,16700.0,16850.0,16600.0,16800.0,10943.0
2019-11-19 11:00:00,16800.0,16800.0,16550.0,16650.0,8456.0
2019-11-19 12:00:00,16650.0,16750.0,16550.0,16650.0,6589.0
2019-11-19 13:00:00,16600.0,16650.0,16550.0,16550.0,6176.0
2019-11-19 14:00:00,16650.0,16650.0,16550.0,16600.0,10261.0
2019-11-19 15:00:00,16550.0,16650.0,16550.0,16600.0,7202.0
2019-11-20 09:00:00,16200.0,16300.0,16200.0,16200.0,18398.0
2019-11-20 10:00:00,16250.0,16250.0,16150.0,16150.0,20940.0
2019-11-20 11:00:00,16400.0,16400.0,16250.0,16250.0,23642.0
2019-11-20 12:00:00,16600.0,16800.0,16550.0,16650.0,15261.0
2019-11-20 13:00:00,16500.0,16550.0,16350.0,16400.0,9189.0
2019-11-20 14:00:00,16600.0,16700.0,16400.0,16500.0,15204.0
2019-11-20 15:00:00,16400.0,16400.0,16350.0,16350.0,10491.0
2019-11-21 09:00:00,16100.0,16300.0,15350.0,15400.0,75462.0
2019-11-21 10:00:00,15400.0,15550.0,15300.0,15400.0,34491.0
2019-11-21 11:00:00,15500.0,15750.0,15400.0,15750.0,13757.0
2019-11-21 12:00:00,15750.0,15750.0,15550.0,15600.0,3843.0
2019-11-21 13:00:00,15600.0,15600.0,15200.0,15300.0,34848.0
2019-11-21 14:00:00,15300.0,15400.0,15100.0,15250.0,38562.0
2019-11-21 15:00:00,15300.0,15300.0,15200.0,15200.0,15521.0
2019-11-22 09:00:00,15100.0,15150.0,15050.0,15150.0,13114.0
2019-11-22 10:00:00,15050.0,15200.0,15050.0,15150.0,5724.0
2019-11-22 11:00:00,15200.0,15250.0,15000.0,15150.0,32566.0
2019-11-22 12:00:00,15200.0,15600.0,15150.0,15550.0,29324.0
2019-11-22 13:00:00,15250.0,15350.0,15200.0,15300.0,7063.0
2019-11-22 14:00:00,15450.0,15500.0,15100.0,15200.0,23697.0
2019-11-22 15:00:00,15250.0,15350.0,15150.0,15200.0,7459.0
2019-11-25 09:00:00,15500.0,15550.0,15350.0,15500.0,7173.0
2019-11-25 10:00:00,15500.0,15550.0,15400.0,15450.0,5843.0
2019-11-25 11:00:00,15550.0,15600.0,15500.0,15550.0,6802.0
2019-11-25 12:00:00,15250.0,15600.0,15250.0,15500.0,16357.0
2019-11-25 13:00:00,15300.0,15350.0,15200.0,15350.0,12297.0
2019-11-25 14:00:00,15500.0,15500.0,15150.0,15300.0,14535.0
2019-11-25 15:00:00,15300.0,15550.0,15300.0,15550.0,8141.0
2019-11-26 09:00:00,15450.0,15700.0,15450.0,15650.0,12049.0
2019-11-26 10:00:00,15650.0,15700.0,15500.0,15700.0,13931.0
2019-11-26 11:00:00,15650.0,15700.0,15550.0,15550.0,5537.0
2019-11-26 12:00:00,15550.0,15650.0,15550.0,15600.0,4628.0
2019-11-26 13:00:00,15600.0,15650.0,15600.0,15600.0,2334.0
2019-11-26 14:00:00,15600.0,15650.0,15550.0,15650.0,8738.0
2019-11-26 15:00:00,15650.0,15650.0,15600.0,15650.0,3860.0
2019-11-27 09:00:00,15300.0,15400.0,15300.0,15300.0,6215.0
2019-11-27 10:00:00,15300.0,15400.0,15300.0,15300.0,6435.0
2019-11-27 11:00:00,15400.0,15500.0,15300.0,15350.0,6071.0
2019-11-27 12:00:00,15350.0,15500.0,15300.0,15400.0,2863.0
2019-11-27 13:00:00,15350.0,15500.0,15300.0,15350.0,5987.0
2019-11-27 14:00:00,15600.0,15600.0,15300.0,15400.0,10404.0
2019-11-27 15:00:00,15650.0,15750.0,15400.0,15600.0,12085.0
2019-11-28 09:00:00,15200.0,15600.0,15200.0,15450.0,14281.0
2019-11-28 10:00:00,15400.0,15500.0,15250.0,15500.0,11707.0
2019-11-28 11:00:00,15400.0,15450.0,15400.0,15400.0,1367.0
2019-11-28 12:00:00,15350.0,15450.0,15350.0,15450.0,2886.0
2019-11-28 13:00:00,15450.0,15550.0,15400.0,15450.0,8645.0
2019-11-28 14:00:00,15400.0,15450.0,15300.0,15350.0,2551.0
2019-11-28 15:00:00,15350.0,15350.0,15250.0,15250.0,4665.0
2019-11-29 09:00:00,15050.0,15100.0,14950.0,14950.0,7849.0
2019-11-29 10:00:00,15100.0,15150.0,14950.0,15000.0,10004.0
2019-11-29 11:00:00,15000.0,15150.0,14900.0,15100.0,7966.0
2019-11-29 12:00:00,15300.0,15500.0,15150.0,15200.0,15198.0
2019-11-29 13:00:00,15050.0,15100.0,14800.0,14900.0,19113.0
2019-11-29 14:00:00,15200.0,15250.0,15050.0,15100.0,8935.0
2019-11-29 15:00:00,14900.0,15000.0,14800.0,15000.0,11407.0
2019-12-02 09:00:00,15150.0,15200.0,15100.0,15100.0,3315.0
2019-12-02 10:00:00,15150.0,15150.0,15050.0,15100.0,5053.0
2019-12-02 11:00:00,15250.0,15350.0,15150.0,15200.0,7879.0
2019-12-02 12:00:00,15150.0,15300.0,14950.0,15200.0,9865.0
2019-12-02 13:00:00,15200.0,15200.0,15150.0,15200.0,3207.0
2019-12-02 14:00:00,15200.0,15250.0,15050.0,15200.0,8477.0
2019-12-02 15:00:00,15200.0,15250.0,15150.0,15250.0,6962.0
2019-12-03 09:00:00,14950.0,15200.0,14900.0,15100.0,15350.0
2019-12-03 10:00:00,15100.0,15200.0,15050.0,15150.0,7000.0
2019-12-03 11:00:00,15100.0,15200.0,15050.0,15150.0,2458.0
2019-12-03 12:00:00,15100.0,15200.0,15000.0,15100.0,7717.0
2019-12-03 13:00:00,15150.0,15200.0,15100.0,15100.0,4099.0
2019-12-03 14:00:00,15150.0,15200.0,15100.0,15150.0,3713.0
2019-12-03 15:00:00,15150.0,15150.0,15000.0,15000.0,5481.0
2019-12-04 09:00:00,14950.0,15000.0,14800.0,14800.0,5717.0
2019-12-04 10:00:00,15000.0,15000.0,14850.0,14950.0,4032.0
2019-12-04 11:00:00,14950.0,15000.0,14900.0,15000.0,4546.0
2019-12-04 12:00:00,15000.0,15150.0,14800.0,15050.0,10349.0
2019-12-04 13:00:00,15050.0,15100.0,14900.0,15100.0,8683.0
2019-12-04 14:00:00,15050.0,15050.0,14850.0,14950.0,5597.0
2019-12-04 15:00:00,15100.0,15100.0,15000.0,15050.0,2824.0
2019-12-05 09:00:00,14850.0,15150.0,14850.0,14950.0,14662.0
2019-12-05 10:00:00,14950.0,15000.0,14750.0,14750.0,15369.0
2019-12-05 11:00:00,14750.0,14850.0,14500.0,14550.0,23746.0
2019-12-05 12:00:00,14550.0,14650.0,14400.0,14600.0,14775.0
2019-12-05 13:00:00,14550.0,14750.0,14500.0,14700.0,4765.0
2019-12-05 14:00:00,14650.0,14700.0,14550.0,14600.0,5109.0
2019-12-05 15:00:00,14600.0,14700.0,14500.0,14500.0,4580.0
2019-12-06 09:00:00,15250.0,15350.0,15250.0,15350.0,12161.0
2019-12-06 10:00:00,15350.0,15400.0,15250.0,15300.0,4439.0
2019-12-06 11:00:00,15400.0,15450.0,15350.0,15400.0,7217.0
2019-12-06 12:00:00,15200.0,15400.0,15100.0,15100.0,24326.0
2019-12-06 13:00:00,15100.0,15300.0,15050.0,15300.0,4972.0
2019-12-06 14:00:00,14500.0,15300.0,14500.0,15200.0,28976.0
2019-12-06 15:00:00,15300.0,15500.0,15250.0,15400.0,18668.0
2019-12-09 09:00:00,16300.0,16300.0,16250.0,16300.0,9761.0
2019-12-09 10:00:00,16300.0,16350.0,16200.0,16200.0,12711.0
2019-12-09 11:00:00,16250.0,16350.0,16200.0,16300.0,15901.0
2019-12-09 12:00:00,16150.0,16600.0,15900.0,16600.0,60529.0
2019-12-09 13:00:00,16600.0,16600.0,16250.0,16400.0,54176.0
2019-12-09 14:00:00,16400.0,16400.0,16200.0,16200.0,14800.0
2019-12-09 15:00:00,15600.0,16150.0,15400.0,16150.0,72455.0
2019-12-10 09:00:00,16150.0,16300.0,15800.0,16150.0,36772.0
2019-12-10 10:00:00,16150.0,16200.0,16000.0,16150.0,9995.0
2019-12-10 11:00:00,16150.0,16300.0,16100.0,16200.0,8967.0
2019-12-10 12:00:00,16150.0,16300.0,16100.0,16250.0,7416.0
2019-12-10 13:00:00,16200.0,16250.0,16150.0,16150.0,4337.0
2019-12-10 14:00:00,16150.0,16250.0,16100.0,16150.0,11077.0
2019-12-10 15:00:00,16200.0,16200.0,16050.0,16100.0,5141.0
2019-12-11 09:00:00,16150.0,16200.0,16100.0,16100.0,9236.0
2019-12-11 10:00:00,16150.0,16250.0,16100.0,16250.0,5485.0
2019-12-11 11:00:00,16100.0,16250.0,16050.0,16150.0,9833.0
2019-12-11 12:00:00,16300.0,16300.0,16150.0,16150.0,2249.0
2019-12-11 13:00:00,16250.0,16300.0,15950.0,16150.0,11593.0
2019-12-11 14:00:00,16150.0,16300.0,16150.0,16300.0,3219.0
2019-12-11 15:00:00,16050.0,16300.0,15950.0,16250.0,10706.0
2019-12-12 09:00:00,16300.0,16400.0,16100.0,16250.0,12359.0
2019-12-12 10:00:00,16250.0,16350.0,16050.0,16150.0,9391.0
2019-12-12 11:00:00,16200.0,16300.0,16100.0,16200.0,4727.0
2019-12-12 12:00:00,16200.0,16250.0,16100.0,16200.0,5362.0
2019-12-12 13:00:00,16200.0,16200.0,16100.0,16150.0,3469.0
2019-12-12 14:00:00,16150.0,16300.0,16150.0,16250.0,8388.0
2019-12-12 15:00:00,16300.0,16300.0,16200.0,16250.0,3846.0
2019-12-13 09:00:00,16250.0,16300.0,16100.0,16150.0,12429.0
2019-12-13 10:00:00,16250.0,16300.0,16200.0,16300.0,5182.0
2019-12-13 11:00:00,16150.0,16200.0,16100.0,16200.0,3841.0
2019-12-13 12:00:00,16350.0,16350.0,16250.0,16300.0,8429.0
2019-12-13 13:00:00,16450.0,16500.0,16350.0,16400.0,7385.0
2019-12-13 14:00:00,16400.0,16550.0,16300.0,16450.0,23761.0
2019-12-13 15:00:00,16300.0,16350.0,16200.0,16200.0,7207.0
2019-12-16 09:00:00,15900.0,15950.0,15850.0,15850.0,8723.0
2019-12-16 10:00:00,15900.0,16000.0,15850.0,15900.0,8575.0
2019-12-16 11:00:00,15950.0,16000.0,15850.0,15900.0,8986.0
2019-12-16 12:00:00,15900.0,15950.0,15850.0,15900.0,7626.0
2019-12-16 13:00:00,16050.0,16100.0,15850.0,15900.0,19973.0
2019-12-16 14:00:00,15900.0,15950.0,15850.0,15900.0,8060.0
2019-12-16 15:00:00,16300.0,16300.0,15950.0,16050.0,14364.0
2019-12-17 09:00:00,16050.0,16150.0,16000.0,16050.0,6428.0
2019-12-17 10:00:00,15950.0,16400.0,15850.0,16100.0,31864.0
2019-12-17 11:00:00,16150.0,16300.0,16050.0,16200.0,14005.0
2019-12-17 12:00:00,16200.0,16300.0,16100.0,16250.0,5213.0
2019-12-17 13:00:00,16250.0,16250.0,16200.0,16250.0,8120.0
2019-12-17 14:00:00,16200.0,16250.0,16150.0,16200.0,8257.0
2019-12-17 15:00:00,16200.0,16250.0,15950.0,16050.0,27339.0
2019-12-18 09:00:00,16050.0,16100.0,16000.0,16050.0,3905.0
2019-12-18 10:00:00,16050.0,16100.0,16000.0,16000.0,7007.0
2019-12-18 11:00:00,16100.0,16150.0,16050.0,16050.0,3836.0
2019-12-18 12:00:00,16050.0,16300.0,16000.0,16150.0,19132.0
2019-12-18 13:00:00,16100.0,16100.0,15950.0,16000.0,8346.0
2019-12-18 14:00:00,16050.0,16150.0,16000.0,16100.0,14868.0
2019-12-18 15:00:00,16000.0,16200.0,16000.0,16150.0,6485.0
2019-12-19 09:00:00,16000.0,16200.0,16000.0,16050.0,20382.0
2019-12-19 10:00:00,16000.0,16050.0,15950.0,16050.0,8449.0
2019-12-19 11:00:00,16050.0,16100.0,15900.0,15950.0,6792.0
2019-12-19 12:00:00,15950.0,16100.0,15950.0,16050.0,4427.0
2019-12-19 13:00:00,16050.0,16100.0,15750.0,15750.0,14583.0
2019-12-19 14:00:00,15750.0,15950.0,15750.0,15950.0,10413.0
2019-12-19 15:00:00,15950.0,15950.0,15700.0,15700.0,10816.0
2019-12-20 09:00:00,16300.0,16500.0,16300.0,16500.0,14174.0
2019-12-20 10:00:00,16350.0,16400.0,16250.0,16300.0,11429.0
2019-12-20 11:00:00,16350.0,16450.0,16300.0,16300.0,9033.0
2019-12-20 12:00:00,15850.0,16600.0,15850.0,16600.0,94206.0
2019-12-20 13:00:00,16500.0,16500.0,16350.0,16400.0,13207.0
2019-12-20 14:00:00,16600.0,16800.0,16450.0,16500.0,64284.0
2019-12-20 15:00:00,16450.0,16500.0,16350.0,16400.0,9356.0
2019-12-23 09:00:00,16300.0,16350.0,16200.0,16200.0,7064.0
2019-12-23 10:00:00,16250.0,16250.0,16150.0,16150.0,5789.0
2019-12-23 11:00:00,16300.0,16350.0,16250.0,16250.0,3686.0
2019-12-23 12:00:00,16600.0,16650.0,16050.0,16150.0,52795.0
2019-12-23 13:00:00,16150.0,16250.0,16150.0,16150.0,3943.0
2019-12-23 14:00:00,16100.0,16250.0,16100.0,16200.0,13862.0
2019-12-23 15:00:00,16200.0,16300.0,16100.0,16300.0,9160.0
2019-12-24 09:00:00,16050.0,16350.0,16050.0,16150.0,19811.0
2019-12-24 10:00:00,16150.0,16250.0,16050.0,16100.0,7736.0
2019-12-24 11:00:00,16100.0,16150.0,16050.0,16100.0,6251.0
2019-12-24 12:00:00,16100.0,16300.0,16050.0,16300.0,11147.0
2019-12-24 13:00:00,16250.0,16250.0,16000.0,16100.0,14314.0
2019-12-24 14:00:00,16100.0,16200.0,16100.0,16200.0,5482.0
2019-12-24 15:00:00,16200.0,16250.0,16050.0,16150.0,5171.0
2019-12-26 09:00:00,16300.0,16350.0,16250.0,16300.0,6162.0
2019-12-26 10:00:00,16250.0,16300.0,16250.0,16300.0,8712.0
2019-12-26 11:00:00,16350.0,16400.0,16250.0,16350.0,10024.0
2019-12-26 12:00:00,16200.0,16350.0,16200.0,16350.0,6460.0
2019-12-26 13:00:00,16200.0,16300.0,16200.0,16250.0,3818.0
2019-12-26 14:00:00,16300.0,16300.0,16150.0,16200.0,14045.0
2019-12-26 15:00:00,16150.0,16500.0,16050.0,16300.0,29377.0
2019-12-27 09:00:00,16400.0,17450.0,16350.0,17450.0,110351.0
2019-12-27 10:00:00,17450.0,17450.0,17100.0,17150.0,36737.0
2019-12-27 11:00:00,17150.0,17250.0,17050.0,17150.0,12550.0
2019-12-27 12:00:00,17200.0,17300.0,17050.0,17250.0,21783.0
2019-12-27 13:00:00,17250.0,17300.0,17200.0,17300.0,14569.0
2019-12-27 14:00:00,17300.0,17450.0,17250.0,17450.0,37125.0
2019-12-27 15:00:00,17400.0,17450.0,17200.0,17300.0,20384.0
2019-12-30 09:00:00,17800.0,17850.0,17750.0,17800.0,20430.0
2019-12-30 10:00:00,17900.0,17900.0,17750.0,17800.0,21531.0
2019-12-30 11:00:00,17950.0,18000.0,17850.0,17850.0,18226.0
2019-12-30 12:00:00,17400.0,17750.0,17250.0,17600.0,71406.0
2019-12-30 13:00:00,17900.0,17950.0,17750.0,17850.0,38422.0
2019-12-30 14:00:00,17550.0,17900.0,17550.0,17900.0,47415.0
2019-12-30 15:00:00,17850.0,17950.0,17800.0,17950.0,19928.0
2020-01-02 09:00:00,17800.0,17800.0,17700.0,17800.0,11941.0
2020-01-02 10:00:00,17800.0,17900.0,17750.0,17800.0,8787.0
2020-01-02 11:00:00,18050.0,18100.0,17700.0,17900.0,51433.0
2020-01-02 12:00:00,17800.0,17950.0,17750.0,17850.0,12708.0
2020-01-02 13:00:00,17850.0,17950.0,17800.0,17850.0,18479.0
2020-01-02 14:00:00,17850.0,17900.0,17800.0,17850.0,10270.0
2020-01-03 09:00:00,18000.0,18000.0,17400.0,17600.0,47125.0
2020-01-03 10:00:00,17650.0,17700.0,17200.0,17300.0,52255.0
2020-01-03 11:00:00,17300.0,17350.0,17100.0,17150.0,34490.0
2020-01-03 12:00:00,17200.0,17500.0,17150.0,17450.0,23801.0
2020-01-03 13:00:00,17400.0,17500.0,17250.0,17350.0,9993.0
2020-01-03 14:00:00,17350.0,17350.0,17250.0,17350.0,7287.0
2020-01-03 15:00:00,17350.0,17350.0,17250.0,17250.0,8934.0
2020-01-06 09:00:00,17000.0,17050.0,16950.0,17000.0,8553.0
2020-01-06 10:00:00,17000.0,17100.0,16950.0,17050.0,16197.0
2020-01-06 11:00:00,16900.0,17000.0,16850.0,16950.0,8279.0
2020-01-06 12:00:00,17000.0,17150.0,16950.0,17050.0,8744.0
2020-01-06 13:00:00,17000.0,17050.0,16850.0,16950.0,11668.0
2020-01-06 14:00:00,16850.0,17350.0,16700.0,16950.0,50743.0
2020-01-06 15:00:00,16950.0,17000.0,16700.0,16850.0,16160.0
2020-01-07 09:00:00,17150.0,17550.0,17050.0,17250.0,44546.0
2020-01-07 10:00:00,17200.0,17250.0,17000.0,17000.0,15693.0
2020-01-07 11:00:00,17050.0,17150.0,17000.0,17050.0,10601.0
2020-01-07 12:00:00,17050.0,17150.0,17050.0,17150.0,4872.0
2020-01-07 13:00:00,17100.0,17200.0,17050.0,17100.0,7974.0
2020-01-07 14:00:00,17150.0,17200.0,17050.0,17150.0,11052.0
2020-01-07 15:00:00,17100.0,17200.0,17100.0,17100.0,9386.0
2020-01-08 09:00:00,16400.0,16750.0,16350.0,16750.0,14902.0
2020-01-08 10:00:00,16850.0,16900.0,16400.0,16450.0,18402.0
2020-01-08 11:00:00,16800.0,16900.0,16700.0,16850.0,5465.0
2020-01-08 12:00:00,17100.0,17100.0,16600.0,16800.0,35744.0
2020-01-08 13:00:00,16450.0,16750.0,16350.0,16750.0,13379.0
2020-01-08 14:00:00,16800.0,16800.0,16200.0,16450.0,53806.0
2020-01-08 15:00:00,16700.0,16800.0,16650.0,16750.0,10011.0
2020-01-09 09:00:00,17700.0,17750.0,17550.0,17750.0,54389.0
2020-01-09 10:00:00,17750.0,17800.0,17600.0,17600.0,51841.0
2020-01-09 11:00:00,17400.0,17800.0,17250.0,17700.0,66004.0
2020-01-09 12:00:00,17000.0,17550.0,17000.0,17400.0,90450.0
2020-01-09 13:00:00,17400.0,17600.0,17300.0,17500.0,30099.0
2020-01-09 14:00:00,17450.0,17600.0,17350.0,17400.0,40842.0
2020-01-09 15:00:00,17500.0,17500.0,17250.0,17400.0,23207.0
2020-01-10 09:00:00,17800.0,18700.0,17750.0,18700.0,314508.0
2020-01-10 10:00:00,18700.0,19300.0,18600.0,19100.0,265561.0
2020-01-10 11:00:00,19050.0,19350.0,18850.0,19050.0,121854.0
2020-01-10 12:00:00,19050.0,19100.0,18750.0,19050.0,59244.0
2020-01-10 13:00:00,19000.0,19100.0,18850.0,19100.0,45186.0
2020-01-10 14:00:00,19100.0,19300.0,19000.0,19250.0,83386.0
2020-01-10 15:00:00,19250.0,19250.0,19050.0,19050.0,52746.0
2020-01-13 09:00:00,19300.0,19350.0,19150.0,19350.0,18703.0
2020-01-13 10:00:00,19350.0,19350.0,19150.0,19350.0,26486.0
2020-01-13 11:00:00,19550.0,19550.0,19250.0,19300.0,35764.0
2020-01-13 12:00:00,19150.0,19500.0,18950.0,19150.0,167335.0
2020-01-13 13:00:00,19600.0,19650.0,19300.0,19400.0,39309.0
2020-01-13 14:00:00,19150.0,19700.0,19100.0,19600.0,128044.0
2020-01-13 15:00:00,19400.0,19550.0,19300.0,19550.0,14378.0
2020-01-14 09:00:00,19700.0,19950.0,19400.0,19550.0,146237.0
2020-01-14 10:00:00,19550.0,19600.0,19400.0,19450.0,27508.0
2020-01-14 11:00:00,19400.0,19450.0,19250.0,19300.0,20595.0
2020-01-14 12:00:00,19350.0,19450.0,18950.0,19100.0,53645.0
2020-01-14 13:00:00,19100.0,19200.0,18900.0,19050.0,31649.0
2020-01-14 14:00:00,19100.0,19300.0,18950.0,19150.0,26151.0
2020-01-14 15:00:00,19150.0,19200.0,19050.0,19150.0,15979.0
2020-01-15 09:00:00,19050.0,19200.0,19050.0,19200.0,8289.0
2020-01-15 10:00:00,19100.0,19150.0,18900.0,19050.0,21935.0
2020-01-15 11:00:00,19100.0,19150.0,19000.0,19100.0,16574.0
2020-01-15 12:00:00,19200.0,19250.0,19150.0,19150.0,7120.0
2020-01-15 13:00:00,19100.0,19300.0,19000.0,19200.0,21630.0
2020-01-15 14:00:00,19300.0,19350.0,18950.0,19100.0,42262.0
2020-01-15 15:00:00,19150.0,19250.0,19100.0,19150.0,10640.0
2020-01-16 09:00:00,19250.0,19500.0,19050.0,19100.0,38216.0
2020-01-16 10:00:00,19150.0,19200.0,19050.0,19200.0,10816.0
2020-01-16 11:00:00,19200.0,19300.0,19150.0,19250.0,14817.0
2020-01-16 12:00:00,19250.0,19300.0,19200.0,19250.0,9177.0
2020-01-16 13:00:00,19250.0,19350.0,19200.0,19350.0,17638.0
2020-01-16 14:00:00,19350.0,19600.0,19250.0,19550.0,36609.0
2020-01-16 15:00:00,19550.0,19650.0,19500.0,19650.0,21499.0
2020-01-17 09:00:00,19350.0,19350.0,19200.0,19250.0,13415.0
2020-01-17 10:00:00,19350.0,19350.0,19200.0,19350.0,24361.0
2020-01-17 11:00:00,19450.0,19500.0,19300.0,19350.0,28133.0
2020-01-17 12:00:00,19550.0,19550.0,19400.0,19500.0,19175.0
2020-01-17 13:00:00,19550.0,19600.0,19500.0,19600.0,6869.0
2020-01-17 14:00:00,19600.0,19600.0,19450.0,19450.0,10415.0
2020-01-17 15:00:00,19900.0,19900.0,19450.0,19550.0,35886.0
2020-01-20 09:00:00,19350.0,19850.0,19250.0,19850.0,90210.0
2020-01-20 10:00:00,19850.0,19950.0,19450.0,19550.0,65784.0
2020-01-20 11:00:00,19500.0,19650.0,19400.0,19500.0,29808.0
2020-01-20 12:00:00,19500.0,19600.0,19300.0,19300.0,26049.0
2020-01-20 13:00:00,19300.0,19400.0,19200.0,19300.0,33786.0
2020-01-20 14:00:00,19300.0,19350.0,19200.0,19200.0,22284.0
2020-01-20 15:00:00,19200.0,19250.0,19150.0,19150.0,11992.0
2020-01-21 09:00:00,19100.0,19200.0,19100.0,19150.0,14337.0
2020-01-21 10:00:00,19200.0,19200.0,19100.0,19100.0,17664.0
2020-01-21 11:00:00,19150.0,19200.0,19150.0,19200.0,13449.0
2020-01-21 12:00:00,19250.0,19250.0,19100.0,19100.0,17576.0
2020-01-21 13:00:00,19150.0,19250.0,19100.0,19200.0,8845.0
2020-01-21 14:00:00,19400.0,19650.0,19150.0,19250.0,51307.0
2020-01-21 15:00:00,19200.0,19200.0,19150.0,19150.0,4344.0
2020-01-22 09:00:00,19450.0,19550.0,19350.0,19450.0,32226.0
2020-01-22 10:00:00,19450.0,19500.0,19400.0,19400.0,14637.0
2020-01-22 11:00:00,19200.0,19450.0,19200.0,19450.0,24729.0
2020-01-22 12:00:00,19150.0,19300.0,19100.0,19250.0,14318.0
2020-01-22 13:00:00,19150.0,19250.0,19100.0,19250.0,14028.0
2020-01-22 14:00:00,19100.0,19350.0,19050.0,19200.0,27409.0
2020-01-22 15:00:00,19200.0,19250.0,19150.0,19200.0,15274.0
2020-01-23 09:00:00,19200.0,19850.0,19100.0,19850.0,78588.0
2020-01-23 10:00:00,19800.0,19850.0,19550.0,19600.0,28059.0
2020-01-23 11:00:00,19550.0,19550.0,19350.0,19400.0,27883.0
2020-01-23 12:00:00,19350.0,19650.0,19350.0,19600.0,15327.0
2020-01-23 13:00:00,19600.0,19650.0,19450.0,19450.0,10861.0
2020-01-23 14:00:00,19500.0,19500.0,19250.0,19450.0,21169.0
2020-01-23 15:00:00,19450.0,19450.0,19300.0,19400.0,11095.0
2020-01-28 09:00:00,18400.0,18500.0,18350.0,18500.0,29227.0
2020-01-28 10:00:00,18400.0,18450.0,18200.0,18350.0,12671.0
2020-01-28 11:00:00,18400.0,18450.0,18350.0,18400.0,13099.0
2020-01-28 12:00:00,18600.0,18650.0,18150.0,18250.0,52192.0
2020-01-28 13:00:00,18300.0,18900.0,18300.0,18600.0,71932.0
2020-01-28 14:00:00,18600.0,18750.0,18550.0,18650.0,20083.0
2020-01-28 15:00:00,18250.0,18400.0,18000.0,18400.0,39250.0
2020-01-29 09:00:00,18850.0,18850.0,18350.0,18600.0,29343.0
2020-01-29 10:00:00,18600.0,18800.0,18550.0,18600.0,20720.0
2020-01-29 11:00:00,18700.0,18700.0,18500.0,18600.0,7118.0
2020-01-29 12:00:00,18600.0,19250.0,18500.0,19200.0,71954.0
2020-01-29 13:00:00,19250.0,19250.0,18900.0,19050.0,28573.0
2020-01-29 14:00:00,19050.0,19100.0,18700.0,18800.0,19907.0
2020-01-29 15:00:00,18800.0,19000.0,18750.0,18750.0,8659.0
2020-01-30 09:00:00,19700.0,19850.0,19700.0,19750.0,52083.0
2020-01-30 10:00:00,19850.0,19850.0,19550.0,19650.0,76047.0
2020-01-30 11:00:00,20350.0,20350.0,19400.0,19850.0,208722.0
2020-01-30 12:00:00,19000.0,19950.0,18900.0,19700.0,210891.0
2020-01-30 13:00:00,20600.0,20600.0,20100.0,20200.0,93350.0
2020-01-30 14:00:00,19700.0,20650.0,19650.0,20600.0,320887.0
2020-01-30 15:00:00,20150.0,20400.0,20150.0,20350.0,57247.0
2020-01-31 09:00:00,18650.0,18900.0,18500.0,18850.0,61425.0
2020-01-31 10:00:00,18850.0,18950.0,18550.0,18550.0,43065.0
2020-01-31 11:00:00,18600.0,18750.0,18400.0,18700.0,75327.0
2020-01-31 12:00:00,19900.0,20150.0,19250.0,19600.0,167969.0
2020-01-31 13:00:00,19200.0,19300.0,19100.0,19100.0,42627.0
2020-01-31 14:00:00,19550.0,19600.0,19100.0,19200.0,82961.0
2020-01-31 15:00:00,19100.0,19100.0,18600.0,18600.0,110643.0
2020-02-03 09:00:00,17900.0,18200.0,17450.0,18100.0,110092.0
2020-02-03 10:00:00,18100.0,18850.0,17900.0,18750.0,78525.0
2020-02-03 11:00:00,18750.0,18800.0,18400.0,18650.0,37456.0
2020-02-03 12:00:00,18650.0,18950.0,18500.0,18900.0,27331.0
2020-02-03 13:00:00,18850.0,18950.0,18600.0,18800.0,29158.0
2020-02-03 14:00:00,18800.0,19050.0,18750.0,18900.0,28103.0
2020-02-03 15:00:00,18950.0,18950.0,18800.0,18900.0,10981.0
2020-02-04 09:00:00,20400.0,20550.0,20400.0,20550.0,73791.0
2020-02-04 10:00:00,20200.0,20450.0,20100.0,20400.0,80924.0
2020-02-04 11:00:00,20100.0,20450.0,19950.0,20100.0,123787.0
2020-02-04 12:00:00,19650.0,19850.0,19550.0,19850.0,47175.0
2020-02-04 13:00:00,19850.0,19950.0,19650.0,19850.0,33798.0
2020-02-04 14:00:00,19800.0,20250.0,19750.0,20050.0,91845.0
2020-02-04 15:00:00,19550.0,20200.0,19400.0,19650.0,287101.0
2020-02-05 09:00:00,20550.0,20950.0,20550.0,20900.0,63958.0
2020-02-05 10:00:00,20900.0,21100.0,20800.0,20900.0,58302.0
2020-02-05 11:00:00,20950.0,20950.0,20550.0,20600.0,48430.0
2020-02-05 12:00:00,20650.0,20650.0,20150.0,20200.0,82488.0
2020-02-05 13:00:00,20200.0,20300.0,19900.0,20000.0,97446.0
2020-02-05 14:00:00,19950.0,20200.0,19900.0,20100.0,28029.0
2020-02-05 15:00:00,21000.0,21350.0,20300.0,20700.0,326082.0
2020-02-06 09:00:00,20050.0,20250.0,20050.0,20250.0,23961.0
2020-02-06 10:00:00,19950.0,20150.0,19900.0,20050.0,27615.0
2020-02-06 11:00:00,19900.0,19950.0,19850.0,19950.0,33160.0
2020-02-06 12:00:00,19950.0,20050.0,19900.0,19950.0,28229.0
2020-02-06 13:00:00,19850.0,20100.0,19850.0,19950.0,38087.0
2020-02-06 14:00:00,19950.0,20250.0,19750.0,19850.0,100504.0
2020-02-06 15:00:00,19950.0,20000.0,19850.0,19950.0,23784.0
2020-02-07 09:00:00,20250.0,20250.0,20150.0,20250.0,21732.0
2020-02-07 10:00:00,20250.0,20350.0,20200.0,20350.0,11272.0
2020-02-07 11:00:00,20350.0,20400.0,20200.0,20250.0,16308.0
2020-02-07 12:00:00,20450.0,20500.0,20400.0,20500.0,10312.0
2020-02-07 13:00:00,20500.0,20550.0,20250.0,20450.0,33718.0
2020-02-07 14:00:00,20200.0,20850.0,20100.0,20500.0,130944.0
2020-02-07 15:00:00,20500.0,20500.0,20250.0,20350.0,21369.0
2020-02-10 09:00:00,20200.0,20500.0,20000.0,20400.0,52922.0
2020-02-10 10:00:00,20400.0,20550.0,20400.0,20400.0,24904.0
2020-02-10 11:00:00,20450.0,20450.0,20350.0,20350.0,13696.0
2020-02-10 12:00:00,20400.0,20550.0,20300.0,20500.0,24145.0
2020-02-10 13:00:00,20500.0,20550.0,20400.0,20450.0,15165.0
2020-02-10 14:00:00,20400.0,20500.0,20350.0,20400.0,21057.0
2020-02-10 15:00:00,20450.0,20500.0,20400.0,20500.0,26351.0
2020-02-11 09:00:00,21350.0,21500.0,21300.0,21450.0,31249.0
2020-02-11 10:00:00,21400.0,21550.0,21400.0,21500.0,24909.0
2020-02-11 11:00:00,21600.0,21650.0,21300.0,21350.0,43709.0
2020-02-11 12:00:00,21500.0,21850.0,21300.0,21550.0,207586.0
2020-02-11 13:00:00,21550.0,21700.0,21400.0,21450.0,55189.0
2020-02-11 14:00:00,21450.0,21750.0,21350.0,21600.0,53482.0
2020-02-11 15:00:00,20550.0,21500.0,20550.0,21500.0,198851.0
2020-02-12 09:00:00,21200.0,21500.0,21150.0,21300.0,41465.0
2020-02-12 10:00:00,21300.0,21350.0,21050.0,21100.0,39634.0
2020-02-12 11:00:00,21100.0,21250.0,21050.0,21200.0,21696.0
2020-02-12 12:00:00,21150.0,21250.0,21100.0,21150.0,22336.0
2020-02-12 13:00:00,21100.0,21250.0,21100.0,21150.0,27691.0
2020-02-12 14:00:00,21150.0,21450.0,21150.0,21400.0,24437.0
2020-02-12 15:00:00,21400.0,21450.0,21000.0,21200.0,84370.0
2020-02-13 09:00:00,21050.0,21100.0,20950.0,20950.0,13333.0
2020-02-13 10:00:00,20950.0,21100.0,20850.0,20850.0,28335.0
2020-02-13 11:00:00,20850.0,21100.0,20850.0,21050.0,20334.0
2020-02-13 12:00:00,21150.0,21200.0,20900.0,21000.0,48543.0
2020-02-13 13:00:00,21200.0,21400.0,21150.0,21150.0,34542.0
2020-02-13 14:00:00,21400.0,21650.0,21200.0,21200.0,74058.0
2020-02-13 15:00:00,21000.0,21100.0,20950.0,21000.0,19983.0
2020-02-14 09:00:00,21150.0,21300.0,20950.0,21200.0,28756.0
2020-02-14 10:00:00,21200.0,21250.0,21100.0,21100.0,15007.0
2020-02-14 11:00:00,21100.0,21150.0,21000.0,21050.0,23951.0
2020-02-14 12:00:00,21000.0,21100.0,20950.0,21000.0,14178.0
2020-02-14 13:00:00,21000.0,21000.0,20800.0,20850.0,26825.0
2020-02-14 14:00:00,20850.0,21100.0,20850.0,21000.0,30906.0
2020-02-14 15:00:00,21050.0,21100.0,20950.0,21050.0,12629.0
2020-02-17 09:00:00,20800.0,20850.0,20750.0,20800.0,13403.0
2020-02-17 10:00:00,20650.0,20850.0,20600.0,20800.0,18509.0
2020-02-17 11:00:00,20700.0,20750.0,20650.0,20650.0,13335.0
2020-02-17 12:00:00,20900.0,20950.0,20700.0,20750.0,24448.0
2020-02-17 13:00:00,20850.0,20950.0,20750.0,20850.0,23640.0
2020-02-17 14:00:00,21050.0,21050.0,20500.0,20900.0,50333.0
2020-02-17 15:00:00,20750.0,20800.0,20650.0,20750.0,20811.0
2020-02-18 09:00:00,20800.0,21700.0,20700.0,21350.0,131165.0
2020-02-18 10:00:00,21300.0,21350.0,21000.0,21050.0,53510.0
2020-02-18 11:00:00,21050.0,21200.0,20850.0,20950.0,35979.0
2020-02-18 12:00:00,21000.0,21150.0,20950.0,21100.0,14408.0
2020-02-18 13:00:00,21100.0,21100.0,20900.0,20900.0,20125.0
2020-02-18 14:00:00,20900.0,21000.0,20700.0,20750.0,38379.0
2020-02-18 15:00:00,20750.0,20950.0,20700.0,20900.0,18522.0
2020-02-19 09:00:00,19850.0,20000.0,19850.0,19850.0,42644.0
2020-02-19 10:00:00,20050.0,20100.0,19700.0,19900.0,116884.0
2020-02-19 11:00:00,20350.0,20350.0,20000.0,20050.0,101301.0
2020-02-19 12:00:00,21250.0,21350.0,20200.0,20400.0,91168.0
2020-02-19 13:00:00,20400.0,20500.0,20200.0,20200.0,56939.0
2020-02-19 14:00:00,20350.0,20550.0,20100.0,20400.0,82254.0
2020-02-19 15:00:00,20250.0,20400.0,20150.0,20350.0,48515.0
2020-02-20 09:00:00,19400.0,19500.0,19200.0,19350.0,58421.0
2020-02-20 10:00:00,19400.0,19500.0,19300.0,19400.0,27623.0
2020-02-20 11:00:00,19150.0,19500.0,19100.0,19350.0,74927.0
2020-02-20 12:00:00,19950.0,20350.0,19800.0,20050.0,96862.0
2020-02-20 13:00:00,19550.0,19600.0,19100.0,19350.0,99740.0
2020-02-20 14:00:00,20050.0,20150.0,19450.0,19550.0,76247.0
2020-02-20 15:00:00,19300.0,19350.0,19100.0,19150.0,55765.0
2020-02-21 09:00:00,19000.0,19600.0,18800.0,19350.0,61093.0
2020-02-21 10:00:00,19350.0,19350.0,18850.0,18850.0,65539.0
2020-02-21 11:00:00,18850.0,18850.0,18550.0,18650.0,83802.0
2020-02-21 12:00:00,18700.0,18850.0,18600.0,18600.0,42574.0
2020-02-21 13:00:00,18600.0,18750.0,18550.0,18600.0,63152.0
2020-02-21 14:00:00,18600.0,18650.0,18450.0,18450.0,71062.0
2020-02-21 15:00:00,18450.0,18750.0,18450.0,18700.0,18943.0
2020-02-24 09:00:00,18350.0,18400.0,18150.0,18300.0,21371.0
2020-02-24 10:00:00,18250.0,18300.0,18000.0,18100.0,17786.0
2020-02-24 11:00:00,18350.0,18400.0,18200.0,18350.0,12582.0
2020-02-24 12:00:00,17950.0,18350.0,17850.0,18300.0,35536.0
2020-02-24 13:00:00,18050.0,18150.0,17950.0,17950.0,38813.0
2020-02-24 14:00:00,18050.0,18200.0,18000.0,18050.0,30160.0
2020-02-24 15:00:00,17850.0,18350.0,17750.0,18050.0,110209.0
2020-02-25 09:00:00,18150.0,18600.0,18000.0,18400.0,76926.0
2020-02-25 10:00:00,18350.0,18900.0,18350.0,18800.0,54517.0
2020-02-25 11:00:00,18800.0,19000.0,18650.0,18900.0,42980.0
2020-02-25 12:00:00,18850.0,18950.0,18700.0,18800.0,11399.0
2020-02-25 13:00:00,18800.0,18900.0,18650.0,18850.0,18705.0
2020-02-25 14:00:00,18850.0,18950.0,18750.0,18900.0,17840.0
2020-02-25 15:00:00,18950.0,19000.0,18900.0,19000.0,16049.0
2020-02-26 09:00:00,18900.0,19000.0,18850.0,19000.0,12986.0
2020-02-26 10:00:00,18850.0,18950.0,18750.0,18950.0,12894.0
2020-02-26 11:00:00,18950.0,19000.0,18750.0,18800.0,12480.0
2020-02-26 12:00:00,18500.0,18800.0,18300.0,18700.0,70679.0
2020-02-26 13:00:00,18500.0,18750.0,18450.0,18700.0,7970.0
2020-02-26 14:00:00,18600.0,18700.0,18450.0,18500.0,18927.0
2020-02-26 15:00:00,18700.0,19050.0,18500.0,18950.0,24067.0
2020-02-27 09:00:00,17850.0,18050.0,17700.0,17950.0,37519.0
2020-02-27 10:00:00,17950.0,17950.0,17600.0,17650.0,40516.0
2020-02-27 11:00:00,18200.0,18200.0,17850.0,17850.0,55218.0
2020-02-27 12:00:00,18950.0,18950.0,18450.0,18600.0,41693.0
2020-02-27 13:00:00,18350.0,18400.0,18000.0,18150.0,41884.0
2020-02-27 14:00:00,18600.0,18600.0,18300.0,18300.0,42131.0
2020-02-27 15:00:00,18150.0,18350.0,18100.0,18200.0,20780.0
2020-02-28 09:00:00,17100.0,17500.0,17000.0,17450.0,74553.0
2020-02-28 10:00:00,17500.0,17550.0,17050.0,17250.0,22832.0
2020-02-28 11:00:00,17250.0,17250.0,16950.0,17050.0,26220.0
2020-02-28 12:00:00,17050.0,17050.0,16650.0,17000.0,53630.0
2020-02-28 13:00:00,17000.0,17100.0,16750.0,17000.0,33871.0
2020-02-28 14:00:00,17000.0,17000.0,16600.0,16750.0,27631.0
2020-02-28 15:00:00,16750.0,16850.0,16700.0,16800.0,21464.0
2020-03-02 09:00:00,17600.0,17600.0,17400.0,17500.0,10652.0
2020-03-02 10:00:00,17500.0,17650.0,17400.0,17650.0,15108.0
2020-03-02 11:00:00,17600.0,17600.0,17450.0,17550.0,7934.0
2020-03-02 12:00:00,16900.0,17200.0,16700.0,17100.0,54307.0
2020-03-02 13:00:00,17250.0,17600.0,17200.0,17550.0,19204.0
2020-03-02 14:00:00,17150.0,17550.0,17150.0,17250.0,43427.0
2020-03-02 15:00:00,17600.0,17700.0,17500.0,17600.0,13950.0
2020-03-03 09:00:00,18400.0,18400.0,18000.0,18050.0,51152.0
2020-03-03 10:00:00,18100.0,18150.0,17650.0,17900.0,44203.0
2020-03-03 11:00:00,17950.0,18000.0,17800.0,18000.0,8782.0
2020-03-03 12:00:00,18000.0,18100.0,17900.0,17950.0,10019.0
2020-03-03 13:00:00,18050.0,18050.0,17750.0,17800.0,12134.0
2020-03-03 14:00:00,17850.0,17850.0,17600.0,17800.0,9907.0
2020-03-03 15:00:00,17750.0,17750.0,17450.0,17450.0,18254.0
2020-03-04 09:00:00,18000.0,18100.0,17950.0,18100.0,9068.0
2020-03-04 10:00:00,18000.0,18050.0,17900.0,18000.0,11630.0
2020-03-04 11:00:00,18000.0,18050.0,17900.0,18000.0,3948.0
2020-03-04 12:00:00,17400.0,18200.0,17250.0,18050.0,42676.0
2020-03-04 13:00:00,17950.0,18000.0,17850.0,18000.0,8536.0
2020-03-04 14:00:00,18050.0,18100.0,17850.0,17950.0,19053.0
2020-03-04 15:00:00,18000.0,18050.0,17950.0,18000.0,9192.0
2020-03-05 09:00:00,18050.0,18200.0,18050.0,18100.0,10980.0
2020-03-05 10:00:00,18100.0,18150.0,18050.0,18150.0,9240.0
2020-03-05 11:00:00,18000.0,18100.0,18000.0,18050.0,7999.0
2020-03-05 12:00:00,18300.0,18500.0,18050.0,18100.0,50831.0
2020-03-05 13:00:00,18050.0,18050.0,17800.0,17950.0,14589.0
2020-03-05 14:00:00,18050.0,18200.0,17950.0,18000.0,20514.0
2020-03-05 15:00:00,17950.0,18100.0,17900.0,18050.0,6979.0
2020-03-06 09:00:00,17800.0,18150.0,17700.0,18000.0,26892.0
2020-03-06 10:00:00,18000.0,18000.0,17850.0,17900.0,9619.0
2020-03-06 11:00:00,17900.0,17950.0,17600.0,17900.0,18636.0
2020-03-06 12:00:00,17850.0,17900.0,17600.0,17800.0,5727.0
2020-03-06 13:00:00,17800.0,17800.0,17700.0,17700.0,5460.0
2020-03-06 14:00:00,17750.0,17900.0,17700.0,17800.0,9337.0
2020-03-06 15:00:00,17800.0,18000.0,17750.0,18000.0,8840.0
2020-03-09 09:00:00,16850.0,16950.0,16750.0,16900.0,20822.0
2020-03-09 10:00:00,16900.0,16900.0,16700.0,16700.0,28027.0
2020-03-09 11:00:00,17150.0,17150.0,16800.0,16900.0,16300.0
2020-03-09 12:00:00,17400.0,17650.0,16950.0,17300.0,49704.0
2020-03-09 13:00:00,17050.0,17100.0,16550.0,17000.0,57850.0
2020-03-09 14:00:00,17300.0,17300.0,17000.0,17050.0,18892.0
2020-03-09 15:00:00,17000.0,17200.0,16900.0,17150.0,5512.0
2020-03-10 09:00:00,16500.0,16950.0,16350.0,16750.0,60854.0
2020-03-10 10:00:00,16750.0,17100.0,16600.0,16650.0,26628.0
2020-03-10 11:00:00,16650.0,16750.0,16450.0,16600.0,21403.0
2020-03-10 12:00:00,16600.0,16850.0,16600.0,16700.0,14968.0
2020-03-10 13:00:00,16700.0,16700.0,16500.0,16600.0,22277.0
2020-03-10 14:00:00,16650.0,16900.0,16550.0,16850.0,23539.0
2020-03-10 15:00:00,16900.0,17000.0,16850.0,17000.0,13562.0
2020-03-11 09:00:00,15950.0,16000.0,15800.0,15950.0,10308.0
2020-03-11 10:00:00,15700.0,16000.0,15600.0,16000.0,29773.0
2020-03-11 11:00:00,16150.0,16150.0,15450.0,15700.0,52274.0
2020-03-11 12:00:00,16300.0,16350.0,16100.0,16200.0,15004.0
2020-03-11 13:00:00,16650.0,16650.0,16200.0,16250.0,31792.0
2020-03-11 14:00:00,17100.0,17150.0,16500.0,16650.0,44601.0
2020-03-11 15:00:00,16200.0,16250.0,16100.0,16150.0,25183.0
2020-03-12 09:00:00,15700.0,16000.0,15300.0,15450.0,55218.0
2020-03-12 10:00:00,15450.0,15650.0,14750.0,14950.0,47530.0
2020-03-12 11:00:00,14950.0,15150.0,14650.0,14950.0,30767.0
2020-03-12 12:00:00,15000.0,15150.0,14700.0,14800.0,20455.0
2020-03-12 13:00:00,14800.0,15250.0,14600.0,15200.0,62223.0
2020-03-12 14:00:00,15200.0,15350.0,14950.0,14950.0,28579.0
2020-03-12 15:00:00,14950.0,15000.0,14650.0,14700.0,26680.0
2020-03-13 09:00:00,13800.0,13850.0,13300.0,13300.0,31524.0
2020-03-13 10:00:00,13350.0,14200.0,13300.0,13800.0,80742.0
2020-03-13 11:00:00,12400.0,13300.0,12100.0,13300.0,94615.0
2020-03-13 12:00:00,12550.0,12700.0,12100.0,12700.0,44592.0
2020-03-13 13:00:00,13550.0,13600.0,12450.0,12500.0,67746.0
2020-03-13 14:00:00,12650.0,12750.0,12300.0,12400.0,36803.0
2020-03-13 15:00:00,13500.0,13800.0,13100.0,13500.0,64193.0
2020-03-16 09:00:00,13850.0,14050.0,13250.0,13800.0,75949.0
2020-03-16 10:00:00,13800.0,14000.0,13550.0,13800.0,22699.0
2020-03-16 11:00:00,13800.0,13850.0,13450.0,13550.0,14712.0
2020-03-16 12:00:00,13500.0,13600.0,13300.0,13550.0,10439.0
2020-03-16 13:00:00,13550.0,13550.0,12950.0,13050.0,30339.0
2020-03-16 14:00:00,13050.0,13350.0,12950.0,12950.0,34667.0
2020-03-16 15:00:00,12950.0,13000.0,12500.0,12550.0,28416.0
2020-03-17 09:00:00,12600.0,12850.0,12550.0,12850.0,10044.0
2020-03-17 10:00:00,12700.0,12900.0,12550.0,12600.0,22817.0
2020-03-17 11:00:00,12700.0,12750.0,12400.0,12700.0,13176.0
2020-03-17 12:00:00,12400.0,13000.0,12250.0,12650.0,35110.0
2020-03-17 13:00:00,12550.0,12700.0,11800.0,12450.0,25970.0
2020-03-17 14:00:00,11300.0,12600.0,11300.0,12450.0,89054.0
2020-03-17 15:00:00,12400.0,12750.0,12350.0,12700.0,12677.0
2020-03-18 09:00:00,12450.0,12550.0,11650.0,11750.0,53612.0
2020-03-18 10:00:00,11750.0,11950.0,11250.0,11300.0,43307.0
2020-03-18 11:00:00,12700.0,12750.0,12500.0,12500.0,14325.0
2020-03-18 12:00:00,12950.0,13150.0,12650.0,12750.0,16554.0
2020-03-18 13:00:00,12750.0,13000.0,12600.0,13000.0,17054.0
2020-03-18 14:00:00,13200.0,13300.0,12800.0,13000.0,57367.0
2020-03-18 15:00:00,12900.0,13000.0,12650.0,12650.0,12468.0
2020-03-19 09:00:00,11700.0,12000.0,10200.0,10600.0,124686.0
2020-03-19 10:00:00,10600.0,10700.0,10000.0,10050.0,147018.0
2020-03-19 11:00:00,10100.0,10200.0,9910.0,9920.0,112785.0
2020-03-19 12:00:00,9910.0,10200.0,9560.0,9580.0,55418.0
2020-03-19 13:00:00,9570.0,9900.0,9270.0,9690.0,70571.0
2020-03-19 14:00:00,9690.0,9790.0,8600.0,8640.0,79454.0
2020-03-19 15:00:00,8640.0,9170.0,8620.0,8990.0,47890.0
2020-03-20 09:00:00,10550.0,10700.0,10450.0,10650.0,22944.0
2020-03-20 10:00:00,10800.0,10800.0,10300.0,10600.0,53115.0
2020-03-20 11:00:00,10250.0,11000.0,10150.0,10750.0,68932.0
2020-03-20 12:00:00,9250.0,9700.0,9250.0,9480.0,117658.0
2020-03-20 13:00:00,9950.0,10300.0,9920.0,10150.0,89610.0
2020-03-20 14:00:00,9470.0,10150.0,9300.0,9920.0,99701.0
2020-03-20 15:00:00,10150.0,10350.0,9950.0,10300.0,32699.0
2020-03-23 09:00:00,9560.0,9900.0,9400.0,9480.0,113285.0
2020-03-23 10:00:00,9480.0,9800.0,9430.0,9800.0,65884.0
2020-03-23 11:00:00,9800.0,9840.0,9530.0,9750.0,39379.0
2020-03-23 12:00:00,9750.0,10450.0,9730.0,10150.0,55409.0
2020-03-23 13:00:00,10150.0,10250.0,9940.0,10000.0,24606.0
2020-03-23 14:00:00,10050.0,10100.0,9600.0,9770.0,39019.0
2020-03-23 15:00:00,9780.0,9880.0,9630.0,9750.0,21203.0
2020-03-24 09:00:00,10700.0,11050.0,10600.0,11050.0,42169.0
2020-03-24 10:00:00,11100.0,11150.0,10650.0,10750.0,25220.0
2020-03-24 11:00:00,11100.0,11150.0,11000.0,11100.0,16303.0
2020-03-24 12:00:00,10650.0,11050.0,10550.0,11050.0,72975.0
2020-03-24 13:00:00,11050.0,11450.0,10850.0,11150.0,84900.0
2020-03-24 14:00:00,11050.0,11100.0,10850.0,11050.0,22440.0
2020-03-24 15:00:00,10450.0,10850.0,10200.0,10650.0,147969.0
2020-03-25 09:00:00,11900.0,12200.0,11500.0,11750.0,210137.0
2020-03-25 10:00:00,11750.0,12000.0,11650.0,11850.0,27680.0
2020-03-25 11:00:00,11900.0,11950.0,11650.0,11750.0,17481.0
2020-03-25 12:00:00,11750.0,11850.0,11700.0,11750.0,6914.0
2020-03-25 13:00:00,11750.0,11800.0,11350.0,11750.0,41229.0
2020-03-25 14:00:00,11850.0,12000.0,11800.0,12000.0,19719.0
2020-03-25 15:00:00,11600.0,11900.0,11550.0,11850.0,17742.0
2020-03-26 09:00:00,12000.0,12000.0,11750.0,11750.0,19322.0
2020-03-26 10:00:00,12000.0,12350.0,11600.0,12050.0,112701.0
2020-03-26 11:00:00,12050.0,12050.0,11600.0,11750.0,74310.0
2020-03-26 12:00:00,11750.0,12000.0,11700.0,11950.0,30353.0
2020-03-26 13:00:00,11900.0,12050.0,11850.0,11950.0,31095.0
2020-03-26 14:00:00,11950.0,12150.0,11900.0,12100.0,33305.0
2020-03-26 15:00:00,12100.0,12250.0,11900.0,12000.0,46803.0
2020-03-27 09:00:00,11600.0,11800.0,11600.0,11800.0,17449.0
2020-03-27 10:00:00,11750.0,11800.0,11550.0,11600.0,23665.0
2020-03-27 11:00:00,11600.0,11700.0,11400.0,11650.0,50184.0
2020-03-27 12:00:00,11700.0,11750.0,11500.0,11650.0,45755.0
2020-03-27 13:00:00,12000.0,12050.0,11650.0,11750.0,49629.0
2020-03-27 14:00:00,11600.0,11800.0,11600.0,11750.0,17233.0
2020-03-27 15:00:00,12450.0,12450.0,12000.0,12050.0,63304.0
2020-03-30 09:00:00,11300.0,11450.0,11050.0,11450.0,68158.0
2020-03-30 10:00:00,11450.0,11650.0,11350.0,11450.0,23595.0
2020-03-30 11:00:00,11400.0,11500.0,11350.0,11450.0,16624.0
2020-03-30 12:00:00,11400.0,11500.0,11350.0,11450.0,16388.0
2020-03-30 13:00:00,11400.0,11800.0,11400.0,11700.0,38001.0
2020-03-30 14:00:00,11650.0,11950.0,11650.0,11850.0,26685.0
2020-03-30 15:00:00,11850.0,11950.0,11800.0,11900.0,13905.0
2020-03-31 09:00:00,11800.0,11950.0,11750.0,11950.0,12107.0
2020-03-31 10:00:00,11800.0,11950.0,11600.0,11850.0,31048.0
2020-03-31 11:00:00,11900.0,11950.0,11700.0,11800.0,30844.0
2020-03-31 12:00:00,11900.0,12200.0,11850.0,12000.0,43554.0
2020-03-31 13:00:00,12000.0,12050.0,11900.0,12050.0,17937.0
2020-03-31 14:00:00,12250.0,12400.0,11850.0,11900.0,97535.0
2020-03-31 15:00:00,12000.0,12050.0,11900.0,11950.0,19730.0
2020-04-01 09:00:00,12200.0,12300.0,11850.0,11900.0,28656.0
2020-04-01 10:00:00,11900.0,11950.0,11650.0,11700.0,30517.0
2020-04-01 11:00:00,12200.0,12250.0,12050.0,12200.0,21131.0
2020-04-01 12:00:00,12500.0,12550.0,12100.0,12400.0,50300.0
2020-04-01 13:00:00,12450.0,12450.0,12300.0,12350.0,8149.0
2020-04-01 14:00:00,12350.0,12400.0,12200.0,12200.0,19455.0
2020-04-01 15:00:00,11900.0,12600.0,11800.0,12500.0,124647.0
2020-04-02 09:00:00,11650.0,11950.0,11350.0,11550.0,58114.0
2020-04-02 10:00:00,11550.0,11750.0,11400.0,11750.0,18605.0
2020-04-02 11:00:00,11700.0,11850.0,11700.0,11800.0,11075.0
2020-04-02 12:00:00,11800.0,11950.0,11800.0,11850.0,11759.0
2020-04-02 13:00:00,11850.0,11900.0,11700.0,11800.0,14564.0
2020-04-02 14:00:00,11850.0,11950.0,11700.0,11900.0,7327.0
2020-04-02 15:00:00,11950.0,12000.0,11900.0,12000.0,12304.0
2020-04-03 09:00:00,12100.0,12150.0,11850.0,12000.0,19218.0
2020-04-03 10:00:00,12300.0,12350.0,12200.0,12300.0,23179.0
2020-04-03 11:00:00,12000.0,12300.0,12000.0,12250.0,28598.0
2020-04-03 12:00:00,12250.0,12250.0,12000.0,12150.0,11153.0
2020-04-03 13:00:00,12050.0,12250.0,12000.0,12200.0,20469.0
2020-04-03 14:00:00,12750.0,12750.0,12050.0,12050.0,81099.0
2020-04-03 15:00:00,12200.0,12300.0,12150.0,12250.0,12280.0
2020-04-06 09:00:00,12450.0,12500.0,12150.0,12300.0,49751.0
2020-04-06 10:00:00,12300.0,12450.0,12250.0,12350.0,28068.0
2020-04-06 11:00:00,12300.0,12400.0,12300.0,12400.0,18458.0
2020-04-06 12:00:00,12300.0,12500.0,12300.0,12450.0,27632.0
2020-04-06 13:00:00,12450.0,12900.0,12450.0,12850.0,109192.0
2020-04-06 14:00:00,12850.0,13050.0,12800.0,12950.0,77449.0
2020-04-06 15:00:00,12900.0,13050.0,12900.0,13000.0,34434.0
2020-04-07 09:00:00,13550.0,13800.0,13450.0,13700.0,65844.0
2020-04-07 10:00:00,13250.0,13550.0,13200.0,13550.0,31933.0
2020-04-07 11:00:00,13150.0,13300.0,13100.0,13250.0,19827.0
2020-04-07 12:00:00,13300.0,13850.0,13050.0,13450.0,194510.0
2020-04-07 13:00:00,13300.0,13400.0,13150.0,13300.0,30297.0
2020-04-07 14:00:00,13450.0,13450.0,13200.0,13300.0,34117.0
2020-04-07 15:00:00,13250.0,13300.0,13050.0,13200.0,21627.0
2020-04-08 09:00:00,14050.0,14050.0,13950.0,14050.0,28187.0
2020-04-08 10:00:00,14000.0,14050.0,13750.0,13850.0,30502.0
2020-04-08 11:00:00,13850.0,14100.0,13750.0,14050.0,32753.0
2020-04-08 12:00:00,13500.0,14050.0,13400.0,13900.0,105429.0
2020-04-08 13:00:00,13850.0,14000.0,13800.0,13850.0,10990.0
2020-04-08 14:00:00,13950.0,14100.0,13750.0,13900.0,60701.0
2020-04-08 15:00:00,13800.0,13900.0,13650.0,13800.0,21499.0
2020-04-09 09:00:00,14100.0,14300.0,14000.0,14100.0,68865.0
2020-04-09 10:00:00,14100.0,14200.0,13950.0,14100.0,31389.0
2020-04-09 11:00:00,14050.0,14150.0,14000.0,14050.0,7317.0
2020-04-09 12:00:00,14050.0,14400.0,14050.0,14400.0,36715.0
2020-04-09 13:00:00,14400.0,14400.0,14250.0,14250.0,15308.0
2020-04-09 14:00:00,14250.0,14300.0,14100.0,14150.0,18239.0
2020-04-09 15:00:00,14150.0,14500.0,14150.0,14450.0,51557.0
2020-04-10 09:00:00,15950.0,16100.0,15750.0,16050.0,53977.0
2020-04-10 10:00:00,16000.0,16100.0,15900.0,16000.0,40400.0
2020-04-10 11:00:00,16200.0,16300.0,15900.0,15950.0,50229.0
2020-04-10 12:00:00,15300.0,17200.0,15300.0,16950.0,408953.0
2020-04-10 13:00:00,16950.0,17050.0,15550.0,16150.0,317541.0
2020-04-10 14:00:00,15000.0,15650.0,14850.0,15300.0,271356.0
2020-04-10 15:00:00,16100.0,16450.0,16050.0,16200.0,60227.0
2020-04-13 09:00:00,16150.0,16200.0,15200.0,15400.0,141761.0
2020-04-13 10:00:00,15400.0,15550.0,15300.0,15500.0,29782.0
2020-04-13 11:00:00,15500.0,15600.0,15300.0,15300.0,28547.0
2020-04-13 12:00:00,15300.0,15450.0,15250.0,15300.0,11795.0
2020-04-13 13:00:00,15300.0,15300.0,14950.0,15200.0,65429.0
2020-04-13 14:00:00,15150.0,15250.0,14800.0,14850.0,45887.0
2020-04-13 15:00:00,14800.0,15000.0,14650.0,14650.0,49955.0
2020-04-14 09:00:00,15400.0,15600.0,15350.0,15600.0,20636.0
2020-04-14 10:00:00,15500.0,15550.0,15350.0,15400.0,19602.0
2020-04-14 11:00:00,15550.0,15550.0,15500.0,15500.0,18532.0
2020-04-14 12:00:00,15500.0,16400.0,15450.0,15500.0,283519.0
2020-04-14 13:00:00,15750.0,15800.0,15600.0,15700.0,17225.0
2020-04-14 14:00:00,15550.0,15850.0,15450.0,15800.0,43295.0
2020-04-14 15:00:00,15700.0,15700.0,15500.0,15550.0,21842.0
2020-04-16 09:00:00,16650.0,16800.0,16550.0,16700.0,37694.0
2020-04-16 10:00:00,16700.0,16750.0,16650.0,16700.0,24011.0
2020-04-16 11:00:00,16600.0,17000.0,16550.0,16650.0,85076.0
2020-04-16 12:00:00,15800.0,16250.0,15750.0,16250.0,106913.0
2020-04-16 13:00:00,16450.0,16700.0,16400.0,16400.0,33701.0
2020-04-16 14:00:00,16250.0,16850.0,16250.0,16500.0,106885.0
2020-04-16 15:00:00,16400.0,16550.0,16300.0,16550.0,25506.0
2020-04-17 09:00:00,17250.0,18000.0,17250.0,17800.0,247623.0
2020-04-17 10:00:00,17750.0,18250.0,17700.0,17900.0,131113.0
2020-04-17 11:00:00,17850.0,17850.0,17600.0,17700.0,44185.0
2020-04-17 12:00:00,17650.0,17750.0,17200.0,17250.0,59874.0
2020-04-17 13:00:00,17300.0,17500.0,17200.0,17350.0,27834.0
2020-04-17 14:00:00,17300.0,17750.0,17300.0,17450.0,45942.0
2020-04-17 15:00:00,17500.0,17600.0,17400.0,17550.0,14497.0
2020-04-20 09:00:00,17150.0,17200.0,17050.0,17200.0,26307.0
2020-04-20 10:00:00,17300.0,17350.0,17100.0,17150.0,30365.0
2020-04-20 11:00:00,17250.0,17400.0,17200.0,17300.0,14039.0
2020-04-20 12:00:00,17650.0,17850.0,17150.0,17500.0,95476.0
2020-04-20 13:00:00,17200.0,17400.0,17200.0,17350.0,14214.0
2020-04-20 14:00:00,17500.0,17500.0,17100.0,17200.0,53544.0
2020-04-20 15:00:00,17350.0,17400.0,17200.0,17250.0,13954.0
2020-04-21 09:00:00,17050.0,17300.0,16500.0,17050.0,78476.0
2020-04-21 10:00:00,17100.0,17450.0,16550.0,16800.0,50296.0
2020-04-21 11:00:00,16800.0,16800.0,16000.0,16800.0,139090.0
2020-04-21 12:00:00,16800.0,16900.0,16550.0,16600.0,22556.0
2020-04-21 13:00:00,16650.0,16800.0,16500.0,16750.0,21635.0
2020-04-21 14:00:00,16700.0,16850.0,16600.0,16700.0,21076.0
2020-04-21 15:00:00,16700.0,17150.0,16700.0,17150.0,20809.0
2020-04-22 09:00:00,16850.0,16950.0,16800.0,16950.0,13924.0
2020-04-22 10:00:00,16650.0,16750.0,16500.0,16550.0,15942.0
2020-04-22 11:00:00,16550.0,16900.0,16550.0,16850.0,16799.0
2020-04-22 12:00:00,16500.0,16750.0,16400.0,16750.0,18271.0
2020-04-22 13:00:00,16550.0,16650.0,16400.0,16500.0,20857.0
2020-04-22 14:00:00,16650.0,16750.0,16350.0,16600.0,48930.0
2020-04-22 15:00:00,16750.0,16800.0,16500.0,16600.0,17776.0
2020-04-23 09:00:00,16600.0,16600.0,16450.0,16550.0,82468.0
2020-04-23 10:00:00,16600.0,16800.0,16600.0,16700.0,34103.0
2020-04-23 11:00:00,16700.0,16800.0,16600.0,16600.0,28029.0
2020-04-23 12:00:00,16900.0,17000.0,16750.0,16800.0,13904.0
2020-04-23 13:00:00,16800.0,17100.0,16700.0,16900.0,28312.0
2020-04-23 14:00:00,16800.0,16900.0,16500.0,16600.0,35335.0
2020-04-23 15:00:00,17200.0,17200.0,16600.0,16850.0,80661.0
2020-04-24 09:00:00,16000.0,16150.0,15850.0,16150.0,31189.0
2020-04-24 10:00:00,16200.0,16400.0,16100.0,16300.0,52470.0
2020-04-24 11:00:00,16250.0,16550.0,16250.0,16300.0,30298.0
2020-04-24 12:00:00,16300.0,16450.0,16250.0,16400.0,8986.0
2020-04-24 13:00:00,16400.0,16450.0,16250.0,16350.0,11054.0
2020-04-24 14:00:00,16300.0,16350.0,15700.0,15700.0,79946.0
2020-04-24 15:00:00,15750.0,16100.0,15700.0,16050.0,32491.0
2020-04-27 09:00:00,17150.0,17350.0,16950.0,17050.0,65688.0
2020-04-27 10:00:00,17050.0,17250.0,17050.0,17250.0,41504.0
2020-04-27 11:00:00,16950.0,17150.0,16900.0,17150.0,88696.0
2020-04-27 12:00:00,16200.0,16250.0,15900.0,16150.0,44816.0
2020-04-27 13:00:00,16150.0,16950.0,16050.0,16850.0,92447.0
2020-04-27 14:00:00,16150.0,16200.0,16050.0,16100.0,7375.0
2020-04-27 15:00:00,16850.0,16950.0,16750.0,16900.0,47128.0
2020-04-28 09:00:00,17400.0,17650.0,17150.0,17500.0,137419.0
2020-04-28 10:00:00,17450.0,17500.0,17150.0,17200.0,70846.0
2020-04-28 11:00:00,17200.0,17500.0,17200.0,17450.0,26244.0
2020-04-28 12:00:00,17450.0,17500.0,17350.0,17400.0,16850.0
2020-04-28 13:00:00,17400.0,17450.0,17300.0,17400.0,20224.0
2020-04-28 14:00:00,17400.0,17600.0,17350.0,17550.0,55228.0
2020-04-28 15:00:00,17550.0,17650.0,17500.0,17650.0,42841.0
2020-04-29 09:00:00,18750.0,18800.0,18650.0,18700.0,44411.0
2020-04-29 10:00:00,18650.0,18800.0,18550.0,18750.0,56805.0
2020-04-29 11:00:00,18600.0,18700.0,18450.0,18650.0,34437.0
2020-04-29 12:00:00,17700.0,18750.0,17650.0,18600.0,275331.0
2020-04-29 13:00:00,18600.0,18850.0,18550.0,18750.0,94499.0
2020-04-29 14:00:00,18600.0,18600.0,18300.0,18600.0,59784.0
2020-04-29 15:00:00,18750.0,18800.0,18500.0,18600.0,48899.0
2020-05-04 09:00:00,19550.0,19650.0,19150.0,19300.0,91033.0
2020-05-04 10:00:00,19300.0,19400.0,19150.0,19300.0,30304.0
2020-05-04 11:00:00,19200.0,19650.0,19150.0,19550.0,104300.0
2020-05-04 12:00:00,18300.0,19250.0,18300.0,19000.0,178503.0
2020-05-04 13:00:00,19100.0,19150.0,19000.0,19100.0,27836.0
2020-05-04 14:00:00,19000.0,19200.0,18950.0,19100.0,40548.0
2020-05-04 15:00:00,19150.0,19250.0,19050.0,19150.0,45746.0
2020-05-06 09:00:00,20100.0,20500.0,19650.0,20500.0,224864.0
2020-05-06 10:00:00,20500.0,20500.0,20100.0,20300.0,82181.0
2020-05-06 11:00:00,20300.0,20400.0,20150.0,20400.0,29882.0
2020-05-06 12:00:00,20350.0,20500.0,20300.0,20400.0,46022.0
2020-05-06 13:00:00,20350.0,20400.0,20250.0,20350.0,25883.0
2020-05-06 14:00:00,20400.0,20400.0,20100.0,20350.0,55056.0
2020-05-06 15:00:00,20350.0,20400.0,20200.0,20400.0,38558.0
2020-05-07 09:00:00,21150.0,21250.0,20950.0,21100.0,59912.0
2020-05-07 10:00:00,21100.0,21100.0,20800.0,21100.0,78573.0
2020-05-07 11:00:00,21150.0,21400.0,21100.0,21150.0,62114.0
2020-05-07 12:00:00,20900.0,21800.0,20500.0,21750.0,675089.0
2020-05-07 13:00:00,20800.0,21100.0,20550.0,21000.0,127962.0
2020-05-07 14:00:00,21750.0,21750.0,20750.0,20800.0,239938.0
2020-05-07 15:00:00,21000.0,21500.0,21000.0,21200.0,104811.0
2020-05-08 09:00:00,21450.0,21500.0,20600.0,21350.0,293077.0
2020-05-08 10:00:00,21350.0,21500.0,21100.0,21450.0,124209.0
2020-05-08 11:00:00,21450.0,21500.0,21300.0,21350.0,51726.0
2020-05-08 12:00:00,21350.0,21400.0,21200.0,21350.0,30742.0
2020-05-08 13:00:00,21350.0,21400.0,21200.0,21400.0,35141.0
2020-05-08 14:00:00,21350.0,21400.0,21200.0,21350.0,44908.0
2020-05-08 15:00:00,21350.0,21350.0,21150.0,21300.0,48418.0
2020-05-11 09:00:00,21400.0,21450.0,21150.0,21250.0,33884.0
2020-05-11 10:00:00,21300.0,21700.0,21300.0,21400.0,89031.0
2020-05-11 11:00:00,20900.0,21500.0,20900.0,21300.0,100855.0
2020-05-11 12:00:00,20850.0,20950.0,20750.0,20900.0,25684.0
2020-05-11 13:00:00,20850.0,21000.0,20750.0,20950.0,35347.0
2020-05-11 14:00:00,21300.0,21500.0,20650.0,20900.0,139417.0
2020-05-11 15:00:00,20950.0,21000.0,20800.0,20850.0,47609.0
2020-05-12 09:00:00,21400.0,21450.0,20700.0,20900.0,106587.0
2020-05-12 10:00:00,20950.0,21350.0,20900.0,21100.0,49900.0
2020-05-12 11:00:00,21100.0,21900.0,21000.0,21800.0,146584.0
2020-05-12 12:00:00,21750.0,21750.0,21350.0,21650.0,78251.0
2020-05-12 13:00:00,21600.0,21650.0,21350.0,21450.0,43597.0
2020-05-12 14:00:00,21400.0,21500.0,21300.0,21300.0,42971.0
2020-05-12 15:00:00,21400.0,21400.0,21250.0,21400.0,18725.0
2020-05-13 09:00:00,22100.0,22350.0,22000.0,22150.0,44866.0
2020-05-13 10:00:00,21550.0,22300.0,21550.0,22250.0,292122.0
2020-05-13 11:00:00,22200.0,22900.0,21900.0,22050.0,282730.0
2020-05-13 12:00:00,21500.0,21650.0,21400.0,21600.0,36027.0
2020-05-13 13:00:00,20900.0,21650.0,20900.0,21550.0,99435.0
2020-05-13 14:00:00,21500.0,21750.0,21300.0,21450.0,66206.0
2020-05-13 15:00:00,21650.0,21650.0,21450.0,21550.0,28904.0
2020-05-14 09:00:00,22150.0,22150.0,21100.0,21450.0,391383.0
2020-05-14 10:00:00,21500.0,21550.0,20900.0,21000.0,189164.0
2020-05-14 11:00:00,20950.0,21350.0,20900.0,21150.0,78576.0
2020-05-14 12:00:00,21150.0,21300.0,21100.0,21150.0,36694.0
2020-05-14 13:00:00,21200.0,21300.0,21150.0,21300.0,31571.0
2020-05-14 14:00:00,21300.0,21400.0,21150.0,21350.0,60111.0
2020-05-14 15:00:00,21350.0,21400.0,21250.0,21350.0,32045.0
2020-05-15 09:00:00,21650.0,21650.0,21550.0,21650.0,22829.0
2020-05-15 10:00:00,21750.0,21750.0,21550.0,21650.0,37481.0
2020-05-15 11:00:00,21750.0,21750.0,21500.0,21750.0,27852.0
2020-05-15 12:00:00,21750.0,22200.0,21350.0,21450.0,177206.0
2020-05-15 13:00:00,21550.0,21850.0,21450.0,21750.0,54292.0
2020-05-15 14:00:00,21450.0,21700.0,21150.0,21550.0,78320.0
2020-05-15 15:00:00,21750.0,21800.0,21600.0,21750.0,31171.0
2020-05-18 09:00:00,23600.0,23600.0,22850.0,22850.0,105161.0
2020-05-18 10:00:00,22900.0,23150.0,22850.0,23050.0,55206.0
2020-05-18 11:00:00,23650.0,23700.0,23300.0,23600.0,57191.0
2020-05-18 12:00:00,21800.0,22750.0,21650.0,22650.0,268588.0
2020-05-18 13:00:00,23950.0,24000.0,23300.0,23500.0,210078.0
2020-05-18 14:00:00,22650.0,23950.0,22600.0,23950.0,429786.0
2020-05-18 15:00:00,23500.0,23900.0,23400.0,23600.0,109980.0
2020-05-19 09:00:00,23650.0,24500.0,23400.0,24100.0,413094.0
2020-05-19 10:00:00,24150.0,24950.0,23900.0,24600.0,260583.0
2020-05-19 11:00:00,24600.0,25350.0,24450.0,24650.0,200343.0
2020-05-19 12:00:00,24700.0,24700.0,24350.0,24600.0,47795.0
2020-05-19 13:00:00,24550.0,24800.0,24500.0,24700.0,55968.0
2020-05-19 14:00:00,24750.0,24800.0,24300.0,24500.0,63292.0
2020-05-19 15:00:00,24500.0,24600.0,24350.0,24550.0,45650.0
2020-05-20 09:00:00,24650.0,25050.0,24550.0,24850.0,79035.0
2020-05-20 10:00:00,24800.0,24950.0,24700.0,24950.0,34345.0
2020-05-20 11:00:00,24750.0,24750.0,24550.0,24650.0,28642.0
2020-05-20 12:00:00,24550.0,24750.0,24400.0,24700.0,47352.0
2020-05-20 13:00:00,24550.0,24800.0,24550.0,24600.0,31872.0
2020-05-20 14:00:00,25100.0,25100.0,24450.0,24550.0,71510.0
2020-05-20 15:00:00,24350.0,25200.0,24050.0,25100.0,175069.0
2020-05-21 09:00:00,25950.0,26700.0,24800.0,26550.0,426763.0
2020-05-21 10:00:00,26550.0,26600.0,25950.0,26200.0,155912.0
2020-05-21 11:00:00,26200.0,26500.0,25700.0,26450.0,116182.0
2020-05-21 12:00:00,26450.0,26450.0,26150.0,26150.0,33987.0
2020-05-21 13:00:00,26150.0,26900.0,26150.0,26800.0,123175.0
2020-05-21 14:00:00,26800.0,27400.0,26600.0,26900.0,181100.0
2020-05-21 15:00:00,26900.0,27200.0,26600.0,27200.0,69444.0
2020-05-22 09:00:00,28300.0,28550.0,28200.0,28550.0,80912.0
2020-05-22 10:00:00,28000.0,28450.0,27950.0,28250.0,100129.0
2020-05-22 11:00:00,28300.0,28450.0,27750.0,28050.0,60328.0
2020-05-22 12:00:00,27600.0,29050.0,27250.0,28100.0,481715.0
2020-05-22 13:00:00,28100.0,28350.0,27700.0,27700.0,78084.0
2020-05-22 14:00:00,28050.0,28650.0,27650.0,28100.0,191243.0
2020-05-22 15:00:00,27700.0,28400.0,27650.0,28400.0,91865.0
2020-05-25 09:00:00,29500.0,29550.0,29050.0,29250.0,152175.0
2020-05-25 10:00:00,29200.0,29650.0,29200.0,29650.0,63860.0
2020-05-25 11:00:00,29700.0,29950.0,29500.0,29500.0,111251.0
2020-05-25 12:00:00,29200.0,30100.0,28350.0,29450.0,523303.0
2020-05-25 13:00:00,29350.0,29450.0,29150.0,29400.0,87630.0
2020-05-25 14:00:00,29450.0,29550.0,29100.0,29350.0,174554.0
2020-05-25 15:00:00,29350.0,29750.0,29350.0,29650.0,81654.0
2020-05-26 09:00:00,30250.0,30950.0,29600.0,30450.0,433154.0
2020-05-26 10:00:00,30400.0,31750.0,30300.0,31700.0,308041.0
2020-05-26 11:00:00,31700.0,34150.0,31500.0,32800.0,555787.0
2020-05-26 12:00:00,32800.0,33350.0,32000.0,32300.0,283055.0
2020-05-26 13:00:00,32350.0,32750.0,31750.0,32200.0,216715.0
2020-05-26 14:00:00,32250.0,32500.0,32050.0,32450.0,117629.0
2020-05-26 15:00:00,32450.0,33300.0,32450.0,33200.0,160020.0
2020-05-27 09:00:00,32850.0,33250.0,32500.0,33050.0,97831.0
2020-05-27 10:00:00,33000.0,33450.0,32900.0,33300.0,67441.0
2020-05-27 11:00:00,33600.0,33600.0,32700.0,32900.0,101330.0
2020-05-27 12:00:00,33400.0,33800.0,33200.0,33550.0,75689.0
2020-05-27 13:00:00,33100.0,33500.0,32500.0,33400.0,129689.0
2020-05-27 14:00:00,34300.0,34700.0,32800.0,33100.0,256693.0
2020-05-27 15:00:00,33200.0,34850.0,31650.0,34350.0,694595.0
2020-05-28 09:00:00,33650.0,34200.0,32500.0,32700.0,350568.0
2020-05-28 10:00:00,32700.0,32750.0,31850.0,32300.0,215364.0
2020-05-28 11:00:00,32350.0,32450.0,31100.0,31250.0,274250.0
2020-05-28 12:00:00,31200.0,31400.0,29950.0,30650.0,466699.0
2020-05-28 13:00:00,30500.0,31600.0,29600.0,31100.0,417151.0
2020-05-28 14:00:00,31100.0,31600.0,30750.0,31400.0,164559.0
2020-05-28 15:00:00,31350.0,31800.0,31150.0,31150.0,99142.0
2020-05-29 09:00:00,30050.0,30250.0,30000.0,30100.0,78097.0
2020-05-29 10:00:00,30000.0,30500.0,29950.0,30050.0,121037.0
2020-05-29 11:00:00,30050.0,30100.0,29300.0,30000.0,223122.0
2020-05-29 12:00:00,30600.0,31650.0,29750.0,30650.0,434779.0
2020-05-29 13:00:00,30250.0,30550.0,29950.0,30250.0,94136.0
2020-05-29 14:00:00,30600.0,30650.0,29800.0,30200.0,283459.0
2020-05-29 15:00:00,30300.0,30350.0,29900.0,30100.0,82115.0
2020-06-01 09:00:00,30200.0,30300.0,30000.0,30200.0,106717.0
2020-06-01 10:00:00,30200.0,30800.0,30200.0,30800.0,109581.0
2020-06-01 11:00:00,30100.0,30300.0,30050.0,30200.0,59441.0
2020-06-01 12:00:00,30600.0,31150.0,30100.0,30550.0,271992.0
2020-06-01 13:00:00,30300.0,30500.0,30100.0,30350.0,75285.0
2020-06-01 14:00:00,30550.0,30600.0,29950.0,30300.0,162919.0
2020-06-01 15:00:00,30350.0,30400.0,29900.0,30100.0,95146.0
2020-06-02 09:00:00,30900.0,32400.0,30500.0,31450.0,505178.0
2020-06-02 10:00:00,31450.0,31500.0,30950.0,31000.0,110238.0
2020-06-02 11:00:00,30950.0,31500.0,30850.0,31350.0,89837.0
2020-06-02 12:00:00,31350.0,31450.0,30950.0,31100.0,67668.0
2020-06-02 13:00:00,31150.0,31150.0,30900.0,30950.0,52451.0
2020-06-02 14:00:00,30950.0,31000.0,30700.0,30850.0,85305.0
2020-06-02 15:00:00,30850.0,30900.0,30650.0,30700.0,66349.0
2020-06-03 09:00:00,29000.0,29250.0,28800.0,29000.0,142450.0
2020-06-03 10:00:00,29100.0,29300.0,28850.0,29000.0,190379.0
2020-06-03 11:00:00,29600.0,29700.0,29050.0,29100.0,90988.0
2020-06-03 12:00:00,31300.0,31300.0,29500.0,29700.0,403120.0
2020-06-03 13:00:00,29050.0,29500.0,29000.0,29100.0,102937.0
2020-06-03 14:00:00,29700.0,29700.0,28850.0,29100.0,470476.0
2020-06-03 15:00:00,29100.0,29750.0,29050.0,29600.0,83464.0
2020-06-04 09:00:00,29500.0,31350.0,29450.0,30800.0,829235.0
2020-06-04 10:00:00,30800.0,30850.0,30100.0,30150.0,174183.0
2020-06-04 11:00:00,30150.0,30200.0,29800.0,29950.0,143073.0
2020-06-04 12:00:00,29950.0,30850.0,29950.0,30600.0,161014.0
2020-06-04 13:00:00,30550.0,30600.0,30100.0,30350.0,82560.0
2020-06-04 14:00:00,30350.0,31100.0,30350.0,30900.0,177572.0
2020-06-04 15:00:00,30900.0,31050.0,30800.0,31000.0,93217.0
2020-06-05 09:00:00,30450.0,30800.0,30350.0,30750.0,63400.0
2020-06-05 10:00:00,30500.0,30650.0,30400.0,30550.0,46518.0
2020-06-05 11:00:00,30550.0,30650.0,30400.0,30450.0,65911.0
2020-06-05 12:00:00,30600.0,30800.0,30400.0,30600.0,62582.0
2020-06-05 13:00:00,30950.0,31150.0,30550.0,30600.0,75204.0
2020-06-05 14:00:00,31200.0,31350.0,30050.0,30900.0,304959.0
2020-06-05 15:00:00,30600.0,30650.0,30300.0,30550.0,59655.0
2020-06-08 09:00:00,29900.0,30000.0,29850.0,30000.0,29068.0
2020-06-08 10:00:00,29850.0,29900.0,29800.0,29800.0,31090.0
2020-06-08 11:00:00,29800.0,30100.0,29800.0,29900.0,59423.0
2020-06-08 12:00:00,29900.0,29950.0,29800.0,29900.0,47899.0
2020-06-08 13:00:00,30000.0,30000.0,29750.0,29950.0,78290.0
2020-06-08 14:00:00,29900.0,29950.0,29850.0,29850.0,31184.0
2020-06-08 15:00:00,31000.0,31050.0,29700.0,29950.0,315681.0
2020-06-09 09:00:00,30000.0,30000.0,29750.0,29800.0,31239.0
2020-06-09 10:00:00,30500.0,30800.0,30200.0,30350.0,223046.0
2020-06-09 11:00:00,30350.0,30350.0,29800.0,30150.0,81412.0
2020-06-09 12:00:00,30150.0,30200.0,29850.0,29850.0,40688.0
2020-06-09 13:00:00,29850.0,30000.0,29800.0,29800.0,47033.0
2020-06-09 14:00:00,29800.0,29850.0,29600.0,29800.0,72494.0
2020-06-09 15:00:00,29700.0,30000.0,29650.0,30000.0,31971.0
2020-06-10 09:00:00,29600.0,29850.0,29500.0,29800.0,41888.0
2020-06-10 10:00:00,29750.0,30000.0,29750.0,30000.0,46327.0
2020-06-10 11:00:00,29700.0,29750.0,29500.0,29600.0,48117.0
2020-06-10 12:00:00,29900.0,30100.0,29350.0,29900.0,121574.0
2020-06-10 13:00:00,29850.0,29900.0,29650.0,29750.0,39255.0
2020-06-10 14:00:00,29900.0,30150.0,29800.0,29850.0,55657.0
2020-06-10 15:00:00,29700.0,29850.0,29650.0,29700.0,23652.0
2020-06-11 09:00:00,30500.0,30800.0,30000.0,30400.0,274727.0
2020-06-11 10:00:00,30400.0,31800.0,30400.0,31350.0,359519.0
2020-06-11 11:00:00,31300.0,31700.0,31150.0,31400.0,136082.0
2020-06-11 12:00:00,31400.0,31450.0,30600.0,30800.0,109131.0
2020-06-11 13:00:00,30850.0,31150.0,30400.0,30700.0,105791.0
2020-06-11 14:00:00,30700.0,31000.0,30500.0,30650.0,91052.0
2020-06-11 15:00:00,30650.0,31050.0,30550.0,31050.0,61592.0
2020-06-12 09:00:00,31500.0,32200.0,31400.0,31400.0,181635.0
2020-06-12 10:00:00,30450.0,31600.0,30400.0,31550.0,189887.0
2020-06-12 11:00:00,30550.0,30550.0,30350.0,30450.0,43621.0
2020-06-12 12:00:00,29000.0,30100.0,29000.0,29750.0,342785.0
2020-06-12 13:00:00,30200.0,30900.0,30200.0,30400.0,94506.0
2020-06-12 14:00:00,29750.0,30400.0,29600.0,30250.0,143717.0
2020-06-12 15:00:00,30450.0,30600.0,30200.0,30400.0,47258.0
2020-06-15 09:00:00,30000.0,30100.0,28600.0,29600.0,199623.0
2020-06-15 10:00:00,29600.0,29600.0,28300.0,28300.0,149126.0
2020-06-15 11:00:00,30300.0,30300.0,29800.0,29950.0,94773.0
2020-06-15 12:00:00,30750.0,31000.0,28300.0,30150.0,401739.0
2020-06-15 13:00:00,30300.0,30700.0,30200.0,30250.0,88576.0
2020-06-15 14:00:00,30150.0,30500.0,29850.0,30300.0,66657.0
2020-06-15 15:00:00,30300.0,30500.0,30200.0,30250.0,39064.0
2020-06-16 09:00:00,29750.0,29950.0,29050.0,29600.0,205706.0
2020-06-16 10:00:00,29600.0,29950.0,29550.0,29750.0,67997.0
2020-06-16 11:00:00,29700.0,30250.0,29600.0,30100.0,106756.0
2020-06-16 12:00:00,30100.0,30100.0,29600.0,29600.0,45770.0
2020-06-16 13:00:00,29600.0,29850.0,29450.0,29850.0,42581.0
2020-06-16 14:00:00,29800.0,30200.0,29700.0,30200.0,53174.0
2020-06-16 15:00:00,30150.0,30200.0,30000.0,30050.0,39415.0
2020-06-17 09:00:00,31550.0,31800.0,31550.0,31700.0,79918.0
2020-06-17 10:00:00,31300.0,31750.0,31150.0,31550.0,150068.0
2020-06-17 11:00:00,31500.0,32050.0,31250.0,31250.0,335782.0
2020-06-17 12:00:00,30000.0,31800.0,29750.0,31700.0,383988.0
2020-06-17 13:00:00,31100.0,31200.0,30000.0,30600.0,190501.0
2020-06-17 14:00:00,31700.0,31800.0,30450.0,31050.0,243722.0
2020-06-17 15:00:00,30600.0,31750.0,30350.0,31450.0,296909.0
2020-06-18 09:00:00,31950.0,32300.0,31200.0,31650.0,286462.0
2020-06-18 10:00:00,31650.0,31950.0,31000.0,31300.0,134001.0
2020-06-18 11:00:00,31300.0,31550.0,31200.0,31400.0,50757.0
2020-06-18 12:00:00,31400.0,31950.0,31300.0,31800.0,54349.0
2020-06-18 13:00:00,31800.0,31850.0,31550.0,31700.0,53235.0
2020-06-18 14:00:00,31700.0,31800.0,31400.0,31550.0,46623.0
2020-06-18 15:00:00,31600.0,31850.0,31500.0,31850.0,49394.0
2020-06-19 09:00:00,35850.0,36650.0,35300.0,36550.0,521580.0
2020-06-19 10:00:00,33950.0,34750.0,33950.0,34350.0,535476.0
2020-06-19 11:00:00,34350.0,36250.0,34050.0,35850.0,752646.0
2020-06-19 12:00:00,32850.0,33750.0,32750.0,33600.0,164087.0
2020-06-19 13:00:00,33300.0,33350.0,32300.0,32900.0,281850.0
2020-06-19 14:00:00,32700.0,34150.0,32650.0,33300.0,891751.0
2020-06-19 15:00:00,33600.0,34000.0,33150.0,33950.0,229836.0
2020-06-22 09:00:00,36650.0,36800.0,36400.0,36700.0,62089.0
2020-06-22 10:00:00,36750.0,37250.0,36000.0,36300.0,141702.0
2020-06-22 11:00:00,36200.0,36950.0,36000.0,36700.0,141607.0
2020-06-22 12:00:00,36450.0,36950.0,36400.0,36750.0,88751.0
2020-06-22 13:00:00,36900.0,38100.0,36400.0,36450.0,612347.0
2020-06-22 14:00:00,36800.0,37150.0,36350.0,36750.0,131733.0
2020-06-22 15:00:00,36050.0,37300.0,35550.0,36950.0,767649.0
2020-06-23 09:00:00,37500.0,37700.0,37300.0,37450.0,72502.0
2020-06-23 10:00:00,37350.0,40100.0,37050.0,38150.0,1075588.0
2020-06-23 11:00:00,38100.0,38400.0,37100.0,38350.0,376041.0
2020-06-23 12:00:00,38350.0,38950.0,38000.0,38300.0,231484.0
2020-06-23 13:00:00,38300.0,38450.0,37700.0,38250.0,82543.0
2020-06-23 14:00:00,38250.0,38500.0,37900.0,38150.0,60455.0
2020-06-23 15:00:00,38150.0,38150.0,37450.0,37500.0,120409.0
2020-06-24 09:00:00,37600.0,38500.0,37500.0,38350.0,141667.0
2020-06-24 10:00:00,38350.0,38600.0,38000.0,38600.0,92125.0
2020-06-24 11:00:00,37500.0,37700.0,37400.0,37550.0,45761.0
2020-06-24 12:00:00,38300.0,38500.0,36700.0,37750.0,267181.0
2020-06-24 13:00:00,37450.0,37800.0,36900.0,37800.0,92398.0
2020-06-24 14:00:00,37750.0,37750.0,37400.0,37450.0,62769.0
2020-06-24 15:00:00,37750.0,37900.0,37500.0,37500.0,68326.0
2020-06-25 09:00:00,37650.0,38600.0,37250.0,38150.0,236982.0
2020-06-25 10:00:00,38150.0,38350.0,37100.0,37600.0,149886.0
2020-06-25 11:00:00,37550.0,37750.0,37150.0,37550.0,82782.0
2020-06-25 12:00:00,37500.0,37650.0,36850.0,37200.0,101652.0
2020-06-25 13:00:00,37150.0,37550.0,37000.0,37250.0,52074.0
2020-06-25 14:00:00,37300.0,38100.0,37250.0,37700.0,85299.0
2020-06-25 15:00:00,37700.0,37900.0,37250.0,37250.0,45677.0
2020-06-26 09:00:00,35450.0,35500.0,35150.0,35250.0,86694.0
2020-06-26 10:00:00,35550.0,35800.0,35250.0,35450.0,88853.0
2020-06-26 11:00:00,36000.0,36450.0,35500.0,35550.0,117796.0
2020-06-26 12:00:00,38200.0,38200.0,36000.0,36200.0,289352.0
2020-06-26 13:00:00,35000.0,35350.0,34600.0,35300.0,173668.0
2020-06-26 14:00:00,36200.0,36300.0,34350.0,35000.0,557974.0
2020-06-26 15:00:00,35300.0,36050.0,35300.0,36000.0,144819.0
2020-06-29 09:00:00,33750.0,34200.0,33600.0,33700.0,77456.0
2020-06-29 10:00:00,33650.0,33850.0,33400.0,33850.0,78700.0
2020-06-29 11:00:00,34050.0,34350.0,33700.0,33800.0,65860.0
2020-06-29 12:00:00,34400.0,35750.0,34300.0,34800.0,205222.0
2020-06-29 13:00:00,34500.0,34600.0,34000.0,34050.0,109230.0
2020-06-29 14:00:00,34900.0,35100.0,34350.0,34450.0,82355.0
2020-06-29 15:00:00,34050.0,34300.0,33700.0,34050.0,65028.0
2020-06-30 09:00:00,34700.0,36550.0,34700.0,35100.0,575048.0
2020-06-30 10:00:00,35050.0,35300.0,33600.0,33950.0,254345.0
2020-06-30 11:00:00,33950.0,34700.0,33700.0,34650.0,123907.0
2020-06-30 12:00:00,34600.0,34650.0,34050.0,34400.0,36831.0
2020-06-30 13:00:00,34450.0,35300.0,34350.0,35200.0,67732.0
2020-06-30 14:00:00,35200.0,35250.0,34550.0,34550.0,74719.0
2020-06-30 15:00:00,34550.0,34650.0,34400.0,34450.0,30400.0
2020-07-01 09:00:00,35300.0,35500.0,34700.0,35000.0,87918.0
2020-07-01 10:00:00,35000.0,35050.0,34600.0,34800.0,36550.0
2020-07-01 11:00:00,35150.0,35850.0,35000.0,35300.0,215165.0
2020-07-01 12:00:00,35500.0,35800.0,34750.0,35000.0,195781.0
2020-07-01 13:00:00,34800.0,35200.0,34650.0,35100.0,56196.0
2020-07-01 14:00:00,35000.0,35000.0,34650.0,34800.0,49315.0
2020-07-01 15:00:00,35100.0,35350.0,35050.0,35150.0,34632.0
2020-07-02 09:00:00,35750.0,35800.0,35200.0,35450.0,166324.0
2020-07-02 10:00:00,35450.0,35500.0,35250.0,35500.0,36669.0
2020-07-02 11:00:00,35500.0,35700.0,35250.0,35650.0,42232.0
2020-07-02 12:00:00,35650.0,35750.0,35400.0,35450.0,35861.0
2020-07-02 13:00:00,35500.0,35650.0,35400.0,35400.0,32393.0
2020-07-02 14:00:00,35400.0,35650.0,35300.0,35500.0,48361.0
2020-07-02 15:00:00,35500.0,35600.0,35300.0,35600.0,41123.0
2020-07-03 09:00:00,35850.0,35900.0,35750.0,35800.0,33520.0
2020-07-03 10:00:00,35850.0,35900.0,35600.0,35900.0,51812.0
2020-07-03 11:00:00,36250.0,36250.0,35800.0,35900.0,31927.0
2020-07-03 12:00:00,36100.0,36200.0,35950.0,36150.0,21387.0
2020-07-03 13:00:00,36300.0,36450.0,35900.0,36100.0,44400.0
2020-07-03 14:00:00,36600.0,36700.0,35750.0,36300.0,234357.0
2020-07-03 15:00:00,36100.0,36300.0,36050.0,36200.0,22995.0
2020-07-06 09:00:00,35900.0,36050.0,35200.0,35350.0,134953.0
2020-07-06 10:00:00,35400.0,36450.0,35300.0,36400.0,130240.0
2020-07-06 11:00:00,36400.0,37450.0,36150.0,37150.0,185933.0
2020-07-06 12:00:00,37150.0,37450.0,36950.0,37300.0,141043.0
2020-07-06 13:00:00,37300.0,37300.0,36750.0,36800.0,95065.0
2020-07-06 14:00:00,36800.0,37300.0,36650.0,37150.0,101011.0
2020-07-06 15:00:00,37150.0,37250.0,36950.0,37200.0,53230.0
2020-07-07 09:00:00,36850.0,36950.0,36700.0,36750.0,39438.0
2020-07-07 10:00:00,37100.0,37200.0,36800.0,36900.0,65673.0
2020-07-07 11:00:00,37350.0,37400.0,37000.0,37150.0,68496.0
2020-07-07 12:00:00,37550.0,37550.0,36850.0,37250.0,119091.0
2020-07-07 13:00:00,37300.0,37300.0,37000.0,37150.0,45586.0
2020-07-07 14:00:00,37150.0,37550.0,37050.0,37350.0,82140.0
2020-07-07 15:00:00,38000.0,38700.0,37000.0,37500.0,399221.0
2020-07-08 09:00:00,37150.0,37500.0,37000.0,37000.0,111432.0
2020-07-08 10:00:00,37050.0,37450.0,36950.0,37450.0,57783.0
2020-07-08 11:00:00,37500.0,37550.0,37350.0,37350.0,44638.0
2020-07-08 12:00:00,37350.0,37400.0,37150.0,37250.0,34499.0
2020-07-08 13:00:00,37250.0,37500.0,37200.0,37250.0,51399.0
2020-07-08 14:00:00,37300.0,37500.0,37200.0,37500.0,30360.0
2020-07-08 15:00:00,36650.0,37200.0,36400.0,37150.0,112817.0
2020-07-09 09:00:00,37400.0,37700.0,37200.0,37200.0,97785.0
2020-07-09 10:00:00,37450.0,37500.0,37300.0,37450.0,67328.0
2020-07-09 11:00:00,37400.0,37600.0,37300.0,37450.0,63789.0
2020-07-09 12:00:00,37400.0,37550.0,37200.0,37350.0,35821.0
2020-07-09 13:00:00,37250.0,37750.0,37000.0,37400.0,79032.0
2020-07-09 14:00:00,37800.0,37800.0,36800.0,37200.0,127342.0
2020-07-09 15:00:00,37350.0,37500.0,37300.0,37450.0,28265.0
2020-07-10 09:00:00,36100.0,36500.0,36050.0,36500.0,49010.0
2020-07-10 10:00:00,36500.0,36650.0,36400.0,36500.0,25122.0
2020-07-10 11:00:00,36500.0,36500.0,36000.0,36100.0,95004.0
2020-07-10 12:00:00,36850.0,36950.0,36500.0,36850.0,70926.0
2020-07-10 13:00:00,36850.0,37000.0,36500.0,36600.0,48046.0
2020-07-10 14:00:00,37500.0,37600.0,36600.0,36850.0,126611.0
2020-07-10 15:00:00,36550.0,36650.0,36400.0,36500.0,48779.0
2020-07-13 09:00:00,36500.0,36650.0,35750.0,35950.0,171853.0
2020-07-13 10:00:00,35900.0,36050.0,35850.0,36050.0,49934.0
2020-07-13 11:00:00,36050.0,36500.0,36050.0,36350.0,41562.0
2020-07-13 12:00:00,36400.0,36500.0,36100.0,36450.0,34706.0
2020-07-13 13:00:00,36450.0,36500.0,36250.0,36350.0,25455.0
2020-07-13 14:00:00,36350.0,36650.0,36300.0,36550.0,39692.0
2020-07-13 15:00:00,36550.0,36600.0,36500.0,36600.0,22460.0
2020-07-14 09:00:00,35850.0,36000.0,35700.0,35850.0,31268.0
2020-07-14 10:00:00,36250.0,36300.0,35850.0,36000.0,40817.0
2020-07-14 11:00:00,36000.0,36150.0,35800.0,35850.0,37159.0
2020-07-14 12:00:00,35850.0,36100.0,35850.0,36100.0,22636.0
2020-07-14 13:00:00,36050.0,36100.0,35600.0,35850.0,125554.0
2020-07-14 14:00:00,35850.0,35900.0,35650.0,35850.0,36564.0
2020-07-14 15:00:00,36100.0,36550.0,35850.0,36250.0,97164.0
2020-07-15 09:00:00,36450.0,36500.0,34750.0,35400.0,144429.0
2020-07-15 10:00:00,35400.0,36000.0,35400.0,35800.0,37232.0
2020-07-15 11:00:00,35750.0,36000.0,35500.0,36000.0,44847.0
2020-07-15 12:00:00,36000.0,36000.0,35650.0,35650.0,24708.0
2020-07-15 13:00:00,35650.0,35900.0,35600.0,35850.0,20532.0
2020-07-15 14:00:00,35850.0,35850.0,35550.0,35650.0,43396.0
2020-07-15 15:00:00,35650.0,35750.0,35500.0,35650.0,24208.0
2020-07-16 09:00:00,35750.0,35850.0,35350.0,35750.0,44926.0
2020-07-16 10:00:00,35900.0,35950.0,35700.0,35750.0,21273.0
2020-07-16 11:00:00,35750.0,35800.0,35650.0,35750.0,14993.0
2020-07-16 12:00:00,36000.0,36100.0,35600.0,35850.0,39302.0
2020-07-16 13:00:00,36150.0,36450.0,35950.0,35950.0,41749.0
2020-07-16 14:00:00,36050.0,36600.0,35650.0,36150.0,145851.0
2020-07-16 15:00:00,35850.0,36050.0,35750.0,35950.0,21334.0
2020-07-17 09:00:00,35400.0,35500.0,35300.0,35450.0,22502.0
2020-07-17 10:00:00,35600.0,35600.0,35350.0,35400.0,23906.0
2020-07-17 11:00:00,35400.0,35600.0,35400.0,35550.0,24218.0
2020-07-17 12:00:00,35550.0,35750.0,35400.0,35700.0,21286.0
2020-07-17 13:00:00,35600.0,35700.0,35100.0,35450.0,55268.0
2020-07-17 14:00:00,35700.0,36200.0,35450.0,35550.0,86461.0
2020-07-17 15:00:00,35700.0,35750.0,35500.0,35600.0,13921.0
2020-07-20 09:00:00,35500.0,35500.0,34500.0,34700.0,159004.0
2020-07-20 10:00:00,34700.0,34950.0,34500.0,34800.0,52531.0
2020-07-20 11:00:00,34800.0,35450.0,34750.0,35250.0,52089.0
2020-07-20 12:00:00,35250.0,35300.0,34950.0,35150.0,20234.0
2020-07-20 13:00:00,35100.0,35750.0,35000.0,35750.0,48686.0
2020-07-20 14:00:00,35750.0,36000.0,35550.0,36000.0,65382.0
2020-07-20 15:00:00,35950.0,36100.0,35900.0,35950.0,31220.0
2020-07-21 09:00:00,35800.0,35950.0,35700.0,35700.0,26424.0
2020-07-21 10:00:00,36050.0,36100.0,35850.0,35950.0,21649.0
2020-07-21 11:00:00,35950.0,35950.0,35650.0,35800.0,38167.0
2020-07-21 12:00:00,35850.0,35850.0,35650.0,35850.0,30827.0
2020-07-21 13:00:00,36050.0,36100.0,35800.0,35850.0,41397.0
2020-07-21 14:00:00,35800.0,36250.0,35750.0,36100.0,55593.0
2020-07-21 15:00:00,36700.0,36750.0,35850.0,36050.0,128938.0
2020-07-22 09:00:00,35900.0,35900.0,35000.0,35100.0,99187.0
2020-07-22 10:00:00,35100.0,35500.0,35000.0,35350.0,36421.0
2020-07-22 11:00:00,35350.0,35400.0,35150.0,35400.0,21606.0
2020-07-22 12:00:00,35350.0,35500.0,35300.0,35400.0,17613.0
2020-07-22 13:00:00,35350.0,35500.0,35250.0,35500.0,23075.0
2020-07-22 14:00:00,35500.0,37450.0,35450.0,37250.0,276544.0
2020-07-22 15:00:00,37250.0,37600.0,37200.0,37600.0,183433.0
2020-07-23 09:00:00,41800.0,42250.0,41700.0,42250.0,295492.0
2020-07-23 10:00:00,41850.0,41950.0,41050.0,41850.0,323827.0
2020-07-23 11:00:00,40450.0,42000.0,39850.0,41800.0,654136.0
2020-07-23 12:00:00,38200.0,39500.0,38100.0,39450.0,441346.0
2020-07-23 13:00:00,39400.0,40700.0,39350.0,40100.0,797580.0
2020-07-23 14:00:00,38250.0,39300.0,36850.0,38200.0,554487.0
2020-07-23 15:00:00,40100.0,40750.0,39750.0,40400.0,312323.0
2020-07-24 09:00:00,40650.0,41300.0,40400.0,41250.0,121872.0
2020-07-24 10:00:00,41200.0,41450.0,40800.0,40800.0,115629.0
2020-07-24 11:00:00,40450.0,40850.0,39850.0,40650.0,259906.0
2020-07-24 12:00:00,41250.0,41550.0,40950.0,41250.0,115687.0
2020-07-24 13:00:00,41250.0,41450.0,41100.0,41300.0,59557.0
2020-07-24 14:00:00,41350.0,41400.0,40300.0,40450.0,207607.0
2020-07-24 15:00:00,41900.0,42550.0,40750.0,41300.0,599565.0
2020-07-27 09:00:00,40350.0,41100.0,40150.0,40600.0,214008.0
2020-07-27 10:00:00,40600.0,40750.0,40300.0,40500.0,110161.0
2020-07-27 11:00:00,40500.0,41400.0,40500.0,40900.0,140185.0
2020-07-27 12:00:00,40900.0,41550.0,40800.0,41250.0,101869.0
2020-07-27 13:00:00,41250.0,42050.0,41150.0,41500.0,183578.0
2020-07-27 14:00:00,41550.0,41700.0,40700.0,40950.0,130869.0
2020-07-27 15:00:00,40950.0,41700.0,40950.0,41700.0,64465.0
2020-07-28 09:00:00,41950.0,41950.0,41550.0,41850.0,38664.0
2020-07-28 10:00:00,41650.0,41750.0,41500.0,41500.0,30416.0
2020-07-28 11:00:00,41850.0,41850.0,41350.0,41600.0,58633.0
2020-07-28 12:00:00,42150.0,42300.0,41700.0,41950.0,76955.0
2020-07-28 13:00:00,42200.0,42200.0,41400.0,41850.0,113073.0
2020-07-28 14:00:00,41850.0,42600.0,41400.0,42200.0,290879.0
2020-07-28 15:00:00,41850.0,42200.0,41700.0,42100.0,56243.0
2020-07-29 09:00:00,41100.0,41800.0,41000.0,41100.0,101951.0
2020-07-29 10:00:00,41050.0,41400.0,40700.0,41300.0,69736.0
2020-07-29 11:00:00,41350.0,41350.0,41000.0,41100.0,21475.0
2020-07-29 12:00:00,41100.0,41350.0,41000.0,41250.0,29991.0
2020-07-29 13:00:00,41300.0,41300.0,40800.0,40850.0,37213.0
2020-07-29 14:00:00,40800.0,41050.0,40650.0,41050.0,45582.0
2020-07-29 15:00:00,41000.0,41100.0,40850.0,40850.0,35013.0
2020-07-30 09:00:00,41300.0,41500.0,41200.0,41500.0,25502.0
2020-07-30 10:00:00,41100.0,41550.0,41050.0,41300.0,68266.0
2020-07-30 11:00:00,41050.0,41200.0,40950.0,41100.0,20823.0
2020-07-30 12:00:00,41300.0,41650.0,40500.0,41000.0,119648.0
2020-07-30 13:00:00,41100.0,41250.0,40850.0,41000.0,26772.0
2020-07-30 14:00:00,41000.0,41100.0,40750.0,41100.0,51828.0
2020-07-30 15:00:00,40950.0,41200.0,40950.0,41050.0,19000.0
2020-07-31 09:00:00,43550.0,43700.0,42500.0,42750.0,137827.0
2020-07-31 10:00:00,42750.0,43000.0,42250.0,42400.0,89016.0
2020-07-31 11:00:00,44400.0,44500.0,43250.0,43500.0,104522.0
2020-07-31 12:00:00,41950.0,43400.0,41650.0,43200.0,495424.0
2020-07-31 13:00:00,43800.0,44300.0,43550.0,44000.0,122749.0
2020-07-31 14:00:00,43200.0,45000.0,43050.0,43800.0,517691.0
2020-07-31 15:00:00,44000.0,44650.0,43700.0,44400.0,98180.0
2020-08-03 09:00:00,44250.0,46450.0,43250.0,45300.0,768899.0
2020-08-03 10:00:00,45400.0,47200.0,45350.0,46450.0,385477.0
2020-08-03 11:00:00,46400.0,46750.0,45100.0,45350.0,150717.0
2020-08-03 12:00:00,45350.0,45900.0,45150.0,45450.0,100988.0
2020-08-03 13:00:00,45400.0,45650.0,44700.0,44750.0,127433.0
2020-08-03 14:00:00,44800.0,44950.0,44000.0,44450.0,142741.0
2020-08-03 15:00:00,44450.0,44950.0,44050.0,44950.0,91330.0
2020-08-04 09:00:00,44550.0,45050.0,44550.0,44900.0,36785.0
2020-08-04 10:00:00,44850.0,45000.0,44600.0,44950.0,40761.0
2020-08-04 11:00:00,45250.0,45300.0,44550.0,44550.0,57231.0
2020-08-04 12:00:00,44700.0,44950.0,44650.0,44900.0,31522.0
2020-08-04 13:00:00,45950.0,46500.0,44000.0,44700.0,362735.0
2020-08-04 14:00:00,44700.0,45200.0,44600.0,44750.0,63515.0
2020-08-04 15:00:00,44950.0,45500.0,44900.0,45300.0,41811.0
2020-08-05 09:00:00,44550.0,46450.0,43800.0,46100.0,300097.0
2020-08-05 10:00:00,46100.0,46800.0,45750.0,46100.0,161317.0
2020-08-05 11:00:00,46100.0,46700.0,45950.0,46650.0,85646.0
2020-08-05 12:00:00,46600.0,46950.0,46400.0,46950.0,97869.0
2020-08-05 13:00:00,46900.0,47000.0,46500.0,46750.0,102463.0
2020-08-05 14:00:00,46700.0,46800.0,46250.0,46300.0,58081.0
2020-08-05 15:00:00,46300.0,46700.0,46250.0,46600.0,33518.0
2020-08-06 09:00:00,46900.0,46950.0,46750.0,46850.0,31749.0
2020-08-06 10:00:00,46800.0,46950.0,46650.0,46900.0,47820.0
2020-08-06 11:00:00,46800.0,47050.0,46700.0,46750.0,32458.0
2020-08-06 12:00:00,46500.0,48400.0,46150.0,47800.0,301367.0
2020-08-06 13:00:00,47300.0,47500.0,46500.0,46650.0,102830.0
2020-08-06 14:00:00,47800.0,48850.0,47300.0,47300.0,158594.0
2020-08-06 15:00:00,46650.0,47200.0,46550.0,46800.0,41314.0
2020-08-07 09:00:00,47900.0,48000.0,47550.0,47600.0,59379.0
2020-08-07 10:00:00,47650.0,47850.0,47600.0,47850.0,41164.0
2020-08-07 11:00:00,47950.0,48200.0,47800.0,47900.0,43809.0
2020-08-07 12:00:00,47300.0,49150.0,46850.0,49100.0,252170.0
2020-08-07 13:00:00,47900.0,48100.0,47400.0,47500.0,58183.0
2020-08-07 14:00:00,49100.0,49500.0,47500.0,47900.0,209573.0
2020-08-07 15:00:00,47500.0,47950.0,47400.0,47900.0,40977.0
2020-08-10 09:00:00,49000.0,51100.0,47850.0,50100.0,458756.0
2020-08-10 10:00:00,50100.0,50700.0,49450.0,50500.0,151210.0
2020-08-10 11:00:00,50400.0,50500.0,50100.0,50300.0,81313.0
2020-08-10 12:00:00,50200.0,50400.0,50100.0,50100.0,42420.0
2020-08-10 13:00:00,50100.0,50400.0,50000.0,50100.0,47247.0
2020-08-10 14:00:00,50000.0,51300.0,50000.0,50900.0,117543.0
2020-08-10 15:00:00,50900.0,53300.0,50800.0,53000.0,197634.0
2020-08-11 09:00:00,50800.0,51100.0,50700.0,50900.0,70009.0
2020-08-11 10:00:00,50900.0,51500.0,50800.0,51400.0,45864.0
2020-08-11 11:00:00,51500.0,51700.0,50700.0,50800.0,76365.0
2020-08-11 12:00:00,52600.0,52800.0,50800.0,51400.0,302635.0
2020-08-11 13:00:00,50400.0,51500.0,50000.0,51500.0,102978.0
2020-08-11 14:00:00,51400.0,51400.0,50300.0,50400.0,197368.0
2020-08-11 15:00:00,51400.0,51900.0,51200.0,51600.0,57963.0
2020-08-12 09:00:00,50200.0,50600.0,48100.0,48550.0,412258.0
2020-08-12 10:00:00,48600.0,50000.0,48500.0,49650.0,112696.0
2020-08-12 11:00:00,49650.0,50100.0,49600.0,49750.0,52465.0
2020-08-12 12:00:00,49750.0,49800.0,48800.0,48850.0,84403.0
2020-08-12 13:00:00,48850.0,49000.0,48000.0,48200.0,143300.0
2020-08-12 14:00:00,48200.0,48850.0,48000.0,48550.0,126707.0
2020-08-12 15:00:00,48550.0,48600.0,48100.0,48250.0,61199.0
2020-08-13 09:00:00,47200.0,47600.0,46750.0,47600.0,64662.0
2020-08-13 10:00:00,48350.0,48500.0,47050.0,47150.0,119659.0
2020-08-13 11:00:00,48650.0,48700.0,48250.0,48350.0,36509.0
2020-08-13 12:00:00,48700.0,48800.0,48600.0,48650.0,21568.0
2020-08-13 13:00:00,48500.0,49100.0,48300.0,48400.0,73445.0
2020-08-13 14:00:00,49350.0,49900.0,48050.0,48500.0,239868.0
2020-08-13 15:00:00,48400.0,48900.0,48350.0,48650.0,27140.0
2020-08-14 09:00:00,47000.0,47100.0,45550.0,45700.0,255553.0
2020-08-14 10:00:00,45600.0,46750.0,45400.0,46750.0,122003.0
2020-08-14 11:00:00,46700.0,46750.0,46050.0,46150.0,46005.0
2020-08-14 12:00:00,46150.0,46750.0,45850.0,46250.0,61458.0
2020-08-14 13:00:00,46250.0,46500.0,45850.0,46000.0,71478.0
2020-08-14 14:00:00,46000.0,46350.0,45950.0,46150.0,46706.0
2020-08-14 15:00:00,46150.0,46400.0,46050.0,46300.0,47665.0
2020-08-18 09:00:00,46400.0,46450.0,42750.0,43700.0,234623.0
2020-08-18 10:00:00,46700.0,47150.0,46350.0,46400.0,66973.0
2020-08-18 11:00:00,43700.0,44600.0,43550.0,44250.0,109701.0
2020-08-18 12:00:00,46500.0,46750.0,46000.0,46350.0,61782.0
2020-08-18 13:00:00,47200.0,47450.0,46150.0,46550.0,82298.0
2020-08-18 14:00:00,46350.0,46950.0,46250.0,46700.0,39587.0
2020-08-18 15:00:00,45350.0,47800.0,44850.0,47300.0,315875.0
2020-08-19 09:00:00,46550.0,47050.0,46300.0,47000.0,41304.0
2020-08-19 10:00:00,46550.0,47050.0,46000.0,46550.0,76805.0
2020-08-19 11:00:00,45650.0,47200.0,45400.0,46550.0,161753.0
2020-08-19 12:00:00,44850.0,46300.0,44300.0,44800.0,242276.0
2020-08-19 13:00:00,45350.0,45800.0,45300.0,45450.0,38223.0
2020-08-19 14:00:00,44700.0,46000.0,44700.0,45350.0,85184.0
2020-08-19 15:00:00,45450.0,45700.0,45000.0,45650.0,44478.0
2020-08-20 09:00:00,46800.0,47500.0,45700.0,45900.0,165294.0
2020-08-20 10:00:00,45850.0,46000.0,44100.0,45050.0,149179.0
2020-08-20 11:00:00,45000.0,45550.0,44300.0,44500.0,77691.0
2020-08-20 12:00:00,44500.0,44900.0,44200.0,44500.0,58081.0
2020-08-20 13:00:00,44500.0,45050.0,44100.0,44150.0,55896.0
2020-08-20 14:00:00,44150.0,44700.0,43800.0,44000.0,96269.0
2020-08-20 15:00:00,44000.0,44150.0,43750.0,44150.0,50442.0
2020-08-21 09:00:00,46300.0,46850.0,46150.0,46750.0,47504.0
2020-08-21 10:00:00,47000.0,47300.0,46200.0,46250.0,101334.0
2020-08-21 11:00:00,47000.0,47500.0,46600.0,47050.0,132008.0
2020-08-21 12:00:00,46550.0,47300.0,46350.0,47000.0,127664.0
2020-08-21 13:00:00,45600.0,46550.0,45550.0,46500.0,121336.0
2020-08-21 14:00:00,45150.0,45600.0,44500.0,45600.0,100230.0
2020-08-21 15:00:00,45200.0,45750.0,44150.0,45150.0,202680.0
2020-08-24 09:00:00,46600.0,47800.0,45650.0,47550.0,274148.0
2020-08-24 10:00:00,47550.0,49500.0,47500.0,49150.0,296781.0
2020-08-24 11:00:00,49100.0,49200.0,48600.0,48900.0,65459.0
2020-08-24 12:00:00,48900.0,48900.0,48350.0,48400.0,62963.0
2020-08-24 13:00:00,48350.0,48600.0,48050.0,48550.0,56927.0
2020-08-24 14:00:00,48600.0,49000.0,48350.0,48500.0,60902.0
2020-08-24 15:00:00,48600.0,48850.0,48500.0,48700.0,30825.0
2020-08-25 09:00:00,51800.0,52300.0,51600.0,52000.0,134752.0
2020-08-25 10:00:00,51300.0,52000.0,51000.0,51800.0,106863.0
2020-08-25 11:00:00,52000.0,52100.0,51500.0,51500.0,74844.0
2020-08-25 12:00:00,52900.0,53400.0,51400.0,51900.0,332101.0
2020-08-25 13:00:00,51500.0,52900.0,51100.0,52900.0,411099.0
2020-08-25 14:00:00,49950.0,51500.0,49600.0,51500.0,475160.0
2020-08-25 15:00:00,51800.0,51900.0,50600.0,51300.0,194330.0
2020-08-26 09:00:00,52500.0,53300.0,49700.0,50900.0,459216.0
2020-08-26 10:00:00,50900.0,51800.0,49900.0,51500.0,165909.0
2020-08-26 11:00:00,51500.0,52500.0,51400.0,51800.0,108335.0
2020-08-26 12:00:00,51800.0,51900.0,51200.0,51700.0,58406.0
2020-08-26 13:00:00,51600.0,51900.0,51100.0,51600.0,88124.0
2020-08-26 14:00:00,51600.0,51800.0,51400.0,51600.0,93254.0
2020-08-26 15:00:00,51700.0,52000.0,51500.0,52000.0,65377.0
2020-08-27 09:00:00,51900.0,52000.0,51500.0,51600.0,60138.0
2020-08-27 10:00:00,52800.0,53000.0,51200.0,51400.0,165372.0
2020-08-27 11:00:00,51600.0,52300.0,51400.0,51900.0,84163.0
2020-08-27 12:00:00,53200.0,54200.0,52800.0,53900.0,184654.0
2020-08-27 13:00:00,53300.0,54400.0,52300.0,53200.0,315399.0
2020-08-27 14:00:00,51700.0,53300.0,50900.0,53300.0,296899.0
2020-08-27 15:00:00,53900.0,54000.0,52500.0,52800.0,76486.0
2020-08-28 09:00:00,51200.0,51300.0,51000.0,51300.0,39389.0
2020-08-28 10:00:00,51600.0,51700.0,51000.0,51300.0,77373.0
2020-08-28 11:00:00,51300.0,51600.0,51000.0,51200.0,57561.0
2020-08-28 12:00:00,52200.0,52800.0,52100.0,52200.0,56146.0
2020-08-28 13:00:00,52400.0,53000.0,51900.0,52200.0,94230.0
2020-08-28 14:00:00,52300.0,52600.0,51200.0,52300.0,156117.0
2020-08-28 15:00:00,52100.0,52300.0,51600.0,51700.0,43569.0
2020-08-31 09:00:00,51000.0,51700.0,49750.0,50400.0,255282.0
2020-08-31 10:00:00,50400.0,50800.0,50100.0,50100.0,76300.0
2020-08-31 11:00:00,50100.0,50400.0,49850.0,49850.0,80857.0
2020-08-31 12:00:00,49850.0,50000.0,49800.0,50000.0,52453.0
2020-08-31 13:00:00,49950.0,49950.0,49100.0,49500.0,168738.0
2020-08-31 14:00:00,49500.0,50500.0,49300.0,50500.0,70990.0
2020-08-31 15:00:00,50400.0,50500.0,50000.0,50100.0,37922.0
2020-09-01 09:00:00,50300.0,50600.0,50000.0,50100.0,39707.0
2020-09-01 10:00:00,50100.0,50300.0,50000.0,50100.0,18606.0
2020-09-01 11:00:00,49950.0,50500.0,49950.0,50300.0,42119.0
2020-09-01 12:00:00,50000.0,50400.0,49700.0,50000.0,47609.0
2020-09-01 13:00:00,50000.0,50200.0,49900.0,50100.0,26059.0
2020-09-01 14:00:00,50200.0,50300.0,49950.0,49950.0,25013.0
2020-09-01 15:00:00,49900.0,50600.0,49400.0,50000.0,119952.0
2020-09-02 09:00:00,50500.0,50500.0,49900.0,49900.0,33196.0
2020-09-02 10:00:00,49950.0,49950.0,49500.0,49550.0,38326.0
2020-09-02 11:00:00,49550.0,49600.0,49450.0,49550.0,37798.0
2020-09-02 12:00:00,49550.0,50000.0,49500.0,49650.0,26110.0
2020-09-02 13:00:00,49650.0,50700.0,49500.0,50600.0,58710.0
2020-09-02 14:00:00,50600.0,50600.0,50400.0,50500.0,22411.0
2020-09-02 15:00:00,49950.0,50500.0,49550.0,50500.0,91610.0
2020-09-03 09:00:00,50300.0,50500.0,50200.0,50300.0,22688.0
2020-09-03 10:00:00,50400.0,50400.0,50200.0,50400.0,21097.0
2020-09-03 11:00:00,50600.0,50800.0,50300.0,50300.0,24278.0
2020-09-03 12:00:00,50700.0,50800.0,50100.0,50200.0,28020.0
2020-09-03 13:00:00,50600.0,50800.0,50100.0,50700.0,47679.0
2020-09-03 14:00:00,50900.0,51700.0,50300.0,50600.0,120387.0
2020-09-03 15:00:00,50200.0,50700.0,50100.0,50600.0,17992.0
2020-09-04 09:00:00,48600.0,48700.0,48450.0,48450.0,59448.0
2020-09-04 10:00:00,48450.0,48850.0,48400.0,48800.0,47057.0
2020-09-04 11:00:00,48300.0,48650.0,48000.0,48550.0,72092.0
2020-09-04 12:00:00,48550.0,48900.0,48050.0,48200.0,112376.0
2020-09-04 13:00:00,48200.0,48250.0,47900.0,48050.0,79460.0
2020-09-04 14:00:00,47200.0,49300.0,47200.0,48550.0,244867.0
2020-09-04 15:00:00,48050.0,48400.0,48000.0,48300.0,36465.0
2020-09-07 09:00:00,48550.0,48550.0,46650.0,47400.0,221182.0
2020-09-07 10:00:00,47400.0,47500.0,47000.0,47200.0,74827.0
2020-09-07 11:00:00,47200.0,47350.0,47000.0,47150.0,52775.0
2020-09-07 12:00:00,47150.0,47200.0,47000.0,47050.0,39381.0
2020-09-07 13:00:00,47050.0,47250.0,47050.0,47200.0,28173.0
2020-09-07 14:00:00,47150.0,47400.0,47000.0,47000.0,74752.0
2020-09-07 15:00:00,47000.0,47100.0,47000.0,47050.0,49164.0
2020-09-08 09:00:00,46350.0,46550.0,46300.0,46450.0,26007.0
2020-09-08 10:00:00,46500.0,46700.0,46400.0,46450.0,29699.0
2020-09-08 11:00:00,46450.0,46650.0,46350.0,46350.0,40529.0
2020-09-08 12:00:00,47400.0,47400.0,46300.0,46450.0,48703.0
2020-09-08 13:00:00,47450.0,47850.0,45550.0,46250.0,184157.0
2020-09-08 14:00:00,46300.0,47800.0,46250.0,47350.0,123086.0
2020-09-08 15:00:00,46450.0,46850.0,46400.0,46500.0,31463.0
2020-09-09 09:00:00,44700.0,46300.0,44600.0,45600.0,125103.0
2020-09-09 10:00:00,45550.0,45900.0,45300.0,45550.0,59361.0
2020-09-09 11:00:00,45550.0,45600.0,44850.0,45000.0,84501.0
2020-09-09 12:00:00,45000.0,45300.0,44950.0,45050.0,31662.0
2020-09-09 13:00:00,45050.0,45400.0,45050.0,45300.0,27296.0
2020-09-09 14:00:00,45300.0,45350.0,45000.0,45200.0,45628.0
2020-09-09 15:00:00,45150.0,45450.0,45000.0,45450.0,39148.0
2020-09-10 09:00:00,45600.0,46050.0,45600.0,46000.0,27286.0
2020-09-10 10:00:00,45400.0,45650.0,45400.0,45600.0,34651.0
2020-09-10 11:00:00,45700.0,45750.0,45400.0,45400.0,30385.0
2020-09-10 12:00:00,46900.0,46900.0,45400.0,45450.0,105317.0
2020-09-10 13:00:00,45600.0,45750.0,45500.0,45650.0,17575.0
2020-09-10 14:00:00,45400.0,45750.0,45350.0,45600.0,28584.0
2020-09-10 15:00:00,45700.0,45850.0,45700.0,45700.0,12881.0
2020-09-11 09:00:00,45000.0,45800.0,44900.0,45750.0,29444.0
2020-09-11 10:00:00,45750.0,45800.0,45550.0,45550.0,19278.0
2020-09-11 11:00:00,44900.0,45000.0,44850.0,45000.0,18144.0
2020-09-11 12:00:00,46000.0,46000.0,45000.0,45000.0,64632.0
2020-09-11 13:00:00,44900.0,45150.0,44850.0,44950.0,15824.0
2020-09-11 14:00:00,45000.0,45100.0,44750.0,44850.0,50737.0
2020-09-11 15:00:00,44950.0,45000.0,44900.0,44900.0,12964.0
2020-09-14 09:00:00,46100.0,48150.0,45700.0,48050.0,289095.0
2020-09-14 10:00:00,48000.0,49150.0,47750.0,48800.0,200442.0
2020-09-14 11:00:00,48800.0,49800.0,48500.0,49100.0,169610.0
2020-09-14 12:00:00,49100.0,49350.0,48550.0,48850.0,74513.0
2020-09-14 13:00:00,48800.0,49000.0,48500.0,48600.0,48255.0
2020-09-14 14:00:00,48600.0,49250.0,48550.0,49200.0,67168.0
2020-09-14 15:00:00,49250.0,49500.0,49200.0,49500.0,59023.0
2020-09-15 09:00:00,49350.0,49500.0,49300.0,49500.0,19650.0
2020-09-15 10:00:00,49550.0,49600.0,49150.0,49300.0,26909.0
2020-09-15 11:00:00,49650.0,49700.0,49450.0,49600.0,29908.0
2020-09-15 12:00:00,49300.0,49550.0,48950.0,49500.0,47500.0
2020-09-15 13:00:00,49550.0,49750.0,49450.0,49600.0,31395.0
2020-09-15 14:00:00,50000.0,50500.0,48700.0,49350.0,187033.0
2020-09-15 15:00:00,49550.0,49700.0,49400.0,49650.0,24476.0
2020-09-16 09:00:00,49700.0,50200.0,48650.0,49850.0,136144.0
2020-09-16 10:00:00,49850.0,50000.0,49200.0,49250.0,46006.0
2020-09-16 11:00:00,49250.0,49450.0,49150.0,49150.0,20827.0
2020-09-16 12:00:00,49150.0,49200.0,48950.0,48950.0,22143.0
2020-09-16 13:00:00,49000.0,49050.0,48550.0,48550.0,40954.0
2020-09-16 14:00:00,48550.0,48800.0,47850.0,47900.0,70909.0
2020-09-16 15:00:00,47900.0,48400.0,47500.0,48200.0,35198.0
2020-09-17 09:00:00,47700.0,47900.0,47550.0,47550.0,24424.0
2020-09-17 10:00:00,47200.0,47950.0,47150.0,47700.0,37177.0
2020-09-17 11:00:00,47550.0,47900.0,47200.0,47200.0,42290.0
2020-09-17 12:00:00,48000.0,48900.0,47200.0,48850.0,97908.0
2020-09-17 13:00:00,48350.0,48350.0,47850.0,47850.0,28600.0
2020-09-17 14:00:00,48850.0,49100.0,48150.0,48350.0,60197.0
2020-09-17 15:00:00,47850.0,48050.0,47300.0,47550.0,42389.0
2020-09-18 09:00:00,50600.0,50700.0,50200.0,50700.0,64158.0
2020-09-18 10:00:00,50600.0,51200.0,50500.0,51000.0,148032.0
2020-09-18 11:00:00,49900.0,50800.0,49900.0,50600.0,93646.0
2020-09-18 12:00:00,47800.0,50400.0,47700.0,50000.0,485907.0
2020-09-18 13:00:00,50600.0,51200.0,50300.0,50600.0,232705.0
2020-09-18 14:00:00,50000.0,50700.0,49500.0,50700.0,195729.0
2020-09-18 15:00:00,50600.0,50800.0,49800.0,49900.0,86717.0
2020-09-21 09:00:00,50500.0,50900.0,49400.0,50100.0,279703.0
2020-09-21 10:00:00,50200.0,50200.0,49100.0,49250.0,139565.0
2020-09-21 11:00:00,49200.0,49650.0,48850.0,49450.0,86687.0
2020-09-21 12:00:00,49500.0,49500.0,48800.0,49250.0,42322.0
2020-09-21 13:00:00,49200.0,49300.0,49000.0,49200.0,28830.0
2020-09-21 14:00:00,49250.0,49250.0,47700.0,48200.0,143019.0
2020-09-21 15:00:00,48200.0,49000.0,48150.0,48900.0,48891.0
2020-09-22 09:00:00,48600.0,48600.0,47300.0,47800.0,78093.0
2020-09-22 10:00:00,47800.0,48200.0,47550.0,48200.0,39782.0
2020-09-22 11:00:00,48850.0,48900.0,48200.0,48600.0,40426.0
2020-09-22 12:00:00,48900.0,49900.0,47750.0,48700.0,171301.0
2020-09-22 13:00:00,48900.0,49050.0,48100.0,49050.0,45026.0
2020-09-22 14:00:00,48700.0,49600.0,48500.0,48950.0,83475.0
2020-09-22 15:00:00,49050.0,49300.0,48550.0,48800.0,42068.0
2020-09-23 09:00:00,49900.0,50900.0,45400.0,45750.0,428480.0
2020-09-23 10:00:00,45750.0,47700.0,45150.0,47350.0,193189.0
2020-09-23 11:00:00,47350.0,47450.0,46000.0,46200.0,65801.0
2020-09-23 12:00:00,46150.0,46700.0,45850.0,46400.0,38964.0
2020-09-23 13:00:00,46400.0,46800.0,46250.0,46500.0,52269.0
2020-09-23 14:00:00,46500.0,46500.0,46200.0,46250.0,44706.0
2020-09-23 15:00:00,46200.0,46250.0,45950.0,46050.0,51501.0
2020-09-24 09:00:00,40850.0,41000.0,40500.0,40600.0,63662.0
2020-09-24 10:00:00,39850.0,41150.0,39500.0,40900.0,265075.0
2020-09-24 11:00:00,42100.0,42100.0,39850.0,39850.0,255165.0
2020-09-24 12:00:00,42350.0,42550.0,42050.0,42050.0,55976.0
2020-09-24 13:00:00,43650.0,43750.0,42950.0,43000.0,110807.0
2020-09-24 14:00:00,44200.0,44900.0,42950.0,43650.0,230524.0
2020-09-24 15:00:00,42950.0,43500.0,42050.0,42400.0,153309.0
2020-09-25 09:00:00,41900.0,42200.0,39500.0,40700.0,177684.0
2020-09-25 10:00:00,40700.0,42050.0,40650.0,41500.0,118771.0
2020-09-25 11:00:00,41500.0,41750.0,40750.0,41000.0,38580.0
2020-09-25 12:00:00,40950.0,41850.0,40950.0,41350.0,22863.0
2020-09-25 13:00:00,41350.0,41650.0,41000.0,41150.0,27707.0
2020-09-25 14:00:00,41150.0,41200.0,40200.0,40350.0,66575.0
2020-09-25 15:00:00,40350.0,40450.0,40300.0,40450.0,22234.0
2020-09-28 09:00:00,42500.0,42700.0,42450.0,42700.0,20861.0
2020-09-28 10:00:00,42200.0,42650.0,42000.0,42500.0,42096.0
2020-09-28 11:00:00,42550.0,42600.0,42300.0,42550.0,29565.0
2020-09-28 12:00:00,41800.0,42100.0,41700.0,41850.0,45606.0
2020-09-28 13:00:00,40700.0,42000.0,40700.0,41400.0,116884.0
2020-09-28 14:00:00,41850.0,42250.0,41400.0,42200.0,57225.0
2020-09-28 15:00:00,41350.0,41900.0,41050.0,41750.0,33055.0
2020-09-29 09:00:00,44200.0,44800.0,44050.0,44450.0,179566.0
2020-09-29 10:00:00,44500.0,44500.0,43400.0,44150.0,51141.0
2020-09-29 11:00:00,44200.0,44400.0,43800.0,44150.0,19673.0
2020-09-29 12:00:00,44100.0,44500.0,44000.0,44450.0,16895.0
2020-09-29 13:00:00,44400.0,44700.0,44350.0,44600.0,29277.0
2020-09-29 14:00:00,44600.0,44600.0,44250.0,44550.0,23528.0
2020-09-29 15:00:00,44550.0,44600.0,44400.0,44600.0,21900.0
2020-10-05 09:00:00,44250.0,44300.0,44150.0,44250.0,10423.0
2020-10-05 10:00:00,44100.0,44300.0,44000.0,44250.0,18862.0
2020-10-05 11:00:00,43900.0,44100.0,43800.0,44050.0,15347.0
2020-10-05 12:00:00,44000.0,44500.0,43850.0,44200.0,35120.0
2020-10-05 13:00:00,44150.0,44250.0,43950.0,43950.0,16650.0
2020-10-05 14:00:00,44100.0,44200.0,43200.0,44000.0,82290.0
2020-10-05 15:00:00,43950.0,44000.0,43800.0,43850.0,19072.0
2020-10-06 09:00:00,44250.0,44250.0,43900.0,44000.0,20947.0
2020-10-06 10:00:00,44000.0,44350.0,43950.0,44350.0,13037.0
2020-10-06 11:00:00,44450.0,44750.0,44250.0,44250.0,24191.0
2020-10-06 12:00:00,44150.0,44150.0,44000.0,44000.0,13228.0
2020-10-06 13:00:00,44000.0,44150.0,44000.0,44100.0,8764.0
2020-10-06 14:00:00,43900.0,45000.0,43900.0,44050.0,73878.0
2020-10-06 15:00:00,44100.0,44550.0,44050.0,44400.0,22158.0
2020-10-07 09:00:00,43550.0,43950.0,43400.0,43500.0,62118.0
2020-10-07 10:00:00,43500.0,43800.0,43500.0,43650.0,24184.0
2020-10-07 11:00:00,43650.0,43800.0,43550.0,43650.0,13714.0
2020-10-07 12:00:00,43650.0,43650.0,43350.0,43500.0,27739.0
2020-10-07 13:00:00,43500.0,43750.0,43400.0,43550.0,15641.0
2020-10-07 14:00:00,43600.0,43800.0,43550.0,43800.0,18433.0
2020-10-07 15:00:00,43800.0,43800.0,43650.0,43700.0,17681.0
2020-10-08 09:00:00,44450.0,45600.0,44300.0,45550.0,134161.0
2020-10-08 10:00:00,45600.0,45950.0,45500.0,45950.0,79826.0
2020-10-08 11:00:00,43100.0,44550.0,43100.0,44400.0,117369.0
2020-10-08 12:00:00,43950.0,43950.0,43350.0,43400.0,25913.0
2020-10-08 13:00:00,43500.0,43500.0,43200.0,43250.0,17272.0
2020-10-08 14:00:00,44000.0,44400.0,43450.0,43950.0,54988.0
2020-10-08 15:00:00,43250.0,43300.0,43050.0,43100.0,21300.0
2020-10-12 09:00:00,46000.0,46100.0,45000.0,45200.0,77853.0
2020-10-12 10:00:00,45250.0,45400.0,44900.0,45400.0,27512.0
2020-10-12 11:00:00,45400.0,45450.0,45300.0,45350.0,11803.0
2020-10-12 12:00:00,45350.0,45350.0,45150.0,45250.0,11822.0
2020-10-12 13:00:00,45250.0,45300.0,45050.0,45100.0,12046.0
2020-10-12 14:00:00,45050.0,45100.0,44900.0,45050.0,20368.0
2020-10-12 15:00:00,45050.0,46150.0,45050.0,46150.0,34212.0
2020-10-13 09:00:00,44300.0,44350.0,44200.0,44250.0,26075.0
2020-10-13 10:00:00,44450.0,44600.0,44300.0,44300.0,35324.0
2020-10-13 11:00:00,44600.0,44800.0,44450.0,44450.0,25243.0
2020-10-13 12:00:00,44400.0,44750.0,44350.0,44600.0,18127.0
2020-10-13 13:00:00,45300.0,45300.0,44750.0,44900.0,35194.0
2020-10-13 14:00:00,46300.0,46450.0,45100.0,45250.0,56141.0
2020-10-13 15:00:00,44900.0,45000.0,44150.0,44350.0,46957.0
2020-10-14 09:00:00,44050.0,44150.0,43150.0,43250.0,73142.0
2020-10-14 10:00:00,43250.0,43400.0,43100.0,43150.0,28362.0
2020-10-14 11:00:00,43200.0,43200.0,42800.0,43000.0,37288.0
2020-10-14 12:00:00,43050.0,43100.0,43000.0,43050.0,15475.0
2020-10-14 13:00:00,43050.0,43150.0,42600.0,42650.0,49347.0
2020-10-14 14:00:00,42600.0,42650.0,42200.0,42350.0,59790.0
2020-10-14 15:00:00,42350.0,42350.0,42000.0,42350.0,40555.0
2020-10-15 09:00:00,40400.0,41150.0,40300.0,41050.0,33693.0
2020-10-15 10:00:00,40950.0,41050.0,40350.0,40400.0,60229.0
2020-10-15 11:00:00,41050.0,41150.0,40950.0,40950.0,23269.0
2020-10-15 12:00:00,41050.0,41350.0,40950.0,41000.0,11867.0
2020-10-15 13:00:00,40900.0,41700.0,40800.0,40950.0,38518.0
2020-10-15 14:00:00,41000.0,41150.0,40800.0,40950.0,25827.0
2020-10-15 15:00:00,42350.0,42400.0,40600.0,40900.0,106537.0
2020-10-16 09:00:00,41050.0,41350.0,40950.0,40950.0,14459.0
2020-10-16 10:00:00,40200.0,41150.0,40200.0,41050.0,22998.0
2020-10-16 11:00:00,40950.0,40950.0,40150.0,40300.0,34598.0
2020-10-16 12:00:00,40900.0,41650.0,40800.0,41350.0,22949.0
2020-10-16 13:00:00,41350.0,41350.0,41000.0,41100.0,11756.0
2020-10-16 14:00:00,40900.0,41800.0,40350.0,40900.0,58074.0
2020-10-16 15:00:00,41100.0,41200.0,40700.0,40950.0,13680.0
2020-10-19 09:00:00,40700.0,41050.0,38700.0,38750.0,137146.0
2020-10-19 10:00:00,38750.0,39600.0,38750.0,39600.0,36179.0
2020-10-19 11:00:00,39550.0,39600.0,39250.0,39500.0,22886.0
2020-10-19 12:00:00,39500.0,39650.0,39350.0,39350.0,18014.0
2020-10-19 13:00:00,39350.0,39400.0,39000.0,39000.0,37300.0
2020-10-19 14:00:00,39000.0,39100.0,38850.0,38850.0,33511.0
2020-10-19 15:00:00,38850.0,38900.0,38700.0,38700.0,32006.0
2020-10-20 09:00:00,38350.0,38750.0,38250.0,38750.0,29826.0
2020-10-20 10:00:00,37500.0,38400.0,37450.0,38300.0,60582.0
2020-10-20 11:00:00,37600.0,38650.0,37450.0,37600.0,75661.0
2020-10-20 12:00:00,37650.0,37900.0,37150.0,37400.0,61606.0
2020-10-20 13:00:00,38300.0,38500.0,37300.0,37650.0,79271.0
2020-10-20 14:00:00,37600.0,39450.0,37600.0,38050.0,87904.0
2020-10-20 15:00:00,37400.0,37750.0,37200.0,37650.0,38375.0
2020-10-21 09:00:00,39000.0,39450.0,37850.0,37900.0,86278.0
2020-10-21 10:00:00,37950.0,38700.0,37850.0,38300.0,17386.0
2020-10-21 11:00:00,38300.0,38450.0,38100.0,38200.0,10579.0
2020-10-21 12:00:00,38150.0,38200.0,38000.0,38050.0,14258.0
2020-10-21 13:00:00,38100.0,38200.0,37850.0,37950.0,29150.0
2020-10-21 14:00:00,37950.0,38050.0,37850.0,37950.0,19546.0
2020-10-21 15:00:00,38000.0,38000.0,37900.0,38000.0,20060.0
2020-10-22 09:00:00,36200.0,36600.0,36100.0,36250.0,46191.0
2020-10-22 10:00:00,36200.0,36500.0,36000.0,36000.0,36953.0
2020-10-22 11:00:00,36800.0,36900.0,36150.0,36200.0,65459.0
2020-10-22 12:00:00,37400.0,37450.0,36800.0,36800.0,44954.0
2020-10-22 13:00:00,37550.0,37650.0,37250.0,37350.0,26185.0
2020-10-22 14:00:00,37900.0,38250.0,37500.0,37550.0,29665.0
2020-10-22 15:00:00,37800.0,38650.0,37200.0,37900.0,79160.0
2020-10-23 09:00:00,37950.0,37950.0,37650.0,37800.0,21405.0
2020-10-23 10:00:00,37650.0,37950.0,37450.0,37900.0,23441.0
2020-10-23 11:00:00,37750.0,38000.0,37550.0,37650.0,23132.0
2020-10-23 12:00:00,36050.0,37350.0,36050.0,37300.0,145352.0
2020-10-23 13:00:00,37200.0,38100.0,37150.0,38100.0,61795.0
2020-10-23 14:00:00,37300.0,37700.0,36850.0,37200.0,61246.0
2020-10-23 15:00:00,38100.0,38100.0,37500.0,37700.0,22806.0
2020-10-26 09:00:00,37350.0,37350.0,34750.0,34750.0,181841.0
2020-10-26 10:00:00,34750.0,35300.0,34250.0,34600.0,98825.0
2020-10-26 11:00:00,34600.0,34850.0,34450.0,34450.0,40274.0
2020-10-26 12:00:00,34450.0,34650.0,34350.0,34500.0,37704.0
2020-10-26 13:00:00,34500.0,34700.0,34250.0,34250.0,45297.0
2020-10-26 14:00:00,34250.0,34650.0,34050.0,34150.0,65059.0
2020-10-26 15:00:00,34150.0,34250.0,33900.0,34100.0,75722.0
2020-10-27 09:00:00,34400.0,34750.0,34350.0,34750.0,19989.0
2020-10-27 10:00:00,34900.0,35050.0,34150.0,34400.0,28314.0
2020-10-27 11:00:00,35350.0,35550.0,34650.0,34950.0,28895.0
2020-10-27 12:00:00,35450.0,35750.0,35200.0,35350.0,35355.0
2020-10-27 13:00:00,34650.0,35550.0,34550.0,35350.0,55893.0
2020-10-27 14:00:00,35350.0,35750.0,35100.0,35450.0,35453.0
2020-10-27 15:00:00,33850.0,35200.0,32950.0,34650.0,150324.0
2020-10-28 09:00:00,35000.0,36450.0,34800.0,36100.0,166460.0
2020-10-28 10:00:00,36150.0,36250.0,35750.0,35950.0,42337.0
2020-10-28 11:00:00,35950.0,36150.0,35650.0,35850.0,19204.0
2020-10-28 12:00:00,35850.0,36000.0,35850.0,35950.0,7923.0
2020-10-28 13:00:00,35950.0,36800.0,35950.0,36800.0,80396.0
2020-10-28 14:00:00,36800.0,37200.0,36600.0,37000.0,57354.0
2020-10-28 15:00:00,37050.0,37300.0,36800.0,37300.0,35606.0
2020-10-29 09:00:00,37100.0,37550.0,36900.0,37400.0,37396.0
2020-10-29 10:00:00,37400.0,37500.0,37200.0,37500.0,21647.0
2020-10-29 11:00:00,36250.0,37250.0,36150.0,37100.0,27023.0
2020-10-29 12:00:00,36550.0,36600.0,36100.0,36300.0,22675.0
2020-10-29 13:00:00,36350.0,36750.0,36000.0,36500.0,48042.0
2020-10-29 14:00:00,36200.0,36850.0,35950.0,36250.0,102325.0
2020-10-29 15:00:00,36300.0,36550.0,36150.0,36200.0,22709.0
2020-10-30 09:00:00,37500.0,38250.0,36950.0,37450.0,83638.0
2020-10-30 10:00:00,37450.0,38050.0,37450.0,37600.0,36882.0
2020-10-30 11:00:00,37550.0,37550.0,36650.0,36700.0,39193.0
2020-10-30 12:00:00,36700.0,36950.0,36550.0,36750.0,17486.0
2020-10-30 13:00:00,36800.0,37200.0,36700.0,36950.0,19518.0
2020-10-30 14:00:00,37000.0,37100.0,36400.0,36650.0,32680.0
2020-10-30 15:00:00,36550.0,36650.0,36000.0,36400.0,35981.0
2020-11-02 09:00:00,37150.0,37300.0,37000.0,37300.0,14634.0
2020-11-02 10:00:00,37100.0,37250.0,37000.0,37200.0,12994.0
2020-11-02 11:00:00,37100.0,37450.0,37000.0,37100.0,16618.0
2020-11-02 12:00:00,36500.0,37100.0,35450.0,36700.0,63188.0
2020-11-02 13:00:00,37300.0,37300.0,36850.0,37000.0,14353.0
2020-11-02 14:00:00,36700.0,37500.0,36700.0,37300.0,31143.0
2020-11-02 15:00:00,37000.0,37150.0,36850.0,37100.0,8493.0
2020-11-03 09:00:00,39700.0,40450.0,39450.0,40450.0,68380.0
2020-11-03 10:00:00,40400.0,40500.0,40300.0,40500.0,37103.0
2020-11-03 11:00:00,40000.0,40250.0,39550.0,39700.0,45911.0
2020-11-03 12:00:00,37800.0,40900.0,37750.0,40850.0,325868.0
2020-11-03 13:00:00,40300.0,40400.0,39750.0,40150.0,50564.0
2020-11-03 14:00:00,40850.0,40900.0,40000.0,40300.0,93883.0
2020-11-03 15:00:00,40200.0,40200.0,39650.0,40000.0,40864.0
2020-11-04 09:00:00,41200.0,42500.0,40600.0,40900.0,260477.0
2020-11-04 10:00:00,40900.0,41500.0,40350.0,41200.0,74751.0
2020-11-04 11:00:00,41200.0,41400.0,40950.0,40950.0,24762.0
2020-11-04 12:00:00,40950.0,41400.0,40050.0,40500.0,56117.0
2020-11-04 13:00:00,40700.0,40750.0,40400.0,40550.0,34261.0
2020-11-04 14:00:00,40500.0,41000.0,40500.0,40600.0,37310.0
2020-11-04 15:00:00,40600.0,40950.0,40450.0,40900.0,25137.0
2020-11-05 09:00:00,42300.0,42400.0,42150.0,42400.0,35858.0
2020-11-05 10:00:00,42400.0,42400.0,42250.0,42350.0,21918.0
2020-11-05 11:00:00,42150.0,42350.0,41900.0,42350.0,32980.0
2020-11-05 12:00:00,41600.0,42200.0,41600.0,42150.0,33490.0
2020-11-05 13:00:00,41800.0,42050.0,41600.0,41650.0,34814.0
2020-11-05 14:00:00,41700.0,41850.0,41300.0,41800.0,46064.0
2020-11-05 15:00:00,42400.0,42450.0,41500.0,41700.0,142905.0
2020-11-06 09:00:00,43000.0,44550.0,42850.0,43550.0,264596.0
2020-11-06 10:00:00,43700.0,44400.0,43200.0,44400.0,114595.0
2020-11-06 11:00:00,44400.0,44500.0,43500.0,43750.0,70480.0
2020-11-06 12:00:00,43750.0,43950.0,43750.0,43850.0,19242.0
2020-11-06 13:00:00,43900.0,43900.0,43000.0,43000.0,50740.0
2020-11-06 14:00:00,43000.0,43900.0,42900.0,43900.0,61699.0
2020-11-06 15:00:00,43900.0,43950.0,43550.0,43950.0,28246.0
2020-11-09 09:00:00,44850.0,45050.0,44800.0,45050.0,31373.0
2020-11-09 10:00:00,44900.0,44950.0,44800.0,44850.0,24073.0
2020-11-09 11:00:00,44950.0,45000.0,44800.0,44900.0,20897.0
2020-11-09 12:00:00,45600.0,45600.0,44500.0,45000.0,153085.0
2020-11-09 13:00:00,44550.0,44700.0,44500.0,44650.0,23403.0
2020-11-09 14:00:00,44950.0,45000.0,44550.0,44550.0,45753.0
2020-11-09 15:00:00,44650.0,45000.0,44650.0,44950.0,25317.0
2020-11-10 09:00:00,43900.0,44200.0,43900.0,44100.0,19209.0
2020-11-10 10:00:00,44100.0,44500.0,44100.0,44400.0,20103.0
2020-11-10 11:00:00,43550.0,43950.0,43500.0,43900.0,22741.0
2020-11-10 12:00:00,44400.0,44800.0,43400.0,44250.0,153049.0
2020-11-10 13:00:00,44250.0,44300.0,43900.0,43900.0,39351.0
2020-11-10 14:00:00,44250.0,44350.0,44050.0,44250.0,39867.0
2020-11-10 15:00:00,43900.0,43950.0,43550.0,43550.0,39137.0
2020-11-11 09:00:00,44300.0,44750.0,43500.0,43950.0,77495.0
2020-11-11 10:00:00,43950.0,44700.0,43900.0,44700.0,38271.0
2020-11-11 11:00:00,44650.0,44700.0,44150.0,44200.0,21017.0
2020-11-11 12:00:00,44200.0,44450.0,44050.0,44450.0,14759.0
2020-11-11 13:00:00,44400.0,44600.0,44400.0,44450.0,24047.0
2020-11-11 14:00:00,44450.0,44500.0,43950.0,44100.0,40517.0
2020-11-11 15:00:00,44150.0,44250.0,44000.0,44000.0,16304.0
2020-11-12 09:00:00,43150.0,43500.0,43050.0,43150.0,41935.0
2020-11-12 10:00:00,43150.0,43400.0,43150.0,43250.0,17810.0
2020-11-12 11:00:00,43650.0,43850.0,43150.0,43150.0,37612.0
2020-11-12 12:00:00,43900.0,44150.0,43550.0,43650.0,30467.0
2020-11-12 13:00:00,44300.0,44350.0,43850.0,43950.0,39956.0
2020-11-12 14:00:00,44750.0,44800.0,44250.0,44300.0,35507.0
2020-11-12 15:00:00,44400.0,45500.0,44350.0,44700.0,111654.0
2020-11-13 09:00:00,42550.0,42750.0,41200.0,41850.0,120936.0
2020-11-13 10:00:00,42000.0,42550.0,41850.0,42250.0,33420.0
2020-11-13 11:00:00,42250.0,43100.0,42200.0,42850.0,21580.0
2020-11-13 12:00:00,42800.0,43450.0,42450.0,43000.0,31046.0
2020-11-13 13:00:00,43000.0,43550.0,42850.0,43250.0,30487.0
2020-11-13 14:00:00,43250.0,43550.0,43050.0,43550.0,28777.0
2020-11-13 15:00:00,43500.0,43650.0,43500.0,43550.0,16162.0
2020-11-16 09:00:00,42100.0,42350.0,42000.0,42350.0,19863.0
2020-11-16 10:00:00,42000.0,42200.0,41950.0,42100.0,28024.0
2020-11-16 11:00:00,42000.0,42100.0,41950.0,42050.0,25399.0
2020-11-16 12:00:00,42550.0,42950.0,41650.0,42300.0,135424.0
2020-11-16 13:00:00,42250.0,42300.0,42000.0,42000.0,29589.0
2020-11-16 14:00:00,42300.0,42450.0,42150.0,42250.0,27769.0
2020-11-16 15:00:00,42000.0,42100.0,41950.0,41950.0,23815.0
2020-11-17 09:00:00,42500.0,42750.0,42350.0,42350.0,19971.0
2020-11-17 10:00:00,42400.0,42550.0,42350.0,42500.0,9754.0
2020-11-17 11:00:00,42700.0,42950.0,42450.0,42500.0,13500.0
2020-11-17 12:00:00,42600.0,43500.0,42600.0,42850.0,74742.0
2020-11-17 13:00:00,42500.0,42750.0,42350.0,42550.0,10773.0
2020-11-17 14:00:00,42850.0,42900.0,42400.0,42500.0,22057.0
2020-11-17 15:00:00,42550.0,42750.0,42450.0,42700.0,7167.0
2020-11-18 09:00:00,42550.0,43350.0,42350.0,43250.0,54744.0
2020-11-18 10:00:00,43250.0,43400.0,42950.0,43050.0,27681.0
2020-11-18 11:00:00,42950.0,43000.0,42600.0,42800.0,12395.0
2020-11-18 12:00:00,42750.0,42950.0,42650.0,42850.0,7765.0
2020-11-18 13:00:00,42850.0,43250.0,42800.0,43050.0,17959.0
2020-11-18 14:00:00,43000.0,43500.0,43000.0,43100.0,33934.0
2020-11-18 15:00:00,43100.0,43200.0,43050.0,43150.0,9814.0
2020-11-19 09:00:00,43200.0,43200.0,43000.0,43000.0,15789.0
2020-11-19 10:00:00,43000.0,43300.0,42950.0,43200.0,18084.0
2020-11-19 11:00:00,42850.0,43050.0,42800.0,43000.0,8712.0
2020-11-19 12:00:00,43300.0,43500.0,42550.0,42800.0,43885.0
2020-11-19 13:00:00,43250.0,43300.0,42700.0,42900.0,20313.0
2020-11-19 14:00:00,42650.0,43400.0,42300.0,43250.0,46553.0
2020-11-19 15:00:00,42800.0,42950.0,42750.0,42850.0,10077.0
2020-11-20 09:00:00,43200.0,43650.0,43000.0,43150.0,43650.0
2020-11-20 10:00:00,43150.0,43300.0,42800.0,43200.0,22821.0
2020-11-20 11:00:00,43200.0,43250.0,43100.0,43200.0,10483.0
2020-11-20 12:00:00,43200.0,43250.0,43050.0,43100.0,12417.0
2020-11-20 13:00:00,43050.0,43150.0,43050.0,43150.0,7002.0
2020-11-20 14:00:00,43150.0,43200.0,43100.0,43150.0,9467.0
2020-11-20 15:00:00,43150.0,43300.0,43100.0,43300.0,14794.0
2020-11-23 09:00:00,42950.0,43050.0,42900.0,43000.0,14283.0
2020-11-23 10:00:00,42950.0,43050.0,42900.0,42950.0,13193.0
2020-11-23 11:00:00,42950.0,43000.0,42850.0,42900.0,26668.0
2020-11-23 12:00:00,43000.0,43100.0,42900.0,42950.0,23711.0
2020-11-23 13:00:00,43250.0,43450.0,42950.0,43050.0,39032.0
2020-11-23 14:00:00,43700.0,44100.0,42850.0,43250.0,83860.0
2020-11-23 15:00:00,42950.0,43100.0,42900.0,43000.0,13204.0
2020-11-24 09:00:00,45900.0,45950.0,45700.0,45950.0,49806.0
2020-11-24 10:00:00,45750.0,45850.0,45400.0,45700.0,88962.0
2020-11-24 11:00:00,45750.0,46000.0,45650.0,45850.0,103734.0
2020-11-24 12:00:00,45100.0,45650.0,45000.0,45500.0,130893.0
2020-11-24 13:00:00,44450.0,45400.0,44200.0,45200.0,201195.0
2020-11-24 14:00:00,45550.0,45950.0,45500.0,45750.0,94584.0
2020-11-24 15:00:00,43300.0,44600.0,43200.0,44450.0,219716.0
2020-11-25 09:00:00,45100.0,45200.0,44850.0,45200.0,25828.0
2020-11-25 10:00:00,46700.0,46750.0,45150.0,45150.0,330095.0
2020-11-25 11:00:00,45150.0,45400.0,44800.0,44900.0,107672.0
2020-11-25 12:00:00,44900.0,44950.0,44550.0,44750.0,80470.0
2020-11-25 13:00:00,44750.0,45200.0,44700.0,45200.0,36307.0
2020-11-25 14:00:00,45200.0,45300.0,44950.0,45000.0,31690.0
2020-11-25 15:00:00,45100.0,45200.0,44350.0,45100.0,95362.0
2020-11-26 09:00:00,45400.0,45600.0,45250.0,45600.0,32011.0
2020-11-26 10:00:00,45600.0,45700.0,45500.0,45600.0,20885.0
2020-11-26 11:00:00,45100.0,45500.0,44900.0,45400.0,29483.0
2020-11-26 12:00:00,44950.0,45200.0,44050.0,44450.0,80992.0
2020-11-26 13:00:00,45250.0,45750.0,45200.0,45350.0,33781.0
2020-11-26 14:00:00,44450.0,45450.0,44450.0,45250.0,39372.0
2020-11-26 15:00:00,45350.0,45550.0,45050.0,45100.0,19254.0
2020-11-27 09:00:00,45800.0,46300.0,45000.0,46200.0,110411.0
2020-11-27 10:00:00,46200.0,47300.0,46200.0,46950.0,202105.0
2020-11-27 11:00:00,46950.0,47150.0,46600.0,46800.0,74013.0
2020-11-27 12:00:00,46800.0,47000.0,46650.0,46950.0,46540.0
2020-11-27 13:00:00,46950.0,47200.0,46900.0,47200.0,69300.0
2020-11-27 14:00:00,47200.0,47300.0,47050.0,47150.0,80518.0
2020-11-27 15:00:00,47150.0,47200.0,46900.0,46900.0,54708.0
2020-11-30 09:00:00,47050.0,47600.0,47000.0,47600.0,207394.0
2020-11-30 10:00:00,47450.0,47500.0,46950.0,47000.0,52170.0
2020-11-30 11:00:00,47350.0,47500.0,47200.0,47450.0,33090.0
2020-11-30 12:00:00,47300.0,47500.0,46450.0,47400.0,135140.0
2020-11-30 13:00:00,47450.0,47650.0,47100.0,47250.0,46067.0
2020-11-30 14:00:00,47350.0,47450.0,46900.0,47400.0,38487.0
2020-11-30 15:00:00,47250.0,47500.0,47200.0,47400.0,19809.0
2020-12-01 09:00:00,47450.0,47550.0,47350.0,47500.0,25955.0
2020-12-01 10:00:00,47500.0,47800.0,47350.0,47800.0,39094.0
2020-12-01 11:00:00,47150.0,47500.0,47000.0,47400.0,21722.0
2020-12-01 12:00:00,47500.0,47750.0,46800.0,46950.0,58662.0
2020-12-01 13:00:00,46900.0,47000.0,46600.0,46750.0,18947.0
2020-12-01 14:00:00,46950.0,47200.0,46750.0,46900.0,29661.0
2020-12-01 15:00:00,46750.0,47150.0,46700.0,47150.0,15317.0
2020-12-02 09:00:00,47950.0,48050.0,47400.0,47450.0,89672.0
2020-12-02 10:00:00,47450.0,47600.0,47150.0,47250.0,35141.0
2020-12-02 11:00:00,47300.0,47300.0,47100.0,47200.0,26534.0
2020-12-02 12:00:00,47200.0,47350.0,47150.0,47350.0,8136.0
2020-12-02 13:00:00,47350.0,47350.0,47100.0,47150.0,17098.0
2020-12-02 14:00:00,47200.0,47250.0,47100.0,47150.0,24448.0
2020-12-02 15:00:00,47150.0,47150.0,47000.0,47000.0,29978.0
2020-12-03 09:00:00,45800.0,45850.0,45700.0,45700.0,12192.0
2020-12-03 10:00:00,45650.0,45850.0,45600.0,45850.0,27584.0
2020-12-03 11:00:00,45600.0,45700.0,45550.0,45700.0,29172.0
2020-12-03 12:00:00,47000.0,47300.0,45550.0,45800.0,105557.0
2020-12-03 13:00:00,45850.0,46000.0,45750.0,45750.0,28768.0
2020-12-03 14:00:00,45800.0,46150.0,45500.0,45850.0,64036.0
2020-12-03 15:00:00,45800.0,45850.0,45500.0,45650.0,34459.0
2020-12-04 09:00:00,45700.0,45950.0,44600.0,44950.0,112901.0
2020-12-04 10:00:00,44900.0,44950.0,44600.0,44700.0,43206.0
2020-12-04 11:00:00,44700.0,45450.0,44550.0,45200.0,51607.0
2020-12-04 12:00:00,45200.0,45300.0,44950.0,45000.0,21789.0
2020-12-04 13:00:00,45000.0,45100.0,45000.0,45000.0,15456.0
2020-12-04 14:00:00,45000.0,45600.0,45000.0,45300.0,29608.0
2020-12-04 15:00:00,45300.0,45400.0,45250.0,45350.0,22578.0
2020-12-07 09:00:00,45550.0,45550.0,45400.0,45400.0,17603.0
2020-12-07 10:00:00,45500.0,45700.0,45400.0,45600.0,22770.0
2020-12-07 11:00:00,45650.0,45700.0,45450.0,45550.0,20333.0
2020-12-07 12:00:00,45050.0,45200.0,44900.0,45000.0,10001.0
2020-12-07 13:00:00,45450.0,45550.0,44700.0,45050.0,34654.0
2020-12-07 14:00:00,45150.0,45850.0,44550.0,45400.0,58873.0
2020-12-07 15:00:00,45000.0,45500.0,44950.0,45500.0,14840.0
2020-12-08 09:00:00,45650.0,45650.0,45350.0,45350.0,22430.0
2020-12-08 10:00:00,45950.0,46200.0,45850.0,45850.0,21941.0
2020-12-08 11:00:00,45850.0,45950.0,45550.0,45600.0,28756.0
2020-12-08 12:00:00,45900.0,46050.0,45400.0,45550.0,37542.0
2020-12-08 13:00:00,45950.0,46450.0,45800.0,45900.0,42415.0
2020-12-08 14:00:00,45500.0,46000.0,45500.0,45900.0,24304.0
2020-12-08 15:00:00,45750.0,47500.0,45600.0,46000.0,235531.0
2020-12-09 09:00:00,45950.0,46050.0,45800.0,46000.0,24170.0
2020-12-09 10:00:00,45650.0,46200.0,45300.0,45500.0,48608.0
2020-12-09 11:00:00,45450.0,45900.0,45350.0,45600.0,24655.0
2020-12-09 12:00:00,45600.0,45650.0,45350.0,45400.0,19247.0
2020-12-09 13:00:00,45400.0,45500.0,45350.0,45450.0,13089.0
2020-12-09 14:00:00,45500.0,46150.0,45350.0,46100.0,48359.0
2020-12-09 15:00:00,46100.0,46400.0,45950.0,45950.0,62854.0
2020-12-10 09:00:00,45850.0,46000.0,45750.0,45950.0,35398.0
2020-12-10 10:00:00,45950.0,46300.0,45700.0,45700.0,263090.0
2020-12-10 11:00:00,45850.0,45900.0,45650.0,45850.0,26756.0
2020-12-10 12:00:00,45550.0,46250.0,45150.0,45550.0,67392.0
2020-12-10 13:00:00,45550.0,45850.0,45550.0,45750.0,17818.0
2020-12-10 14:00:00,45550.0,46000.0,45500.0,45600.0,29884.0
2020-12-10 15:00:00,45700.0,45850.0,45650.0,45850.0,14791.0
2020-12-11 09:00:00,46050.0,46200.0,45350.0,45900.0,72973.0
2020-12-11 10:00:00,45900.0,45950.0,45550.0,45800.0,23980.0
2020-12-11 11:00:00,45800.0,45850.0,45600.0,45600.0,17371.0
2020-12-11 12:00:00,45600.0,45750.0,45600.0,45650.0,9102.0
2020-12-11 13:00:00,45650.0,45650.0,45450.0,45550.0,20409.0
2020-12-11 14:00:00,45550.0,45750.0,45450.0,45500.0,21745.0
2020-12-11 15:00:00,45450.0,46700.0,45450.0,46700.0,68846.0
2020-12-14 09:00:00,45800.0,45800.0,45650.0,45700.0,18544.0
2020-12-14 10:00:00,46000.0,46050.0,45700.0,45800.0,20157.0
2020-12-14 11:00:00,46050.0,46200.0,45900.0,46000.0,12299.0
2020-12-14 12:00:00,46150.0,46250.0,45550.0,45850.0,44965.0
2020-12-14 13:00:00,45700.0,46100.0,45650.0,45950.0,15632.0
2020-12-14 14:00:00,45850.0,45850.0,45550.0,45700.0,32059.0
2020-12-14 15:00:00,46000.0,46400.0,45950.0,46050.0,20230.0
2020-12-15 09:00:00,45400.0,45550.0,45400.0,45450.0,24103.0
2020-12-15 10:00:00,45450.0,45700.0,45400.0,45700.0,18428.0
2020-12-15 11:00:00,45700.0,45850.0,45400.0,45400.0,36714.0
2020-12-15 12:00:00,45650.0,46400.0,45650.0,45850.0,52779.0
2020-12-15 13:00:00,45850.0,45900.0,45650.0,45650.0,14029.0
2020-12-15 14:00:00,45850.0,46000.0,45600.0,45850.0,24326.0
2020-12-15 15:00:00,45650.0,45750.0,45600.0,45650.0,15176.0
2020-12-16 09:00:00,45900.0,47150.0,45700.0,46500.0,173873.0
2020-12-16 10:00:00,46450.0,46750.0,46400.0,46450.0,35440.0
2020-12-16 11:00:00,46450.0,46800.0,46400.0,46800.0,57045.0
2020-12-16 12:00:00,46800.0,47000.0,46650.0,46900.0,61916.0
2020-12-16 13:00:00,46850.0,46950.0,46600.0,46800.0,34546.0
2020-12-16 14:00:00,46750.0,46900.0,46550.0,46750.0,39636.0
2020-12-16 15:00:00,46700.0,46800.0,46600.0,46700.0,24524.0
2020-12-17 09:00:00,47850.0,48850.0,47850.0,48750.0,124947.0
2020-12-17 10:00:00,48750.0,48850.0,48500.0,48600.0,61570.0
2020-12-17 11:00:00,48250.0,48250.0,47800.0,47850.0,43795.0
2020-12-17 12:00:00,46900.0,49000.0,46450.0,48850.0,473503.0
2020-12-17 13:00:00,48000.0,48300.0,47350.0,48300.0,69862.0
2020-12-17 14:00:00,48900.0,48950.0,47550.0,48050.0,128850.0
2020-12-17 15:00:00,48300.0,48300.0,48000.0,48250.0,21951.0
2020-12-18 09:00:00,49350.0,49400.0,47950.0,48350.0,218255.0
2020-12-18 10:00:00,48350.0,48550.0,47700.0,47700.0,88941.0
2020-12-18 11:00:00,47750.0,48200.0,47500.0,48100.0,38846.0
2020-12-18 12:00:00,48150.0,48300.0,47950.0,48050.0,22392.0
2020-12-18 13:00:00,48050.0,48150.0,47750.0,47800.0,27523.0
2020-12-18 14:00:00,47800.0,47900.0,47700.0,47900.0,30994.0
2020-12-18 15:00:00,47900.0,47900.0,47600.0,47650.0,40622.0
2020-12-21 09:00:00,47150.0,47300.0,47100.0,47150.0,26696.0
2020-12-21 10:00:00,47200.0,47450.0,47150.0,47150.0,32796.0
2020-12-21 11:00:00,47600.0,47600.0,47150.0,47200.0,36750.0
2020-12-21 12:00:00,47700.0,48000.0,47650.0,47950.0,21799.0
2020-12-21 13:00:00,47150.0,48350.0,47100.0,47700.0,75217.0
2020-12-21 14:00:00,48050.0,48150.0,46700.0,47150.0,116321.0
2020-12-21 15:00:00,47950.0,47950.0,47550.0,47600.0,29670.0
2020-12-22 09:00:00,46500.0,46850.0,45800.0,46000.0,128290.0
2020-12-22 10:00:00,46000.0,46350.0,45800.0,45950.0,45102.0
2020-12-22 11:00:00,45950.0,46150.0,45900.0,46050.0,28443.0
2020-12-22 12:00:00,46000.0,46250.0,46000.0,46150.0,13760.0
2020-12-22 13:00:00,46150.0,46200.0,46000.0,46050.0,23546.0
2020-12-22 14:00:00,46050.0,46100.0,45000.0,45600.0,114259.0
2020-12-22 15:00:00,45550.0,45650.0,44900.0,45100.0,56575.0
2020-12-23 09:00:00,45150.0,45200.0,44400.0,45050.0,27562.0
2020-12-23 10:00:00,45050.0,45050.0,44900.0,45050.0,23122.0
2020-12-23 11:00:00,45450.0,45500.0,44900.0,45200.0,31959.0
2020-12-23 12:00:00,45300.0,45500.0,45150.0,45450.0,17679.0
2020-12-23 13:00:00,44600.0,45450.0,44600.0,45300.0,34773.0
2020-12-23 14:00:00,43600.0,44900.0,43500.0,44550.0,47580.0
2020-12-23 15:00:00,45100.0,45650.0,43600.0,43600.0,134551.0
2020-12-24 09:00:00,45050.0,46050.0,44600.0,45700.0,71097.0
2020-12-24 10:00:00,45700.0,45800.0,45100.0,45450.0,26765.0
2020-12-24 11:00:00,45450.0,45750.0,45350.0,45550.0,16191.0
2020-12-24 12:00:00,45550.0,45750.0,45500.0,45700.0,18958.0
2020-12-24 13:00:00,45700.0,45700.0,45300.0,45350.0,21084.0
2020-12-24 14:00:00,45350.0,45650.0,45250.0,45400.0,33223.0
2020-12-24 15:00:00,45400.0,45500.0,45350.0,45500.0,10822.0
2020-12-28 09:00:00,45700.0,45950.0,45700.0,45950.0,38343.0
2020-12-28 10:00:00,45500.0,45750.0,45400.0,45700.0,37147.0
2020-12-28 11:00:00,45750.0,45800.0,45500.0,45500.0,26292.0
2020-12-28 12:00:00,45500.0,45750.0,44900.0,45050.0,77773.0
2020-12-28 13:00:00,45400.0,45900.0,45250.0,45700.0,32367.0
2020-12-28 14:00:00,45050.0,45400.0,45000.0,45350.0,27065.0
2020-12-28 15:00:00,45700.0,45950.0,45550.0,45800.0,22024.0
2020-12-29 09:00:00,45850.0,46200.0,45850.0,46200.0,45350.0
2020-12-29 10:00:00,46200.0,46400.0,46150.0,46400.0,25733.0
2020-12-29 11:00:00,46000.0,46000.0,45800.0,45850.0,13070.0
2020-12-29 12:00:00,46450.0,46450.0,45500.0,45950.0,93154.0
2020-12-29 13:00:00,45800.0,45950.0,45750.0,45850.0,25476.0
2020-12-29 14:00:00,45950.0,46250.0,45800.0,45850.0,53430.0
2020-12-29 15:00:00,45900.0,46000.0,45700.0,46000.0,29820.0
2020-12-30 09:00:00,46300.0,46300.0,45650.0,45800.0,77474.0
2020-12-30 10:00:00,45800.0,46050.0,45650.0,45900.0,36159.0
2020-12-30 11:00:00,45850.0,46100.0,45800.0,46000.0,22439.0
2020-12-30 12:00:00,46000.0,46250.0,46000.0,46150.0,27321.0
2020-12-30 13:00:00,46150.0,46250.0,46000.0,46100.0,26723.0
2020-12-30 14:00:00,46150.0,46450.0,46050.0,46400.0,43038.0
2020-12-30 15:00:00,46400.0,46450.0,46350.0,46450.0,36376.0
2021-01-04 09:00:00,47650.0,47750.0,47550.0,47650.0,36034.0
2021-01-04 10:00:00,47950.0,48000.0,47550.0,47700.0,51366.0
2021-01-04 11:00:00,47900.0,48200.0,47700.0,47950.0,63607.0
2021-01-04 12:00:00,47350.0,48200.0,47200.0,47900.0,133067.0
2021-01-04 13:00:00,47200.0,47850.0,47150.0,47350.0,102699.0
2021-01-04 14:00:00,46850.0,47500.0,46100.0,47200.0,180041.0
2021-01-05 09:00:00,47050.0,47900.0,46600.0,47000.0,138456.0
2021-01-05 10:00:00,47050.0,47100.0,46150.0,46550.0,98225.0
2021-01-05 11:00:00,46550.0,46850.0,46500.0,46650.0,29620.0
2021-01-05 12:00:00,46650.0,46800.0,46550.0,46550.0,34653.0
2021-01-05 13:00:00,46600.0,46650.0,46300.0,46300.0,51304.0
2021-01-05 14:00:00,46300.0,46750.0,46300.0,46750.0,34253.0
2021-01-05 15:00:00,46700.0,47000.0,46700.0,47000.0,24794.0
2021-01-06 09:00:00,45900.0,46100.0,45750.0,45750.0,39183.0
2021-01-06 10:00:00,45800.0,46150.0,45800.0,45900.0,34550.0
2021-01-06 11:00:00,45900.0,45950.0,45800.0,45800.0,34423.0
2021-01-06 12:00:00,47300.0,47300.0,45900.0,45900.0,139629.0
2021-01-06 13:00:00,45900.0,46350.0,45850.0,46100.0,24660.0
2021-01-06 14:00:00,45900.0,46400.0,45500.0,45900.0,77341.0
2021-01-06 15:00:00,46150.0,46200.0,45900.0,45950.0,29673.0
2021-01-07 09:00:00,46300.0,46400.0,45950.0,46300.0,41909.0
2021-01-07 10:00:00,46300.0,46500.0,46300.0,46500.0,24791.0
2021-01-07 11:00:00,45950.0,46550.0,45850.0,46300.0,55212.0
2021-01-07 12:00:00,46200.0,46500.0,45600.0,45650.0,74587.0
2021-01-07 13:00:00,46200.0,46550.0,46150.0,46300.0,51700.0
2021-01-07 14:00:00,45650.0,46300.0,45650.0,46250.0,43552.0
2021-01-07 15:00:00,46250.0,46350.0,45900.0,45950.0,35145.0
2021-01-08 09:00:00,47050.0,49500.0,46750.0,48800.0,625300.0
2021-01-08 10:00:00,48850.0,49000.0,48150.0,48500.0,159206.0
2021-01-08 11:00:00,48500.0,48700.0,48300.0,48600.0,50536.0
2021-01-08 12:00:00,48600.0,48700.0,48150.0,48300.0,55282.0
2021-01-08 13:00:00,48300.0,48350.0,47450.0,48100.0,116755.0
2021-01-08 14:00:00,48100.0,48100.0,47450.0,47900.0,57196.0
2021-01-08 15:00:00,47850.0,48000.0,47750.0,47850.0,30294.0
2021-01-11 09:00:00,53100.0,53200.0,52300.0,53100.0,272299.0
2021-01-11 10:00:00,51600.0,53700.0,51300.0,53100.0,659033.0
2021-01-11 11:00:00,51800.0,51900.0,50200.0,51600.0,269485.0
2021-01-11 12:00:00,48900.0,51300.0,48850.0,51000.0,710720.0
2021-01-11 13:00:00,50900.0,52000.0,50700.0,51100.0,317491.0
2021-01-11 14:00:00,50900.0,52400.0,50800.0,51800.0,367827.0
2021-01-11 15:00:00,51100.0,51500.0,49700.0,50900.0,387565.0
2021-01-12 09:00:00,51700.0,52200.0,49550.0,49800.0,456212.0
2021-01-12 10:00:00,49800.0,50000.0,49400.0,49900.0,180403.0
2021-01-12 11:00:00,49900.0,50300.0,49850.0,50100.0,57842.0
2021-01-12 12:00:00,50100.0,50200.0,49400.0,49450.0,72302.0
2021-01-12 13:00:00,49450.0,49750.0,48400.0,48900.0,164999.0
2021-01-12 14:00:00,48850.0,49650.0,48700.0,49650.0,123411.0
2021-01-12 15:00:00,49600.0,49650.0,49050.0,49250.0,90062.0
2021-01-13 09:00:00,49300.0,49500.0,49100.0,49500.0,31100.0
2021-01-13 10:00:00,49350.0,49450.0,49100.0,49250.0,54088.0
2021-01-13 11:00:00,49550.0,49600.0,49300.0,49350.0,21422.0
2021-01-13 12:00:00,49750.0,50100.0,49250.0,49350.0,56704.0
2021-01-13 13:00:00,49350.0,49600.0,49050.0,49350.0,39265.0
2021-01-13 14:00:00,50000.0,50700.0,49250.0,49750.0,214249.0
2021-01-13 15:00:00,49350.0,49700.0,49350.0,49500.0,19988.0
2021-01-14 09:00:00,50200.0,50400.0,49800.0,50200.0,42084.0
2021-01-14 10:00:00,50100.0,50700.0,49900.0,50700.0,57543.0
2021-01-14 11:00:00,49900.0,50300.0,49800.0,50300.0,31314.0
2021-01-14 12:00:00,49850.0,50300.0,49850.0,50200.0,55437.0
2021-01-14 13:00:00,50100.0,50100.0,49600.0,49950.0,35366.0
2021-01-14 14:00:00,49950.0,50000.0,49800.0,49900.0,17865.0
2021-01-14 15:00:00,49400.0,50400.0,49200.0,49900.0,124148.0
2021-01-15 09:00:00,51000.0,51400.0,49400.0,49400.0,130038.0
2021-01-15 10:00:00,49450.0,49700.0,48950.0,49200.0,67070.0
2021-01-15 11:00:00,49150.0,49500.0,48950.0,49350.0,44326.0
2021-01-15 12:00:00,49400.0,49550.0,49050.0,49150.0,21213.0
2021-01-15 13:00:00,49150.0,49550.0,49000.0,49250.0,28095.0
2021-01-15 14:00:00,49250.0,49450.0,49000.0,49150.0,34438.0
2021-01-15 15:00:00,49150.0,49250.0,49000.0,49000.0,24839.0
2021-01-18 09:00:00,47400.0,47550.0,47050.0,47500.0,43760.0
2021-01-18 10:00:00,47450.0,47500.0,47100.0,47500.0,25302.0
2021-01-18 11:00:00,47550.0,47600.0,47000.0,47450.0,41193.0
2021-01-18 12:00:00,47800.0,47900.0,47400.0,47450.0,37664.0
2021-01-18 13:00:00,48250.0,48550.0,47800.0,48150.0,47682.0
2021-01-18 14:00:00,48150.0,48400.0,47500.0,47750.0,52979.0
2021-01-18 15:00:00,48000.0,48300.0,46900.0,48250.0,105504.0
2021-01-19 09:00:00,47550.0,48850.0,47150.0,48800.0,98343.0
2021-01-19 10:00:00,48800.0,48800.0,48150.0,48550.0,28595.0
2021-01-19 11:00:00,48550.0,48700.0,48350.0,48450.0,20362.0
2021-01-19 12:00:00,48400.0,48700.0,48400.0,48500.0,20190.0
2021-01-19 13:00:00,48500.0,48650.0,48350.0,48600.0,23486.0
2021-01-19 14:00:00,48600.0,48700.0,48400.0,48450.0,34250.0
2021-01-19 15:00:00,48450.0,48850.0,48450.0,48850.0,20967.0
2021-01-20 09:00:00,49850.0,50000.0,49550.0,49950.0,34072.0
2021-01-20 10:00:00,50100.0,50200.0,49650.0,49850.0,31762.0
2021-01-20 11:00:00,49950.0,50300.0,49550.0,50300.0,48136.0
2021-01-20 12:00:00,49550.0,50300.0,49500.0,49850.0,82170.0
2021-01-20 13:00:00,49500.0,49700.0,48750.0,49550.0,76043.0
2021-01-20 14:00:00,49150.0,49550.0,48700.0,49500.0,113268.0
2021-01-20 15:00:00,49800.0,50300.0,49750.0,50100.0,41628.0
2021-01-21 09:00:00,49700.0,50100.0,49600.0,50000.0,22158.0
2021-01-21 10:00:00,49300.0,49550.0,49200.0,49500.0,21910.0
2021-01-21 11:00:00,49500.0,50600.0,49500.0,49600.0,114084.0
2021-01-21 12:00:00,49350.0,49500.0,49250.0,49400.0,16742.0
2021-01-21 13:00:00,49650.0,49650.0,49100.0,49350.0,54706.0
2021-01-21 14:00:00,49400.0,49450.0,49250.0,49300.0,16263.0
2021-01-21 15:00:00,50700.0,50700.0,49300.0,49450.0,117885.0
2021-01-22 09:00:00,49300.0,49500.0,49300.0,49350.0,17721.0
2021-01-22 10:00:00,49800.0,50500.0,49200.0,49200.0,85687.0
2021-01-22 11:00:00,49200.0,49550.0,49200.0,49400.0,33418.0
2021-01-22 12:00:00,49450.0,49950.0,49400.0,49650.0,34969.0
2021-01-22 13:00:00,49650.0,49900.0,49400.0,49400.0,26477.0
2021-01-22 14:00:00,49450.0,49550.0,49350.0,49450.0,22710.0
2021-01-22 15:00:00,49450.0,49600.0,49250.0,49350.0,34157.0
2021-01-25 09:00:00,49500.0,49700.0,49350.0,49700.0,28789.0
2021-01-25 10:00:00,49650.0,49750.0,49550.0,49700.0,20049.0
2021-01-25 11:00:00,49450.0,49550.0,49300.0,49550.0,28177.0
2021-01-25 12:00:00,49700.0,49750.0,49400.0,49450.0,20536.0
2021-01-25 13:00:00,49450.0,49500.0,49300.0,49450.0,23975.0
2021-01-25 14:00:00,49300.0,49950.0,48650.0,49700.0,71937.0
2021-01-25 15:00:00,49450.0,49550.0,49400.0,49450.0,14774.0
2021-01-26 09:00:00,49750.0,49750.0,49150.0,49450.0,55319.0
2021-01-26 10:00:00,49500.0,49600.0,49150.0,49200.0,32149.0
2021-01-26 11:00:00,49150.0,49400.0,48900.0,49350.0,48623.0
2021-01-26 12:00:00,49300.0,49400.0,49200.0,49250.0,12676.0
2021-01-26 13:00:00,49300.0,49300.0,48900.0,49000.0,27911.0
2021-01-26 14:00:00,49100.0,49250.0,49050.0,49200.0,22901.0
2021-01-26 15:00:00,49200.0,49300.0,49100.0,49300.0,18036.0
2021-01-27 09:00:00,48450.0,48450.0,48350.0,48350.0,15664.0
2021-01-27 10:00:00,48400.0,48500.0,48200.0,48450.0,17239.0
2021-01-27 11:00:00,48600.0,48650.0,48000.0,48400.0,45347.0
2021-01-27 12:00:00,49550.0,49550.0,48550.0,49150.0,54014.0
2021-01-27 13:00:00,48800.0,48900.0,48550.0,48600.0,33490.0
2021-01-27 14:00:00,49150.0,49450.0,48800.0,48800.0,34667.0
2021-01-27 15:00:00,48650.0,48750.0,48450.0,48650.0,29827.0
2021-01-28 09:00:00,46850.0,47450.0,46750.0,47150.0,31957.0
2021-01-28 10:00:00,47100.0,47150.0,46500.0,46500.0,27485.0
2021-01-28 11:00:00,47100.0,47250.0,46500.0,46850.0,37404.0
2021-01-28 12:00:00,46550.0,47850.0,46550.0,47200.0,86159.0
2021-01-28 13:00:00,47600.0,47700.0,47100.0,47400.0,26029.0
2021-01-28 14:00:00,47200.0,48150.0,47100.0,47500.0,23866.0
2021-01-28 15:00:00,47450.0,47450.0,46950.0,47100.0,21163.0
2021-01-29 09:00:00,47500.0,47500.0,46450.0,46700.0,49779.0
2021-01-29 10:00:00,46650.0,47400.0,46400.0,46800.0,36178.0
2021-01-29 11:00:00,46750.0,46800.0,46250.0,46450.0,21449.0
2021-01-29 12:00:00,46400.0,46550.0,45650.0,45750.0,29671.0
2021-01-29 13:00:00,45800.0,45800.0,45000.0,45050.0,38437.0
2021-01-29 14:00:00,45050.0,45100.0,43300.0,44800.0,91963.0
2021-01-29 15:00:00,44700.0,44800.0,43800.0,44300.0,38023.0
2021-02-01 09:00:00,45350.0,45850.0,45300.0,45850.0,23133.0
2021-02-01 10:00:00,45250.0,45400.0,45100.0,45350.0,19112.0
2021-02-01 11:00:00,45150.0,45300.0,45050.0,45250.0,16594.0
2021-02-01 12:00:00,44000.0,44700.0,42950.0,44400.0,78087.0
2021-02-01 13:00:00,44850.0,44950.0,44100.0,44900.0,26100.0
2021-02-01 14:00:00,44400.0,45100.0,44150.0,44750.0,41189.0
2021-02-01 15:00:00,44900.0,45250.0,44850.0,45200.0,16156.0
2021-02-02 09:00:00,46800.0,46800.0,45500.0,46550.0,55626.0
2021-02-02 10:00:00,46600.0,47050.0,46500.0,46800.0,31516.0
2021-02-02 11:00:00,46800.0,46900.0,46600.0,46850.0,15408.0
2021-02-02 12:00:00,46850.0,46900.0,46050.0,46150.0,20214.0
2021-02-02 13:00:00,46200.0,46300.0,45700.0,45950.0,25975.0
2021-02-02 14:00:00,45950.0,46300.0,45800.0,46150.0,13738.0
2021-02-02 15:00:00,46150.0,46450.0,46150.0,46350.0,8223.0
2021-02-03 09:00:00,46450.0,46650.0,46350.0,46350.0,13957.0
2021-02-03 10:00:00,46150.0,46700.0,46050.0,46250.0,25745.0
2021-02-03 11:00:00,46300.0,46500.0,46150.0,46500.0,19529.0
2021-02-03 12:00:00,46400.0,46450.0,46250.0,46250.0,16472.0
2021-02-03 13:00:00,46800.0,46800.0,46250.0,46400.0,37247.0
2021-02-03 14:00:00,46600.0,47250.0,46400.0,46800.0,74395.0
2021-02-03 15:00:00,46250.0,46350.0,46050.0,46150.0,16005.0
2021-02-04 09:00:00,45750.0,45800.0,45500.0,45800.0,10771.0
2021-02-04 10:00:00,45350.0,45350.0,45100.0,45100.0,15055.0
2021-02-04 11:00:00,45100.0,45800.0,45000.0,45750.0,19422.0
2021-02-04 12:00:00,45700.0,45800.0,45300.0,45450.0,10308.0
2021-02-04 13:00:00,45350.0,46550.0,45100.0,45700.0,37997.0
2021-02-04 14:00:00,45450.0,45500.0,45050.0,45350.0,20827.0
2021-02-04 15:00:00,46350.0,46350.0,45250.0,45350.0,59493.0
2021-02-05 09:00:00,45400.0,45500.0,45400.0,45450.0,9276.0
2021-02-05 10:00:00,45900.0,46000.0,45050.0,45100.0,39317.0
2021-02-05 11:00:00,45100.0,45550.0,45000.0,45400.0,23673.0
2021-02-05 12:00:00,45350.0,45500.0,45200.0,45250.0,11649.0
2021-02-05 13:00:00,45300.0,45500.0,45000.0,45150.0,23399.0
2021-02-05 14:00:00,45200.0,45300.0,45000.0,45200.0,14490.0
2021-02-05 15:00:00,45200.0,45550.0,45100.0,45400.0,17351.0
2021-02-08 09:00:00,45600.0,45650.0,45400.0,45650.0,14286.0
2021-02-08 10:00:00,45650.0,45700.0,45350.0,45500.0,10536.0
2021-02-08 11:00:00,45650.0,45650.0,45350.0,45600.0,17402.0
2021-02-08 12:00:00,44900.0,45350.0,44700.0,44950.0,33026.0
2021-02-08 13:00:00,45800.0,45850.0,45550.0,45700.0,14586.0
2021-02-08 14:00:00,44950.0,46450.0,44950.0,45800.0,70074.0
2021-02-08 15:00:00,45650.0,45800.0,45650.0,45650.0,11592.0
2021-02-09 09:00:00,45050.0,46600.0,45050.0,45700.0,107870.0
2021-02-09 10:00:00,45700.0,45800.0,45350.0,45550.0,33884.0
2021-02-09 11:00:00,45550.0,45650.0,45450.0,45550.0,8903.0
2021-02-09 12:00:00,45600.0,45600.0,45300.0,45450.0,15127.0
2021-02-09 13:00:00,45450.0,45550.0,45300.0,45450.0,10234.0
2021-02-09 14:00:00,45450.0,45450.0,45300.0,45350.0,14305.0
2021-02-09 15:00:00,45350.0,45500.0,45300.0,45300.0,12644.0
2021-02-10 09:00:00,45900.0,46050.0,45850.0,46000.0,11044.0
2021-02-10 10:00:00,45700.0,46200.0,45600.0,45900.0,30779.0
2021-02-10 11:00:00,45400.0,45700.0,45350.0,45700.0,17868.0
2021-02-10 12:00:00,45300.0,45750.0,45100.0,45650.0,21481.0
2021-02-10 13:00:00,45400.0,45550.0,45300.0,45550.0,11456.0
2021-02-10 14:00:00,45700.0,45750.0,45250.0,45400.0,18856.0
2021-02-10 15:00:00,45550.0,45600.0,45350.0,45400.0,8574.0
2021-02-15 09:00:00,46150.0,46200.0,46000.0,46100.0,17658.0
2021-02-15 10:00:00,46100.0,46200.0,46050.0,46200.0,10915.0
2021-02-15 11:00:00,46150.0,46200.0,46050.0,46150.0,18450.0
2021-02-15 12:00:00,46400.0,46400.0,45700.0,46100.0,52945.0
2021-02-15 13:00:00,46150.0,46250.0,45950.0,46000.0,20356.0
2021-02-15 14:00:00,46100.0,46300.0,46000.0,46200.0,27623.0
2021-02-15 15:00:00,46050.0,46200.0,45950.0,46200.0,13058.0
2021-02-16 09:00:00,46000.0,46750.0,45750.0,46250.0,53706.0
2021-02-16 10:00:00,46250.0,46300.0,45900.0,46000.0,25332.0
2021-02-16 11:00:00,45950.0,46150.0,45900.0,46050.0,10151.0
2021-02-16 12:00:00,46050.0,46200.0,46000.0,46150.0,11117.0
2021-02-16 13:00:00,46200.0,46200.0,46050.0,46150.0,8984.0
2021-02-16 14:00:00,46150.0,46200.0,45950.0,46150.0,16676.0
2021-02-16 15:00:00,46150.0,46200.0,46000.0,46200.0,11381.0
2021-02-17 09:00:00,45400.0,45450.0,45350.0,45400.0,12322.0
2021-02-17 10:00:00,45400.0,45550.0,45350.0,45550.0,10576.0
2021-02-17 11:00:00,45500.0,45500.0,45350.0,45400.0,8765.0
2021-02-17 12:00:00,46200.0,46350.0,45350.0,45400.0,35763.0
2021-02-17 13:00:00,45350.0,45400.0,45250.0,45350.0,11201.0
2021-02-17 14:00:00,45400.0,45450.0,45300.0,45350.0,16734.0
2021-02-17 15:00:00,45350.0,45500.0,45350.0,45500.0,6329.0
2021-02-18 09:00:00,45650.0,45700.0,44900.0,45100.0,34170.0
2021-02-18 10:00:00,45150.0,45150.0,44950.0,45000.0,18941.0
2021-02-18 11:00:00,45000.0,45050.0,44800.0,45000.0,18232.0
2021-02-18 12:00:00,45000.0,45050.0,44800.0,44900.0,12608.0
2021-02-18 13:00:00,44950.0,44950.0,44500.0,44600.0,27726.0
2021-02-18 14:00:00,44600.0,44950.0,44600.0,44800.0,12845.0
2021-02-18 15:00:00,44800.0,44900.0,44700.0,44900.0,15918.0
2021-02-19 09:00:00,45150.0,45300.0,45100.0,45300.0,13291.0
2021-02-19 10:00:00,44200.0,45200.0,44150.0,45150.0,16782.0
2021-02-19 11:00:00,43950.0,44450.0,43950.0,44200.0,14603.0
2021-02-19 12:00:00,43950.0,44000.0,43500.0,44000.0,29486.0
2021-02-19 13:00:00,44350.0,44600.0,43900.0,43900.0,36928.0
2021-02-19 14:00:00,44900.0,45000.0,44100.0,44300.0,39201.0
2021-02-19 15:00:00,43950.0,44050.0,43650.0,43950.0,9711.0
2021-02-22 09:00:00,44750.0,45300.0,44400.0,44450.0,40193.0
2021-02-22 10:00:00,44450.0,44650.0,44400.0,44500.0,11535.0
2021-02-22 11:00:00,44500.0,44500.0,44050.0,44150.0,20832.0
2021-02-22 12:00:00,44150.0,44300.0,44100.0,44150.0,12195.0
2021-02-22 13:00:00,44150.0,44150.0,44000.0,44050.0,20788.0
2021-02-22 14:00:00,44050.0,44050.0,43850.0,43950.0,20218.0
2021-02-22 15:00:00,43950.0,44000.0,43700.0,43700.0,21580.0
2021-02-23 09:00:00,42550.0,42800.0,42350.0,42500.0,14966.0
2021-02-23 10:00:00,42500.0,42750.0,42450.0,42550.0,20146.0
2021-02-23 11:00:00,42450.0,42750.0,42250.0,42550.0,24591.0
2021-02-23 12:00:00,42900.0,43150.0,42600.0,43000.0,24445.0
2021-02-23 13:00:00,43000.0,43050.0,42650.0,42800.0,15392.0
2021-02-23 14:00:00,42550.0,43350.0,42500.0,42900.0,49201.0
2021-02-23 15:00:00,42800.0,42800.0,42400.0,42450.0,25526.0
2021-02-24 09:00:00,42800.0,43000.0,41650.0,41650.0,32442.0
2021-02-24 10:00:00,41650.0,42300.0,41600.0,42000.0,20845.0
2021-02-24 11:00:00,42050.0,42400.0,41950.0,42200.0,9618.0
2021-02-24 12:00:00,42200.0,42200.0,41650.0,41700.0,20160.0
2021-02-24 13:00:00,41700.0,41750.0,40800.0,40800.0,38566.0
2021-02-24 14:00:00,40800.0,40800.0,39700.0,40400.0,73820.0
2021-02-24 15:00:00,40200.0,40250.0,39900.0,40050.0,32022.0
2021-02-25 09:00:00,40550.0,40950.0,40550.0,40950.0,12702.0
2021-02-25 10:00:00,40550.0,40700.0,40300.0,40550.0,16515.0
2021-02-25 11:00:00,40600.0,40650.0,40300.0,40550.0,14007.0
2021-02-25 12:00:00,41000.0,41050.0,40500.0,40850.0,32793.0
2021-02-25 13:00:00,40500.0,40750.0,40450.0,40650.0,11219.0
2021-02-25 14:00:00,40850.0,40950.0,40500.0,40500.0,17717.0
2021-02-25 15:00:00,40650.0,40750.0,40400.0,40600.0,13671.0
2021-02-26 09:00:00,39100.0,39200.0,38950.0,39050.0,32674.0
2021-02-26 10:00:00,39050.0,39400.0,39000.0,39400.0,18827.0
2021-02-26 11:00:00,39200.0,39550.0,39050.0,39100.0,16430.0
2021-02-26 12:00:00,39250.0,40050.0,39000.0,39200.0,57614.0
2021-02-26 13:00:00,39200.0,39650.0,39150.0,39400.0,11400.0
2021-02-26 14:00:00,39200.0,39550.0,39100.0,39250.0,19616.0
2021-02-26 15:00:00,39400.0,39500.0,39200.0,39200.0,10297.0
2021-03-02 09:00:00,40300.0,41200.0,40000.0,40850.0,43818.0
2021-03-02 10:00:00,40850.0,40850.0,40250.0,40650.0,16058.0
2021-03-02 11:00:00,40650.0,40650.0,40200.0,40200.0,8346.0
2021-03-02 12:00:00,40200.0,40300.0,40000.0,40150.0,7568.0
2021-03-02 13:00:00,40200.0,40400.0,39700.0,39700.0,8651.0
2021-03-02 14:00:00,39650.0,40450.0,39400.0,39700.0,14695.0
2021-03-02 15:00:00,39700.0,40300.0,39700.0,40250.0,7711.0
2021-03-03 09:00:00,40050.0,40300.0,39900.0,40000.0,20471.0
2021-03-03 10:00:00,40000.0,40300.0,40000.0,40250.0,7252.0
2021-03-03 11:00:00,40050.0,40150.0,40000.0,40050.0,6430.0
2021-03-03 12:00:00,40100.0,40200.0,39950.0,40050.0,5324.0
2021-03-03 13:00:00,40050.0,40200.0,39950.0,40100.0,5335.0
2021-03-03 14:00:00,40250.0,40350.0,39900.0,40050.0,10071.0
2021-03-03 15:00:00,39700.0,40550.0,39700.0,40250.0,16373.0
2021-03-04 09:00:00,39900.0,39900.0,39100.0,39400.0,25192.0
2021-03-04 10:00:00,39400.0,39450.0,39050.0,39100.0,22053.0
2021-03-04 11:00:00,39050.0,39200.0,38800.0,38950.0,30648.0
2021-03-04 12:00:00,39000.0,39000.0,38800.0,38850.0,7132.0
2021-03-04 13:00:00,38900.0,39000.0,38850.0,38950.0,14231.0
2021-03-04 14:00:00,39000.0,39150.0,38950.0,38950.0,14725.0
2021-03-04 15:00:00,38950.0,39200.0,38900.0,39150.0,10332.0
2021-03-05 09:00:00,38300.0,38350.0,38200.0,38250.0,10632.0
2021-03-05 10:00:00,37950.0,38350.0,37900.0,38300.0,20043.0
2021-03-05 11:00:00,38000.0,38200.0,37950.0,37950.0,14954.0
2021-03-05 12:00:00,38500.0,38500.0,37450.0,37500.0,49477.0
2021-03-05 13:00:00,37450.0,37750.0,37300.0,37750.0,20508.0
2021-03-05 14:00:00,37500.0,37600.0,37400.0,37500.0,22045.0
2021-03-05 15:00:00,37750.0,38300.0,37700.0,37950.0,18098.0
2021-03-08 09:00:00,36600.0,36600.0,36050.0,36200.0,35229.0
2021-03-08 10:00:00,36200.0,36300.0,36100.0,36100.0,20285.0
2021-03-08 11:00:00,36500.0,36550.0,36250.0,36550.0,31976.0
2021-03-08 12:00:00,38900.0,38950.0,37750.0,37750.0,37489.0
2021-03-08 13:00:00,37150.0,37250.0,36550.0,36600.0,41556.0
2021-03-08 14:00:00,37750.0,37800.0,37150.0,37150.0,35562.0
2021-03-08 15:00:00,36600.0,36700.0,36350.0,36450.0,29904.0
2021-03-09 09:00:00,35500.0,35700.0,33950.0,34350.0,113147.0
2021-03-09 10:00:00,34250.0,34750.0,33950.0,33950.0,35859.0
2021-03-09 11:00:00,33950.0,34650.0,33950.0,34500.0,19248.0
2021-03-09 12:00:00,34550.0,35300.0,34500.0,35150.0,31664.0
2021-03-09 13:00:00,35150.0,35200.0,34650.0,35000.0,14903.0
2021-03-09 14:00:00,35000.0,35900.0,34950.0,35600.0,26960.0
2021-03-09 15:00:00,35550.0,35550.0,35200.0,35200.0,12625.0
2021-03-10 09:00:00,35400.0,35650.0,35350.0,35550.0,8640.0
2021-03-10 10:00:00,35600.0,35650.0,35350.0,35400.0,9934.0
2021-03-10 11:00:00,35600.0,35800.0,35350.0,35650.0,10932.0
2021-03-10 12:00:00,36950.0,37150.0,36200.0,36350.0,69215.0
2021-03-10 13:00:00,36350.0,36600.0,36000.0,36100.0,16656.0
2021-03-10 14:00:00,35750.0,36000.0,35600.0,35600.0,9747.0
2021-03-10 15:00:00,36150.0,36200.0,35550.0,35800.0,15979.0
2021-03-11 09:00:00,35650.0,36600.0,35500.0,36350.0,34075.0
2021-03-11 10:00:00,36400.0,36900.0,36350.0,36900.0,28400.0
2021-03-11 11:00:00,36900.0,36950.0,36450.0,36450.0,19239.0
2021-03-11 12:00:00,36450.0,36750.0,36350.0,36700.0,10922.0
2021-03-11 13:00:00,36650.0,37000.0,36500.0,37000.0,16967.0
2021-03-11 14:00:00,37000.0,37100.0,36850.0,37050.0,23590.0
2021-03-11 15:00:00,37050.0,37200.0,36900.0,37200.0,23954.0
2021-03-12 09:00:00,38000.0,38100.0,37950.0,38100.0,12908.0
2021-03-12 10:00:00,38000.0,38100.0,37950.0,38050.0,20278.0
2021-03-12 11:00:00,37950.0,38050.0,37900.0,38050.0,11012.0
2021-03-12 12:00:00,37950.0,38150.0,37800.0,37850.0,19860.0
2021-03-12 13:00:00,37850.0,38000.0,37650.0,37700.0,13042.0
2021-03-12 14:00:00,38000.0,38250.0,37550.0,37950.0,65161.0
2021-03-12 15:00:00,37700.0,38000.0,37650.0,37950.0,8159.0
2021-03-15 09:00:00,37900.0,37950.0,37800.0,37900.0,11667.0
2021-03-15 10:00:00,37900.0,38050.0,37850.0,38050.0,4106.0
2021-03-15 11:00:00,37950.0,38000.0,37850.0,37900.0,8579.0
2021-03-15 12:00:00,38000.0,38150.0,37850.0,37850.0,13399.0
2021-03-15 13:00:00,37850.0,38100.0,37850.0,38000.0,7495.0
2021-03-15 14:00:00,38000.0,38050.0,37900.0,37950.0,8761.0
2021-03-15 15:00:00,38150.0,38450.0,37000.0,37950.0,35606.0
2021-03-16 09:00:00,38000.0,39900.0,38000.0,39600.0,121740.0
2021-03-16 10:00:00,39600.0,40950.0,39550.0,40300.0,118845.0
2021-03-16 11:00:00,40300.0,40300.0,39800.0,39900.0,33699.0
2021-03-16 12:00:00,39950.0,40100.0,39850.0,40050.0,11450.0
2021-03-16 13:00:00,40050.0,40300.0,39850.0,40300.0,16533.0
2021-03-16 14:00:00,40300.0,40400.0,40000.0,40400.0,20127.0
2021-03-16 15:00:00,40350.0,40450.0,40250.0,40450.0,18090.0
2021-03-17 09:00:00,41750.0,41850.0,41300.0,41350.0,24389.0
2021-03-17 10:00:00,42150.0,42200.0,42000.0,42050.0,13636.0
2021-03-17 11:00:00,41400.0,42300.0,41350.0,42200.0,35231.0
2021-03-17 12:00:00,41750.0,42250.0,41550.0,41800.0,23663.0
2021-03-17 13:00:00,40950.0,41800.0,40900.0,41800.0,60242.0
2021-03-17 14:00:00,41800.0,42300.0,41650.0,41750.0,47736.0
2021-03-17 15:00:00,40400.0,41150.0,40050.0,40950.0,74038.0
2021-03-18 09:00:00,42100.0,42600.0,41600.0,41900.0,46255.0
2021-03-18 10:00:00,41900.0,42300.0,41900.0,42150.0,21503.0
2021-03-18 11:00:00,42150.0,42200.0,42050.0,42200.0,9574.0
2021-03-18 12:00:00,42200.0,42300.0,42150.0,42300.0,10960.0
2021-03-18 13:00:00,42300.0,42600.0,42250.0,42300.0,16975.0
2021-03-18 14:00:00,42300.0,42950.0,42250.0,42850.0,32634.0
2021-03-18 15:00:00,42850.0,43000.0,42850.0,42900.0,18127.0
2021-03-19 09:00:00,43600.0,43650.0,43350.0,43600.0,17673.0
2021-03-19 10:00:00,43750.0,43800.0,43600.0,43600.0,14621.0
2021-03-19 11:00:00,43600.0,43600.0,43050.0,43050.0,126184.0
2021-03-19 12:00:00,43600.0,43700.0,43350.0,43500.0,14443.0
2021-03-19 13:00:00,43450.0,43950.0,43150.0,43600.0,69899.0
2021-03-19 14:00:00,42000.0,43600.0,41800.0,43400.0,70332.0
2021-03-19 15:00:00,43500.0,43850.0,43450.0,43750.0,19800.0
2021-03-22 09:00:00,41250.0,41400.0,41200.0,41200.0,14946.0
2021-03-22 10:00:00,41650.0,41650.0,41400.0,41450.0,15097.0
2021-03-22 11:00:00,41450.0,41450.0,41150.0,41250.0,22332.0
2021-03-22 12:00:00,41550.0,41600.0,41350.0,41600.0,12802.0
2021-03-22 13:00:00,41650.0,41650.0,41050.0,41550.0,45646.0
2021-03-22 14:00:00,41550.0,41750.0,41500.0,41650.0,10591.0
2021-03-22 15:00:00,43150.0,43450.0,41500.0,41600.0,82553.0
2021-03-23 09:00:00,41250.0,41600.0,41050.0,41600.0,13496.0
2021-03-23 10:00:00,41900.0,42200.0,41250.0,41600.0,41599.0
2021-03-23 11:00:00,41650.0,42000.0,41600.0,41900.0,18378.0
2021-03-23 12:00:00,41900.0,41950.0,41500.0,41800.0,9080.0
2021-03-23 13:00:00,41850.0,41850.0,41650.0,41850.0,5023.0
2021-03-23 14:00:00,41850.0,41900.0,41300.0,41400.0,11805.0
2021-03-23 15:00:00,41350.0,41500.0,41100.0,41200.0,15154.0
2021-03-24 09:00:00,41900.0,41900.0,41650.0,41800.0,8100.0
2021-03-24 10:00:00,41800.0,41950.0,41700.0,41950.0,8127.0
2021-03-24 11:00:00,42000.0,42100.0,41800.0,41900.0,5527.0
2021-03-24 12:00:00,41200.0,42050.0,40750.0,41700.0,37074.0
2021-03-24 13:00:00,42050.0,42100.0,41750.0,42050.0,10428.0
2021-03-24 14:00:00,41650.0,42450.0,41650.0,42050.0,21729.0
2021-03-24 15:00:00,42000.0,42000.0,41750.0,42000.0,7936.0
2021-03-25 09:00:00,41950.0,41950.0,41050.0,41550.0,30623.0
2021-03-25 10:00:00,41600.0,41600.0,41250.0,41350.0,12157.0
2021-03-25 11:00:00,41400.0,42250.0,41350.0,42250.0,14934.0
2021-03-25 12:00:00,42200.0,42350.0,41700.0,41800.0,8752.0
2021-03-25 13:00:00,41700.0,41850.0,41450.0,41550.0,8011.0
2021-03-25 14:00:00,41600.0,42000.0,41500.0,41900.0,11719.0
2021-03-25 15:00:00,41850.0,42150.0,41850.0,42150.0,9602.0
2021-03-26 09:00:00,41550.0,41750.0,41550.0,41700.0,6986.0
2021-03-26 10:00:00,41600.0,41750.0,41550.0,41600.0,5664.0
2021-03-26 11:00:00,41500.0,41800.0,41450.0,41650.0,7227.0
2021-03-26 12:00:00,42300.0,42350.0,41550.0,41650.0,18415.0
2021-03-26 13:00:00,41550.0,41600.0,41400.0,41450.0,5119.0
2021-03-26 14:00:00,41650.0,41700.0,41400.0,41500.0,11516.0
2021-03-26 15:00:00,41500.0,41550.0,41450.0,41500.0,4175.0
2021-03-29 09:00:00,40750.0,40800.0,40600.0,40600.0,15709.0
2021-03-29 10:00:00,40600.0,40800.0,40550.0,40800.0,6078.0
2021-03-29 11:00:00,40800.0,40900.0,40700.0,40750.0,11836.0
2021-03-29 12:00:00,41500.0,41550.0,40450.0,40900.0,39900.0
2021-03-29 13:00:00,40700.0,40900.0,40650.0,40900.0,8383.0
2021-03-29 14:00:00,40850.0,41000.0,40650.0,40700.0,12926.0
2021-03-29 15:00:00,40850.0,40900.0,40700.0,40800.0,7694.0
2021-03-30 09:00:00,40800.0,41250.0,40650.0,40950.0,18472.0
2021-03-30 10:00:00,41050.0,41150.0,40850.0,41150.0,9936.0
2021-03-30 11:00:00,41150.0,41150.0,40850.0,40850.0,6676.0
2021-03-30 12:00:00,40850.0,41000.0,40750.0,40950.0,4013.0
2021-03-30 13:00:00,40950.0,40950.0,40800.0,40850.0,5962.0
2021-03-30 14:00:00,40850.0,41150.0,40800.0,40950.0,8748.0
2021-03-30 15:00:00,41000.0,41050.0,40900.0,41050.0,5509.0
2021-03-31 09:00:00,40750.0,41450.0,40750.0,41450.0,15953.0
2021-03-31 10:00:00,40700.0,40800.0,40650.0,40700.0,4049.0
2021-03-31 11:00:00,40750.0,40850.0,40600.0,40750.0,4165.0
2021-03-31 12:00:00,40700.0,41200.0,40700.0,40850.0,10887.0
2021-03-31 13:00:00,40800.0,40800.0,40550.0,40650.0,9503.0
2021-03-31 14:00:00,40850.0,40850.0,40750.0,40750.0,8743.0
2021-03-31 15:00:00,40650.0,40850.0,40550.0,40800.0,4336.0
2021-04-01 09:00:00,41600.0,41750.0,40950.0,41100.0,20297.0
2021-04-01 10:00:00,41100.0,41350.0,40900.0,41250.0,10395.0
2021-04-01 11:00:00,41300.0,41550.0,41300.0,41450.0,7530.0
2021-04-01 12:00:00,41450.0,41450.0,41250.0,41400.0,3614.0
2021-04-01 13:00:00,41450.0,41750.0,41300.0,41650.0,12847.0
2021-04-01 14:00:00,41600.0,41850.0,41600.0,41600.0,10527.0
2021-04-01 15:00:00,41600.0,41800.0,41500.0,41800.0,8717.0
2021-04-02 09:00:00,41650.0,41850.0,41600.0,41800.0,6400.0
2021-04-02 10:00:00,41650.0,41800.0,41500.0,41550.0,5412.0
2021-04-02 11:00:00,41550.0,41650.0,41450.0,41650.0,11622.0
2021-04-02 12:00:00,41800.0,41850.0,41600.0,41700.0,5366.0
2021-04-02 13:00:00,41800.0,41900.0,41700.0,41850.0,9553.0
2021-04-02 14:00:00,41900.0,41900.0,41350.0,41850.0,23823.0
2021-04-02 15:00:00,41700.0,41700.0,41550.0,41650.0,4141.0
2021-04-05 09:00:00,42200.0,42350.0,42100.0,42300.0,12789.0
2021-04-05 10:00:00,41650.0,41800.0,41400.0,41750.0,9227.0
2021-04-05 11:00:00,41750.0,42350.0,41650.0,42200.0,25864.0
2021-04-05 12:00:00,41250.0,41350.0,41150.0,41350.0,6808.0
2021-04-05 13:00:00,41100.0,41350.0,41000.0,41200.0,13972.0
2021-04-05 14:00:00,41350.0,41650.0,41250.0,41600.0,8928.0
2021-04-05 15:00:00,41800.0,41900.0,41050.0,41150.0,20526.0
2021-04-06 09:00:00,42350.0,42450.0,42300.0,42400.0,5707.0
2021-04-06 10:00:00,42400.0,43550.0,42150.0,43050.0,94337.0
2021-04-06 11:00:00,43050.0,43200.0,42650.0,42850.0,21833.0
2021-04-06 12:00:00,42850.0,42900.0,42400.0,42600.0,11978.0
2021-04-06 13:00:00,42600.0,42700.0,42400.0,42550.0,10300.0
2021-04-06 14:00:00,42600.0,42600.0,42300.0,42350.0,10732.0
2021-04-06 15:00:00,42350.0,42450.0,42300.0,42350.0,8604.0
2021-04-07 09:00:00,42100.0,42150.0,42000.0,42100.0,7583.0
2021-04-07 10:00:00,42100.0,42600.0,42100.0,42600.0,9426.0
2021-04-07 11:00:00,42050.0,42200.0,42000.0,42100.0,4711.0
2021-04-07 12:00:00,42000.0,42700.0,41800.0,42250.0,26886.0
2021-04-07 13:00:00,42100.0,42200.0,42000.0,42050.0,9778.0
2021-04-07 14:00:00,42250.0,42400.0,42100.0,42200.0,8013.0
2021-04-07 15:00:00,42050.0,42100.0,41950.0,42100.0,4955.0
2021-04-08 09:00:00,43100.0,43750.0,42850.0,43000.0,67085.0
2021-04-08 10:00:00,43000.0,43100.0,42800.0,42950.0,13729.0
2021-04-08 11:00:00,42950.0,43000.0,42850.0,42850.0,7013.0
2021-04-08 12:00:00,42850.0,42950.0,42800.0,42800.0,6173.0
2021-04-08 13:00:00,42800.0,42850.0,42600.0,42800.0,12822.0
2021-04-08 14:00:00,42800.0,42900.0,42650.0,42800.0,7840.0
2021-04-08 15:00:00,42750.0,43050.0,42700.0,43050.0,11999.0
2021-04-09 09:00:00,43150.0,43250.0,43150.0,43200.0,8277.0
2021-04-09 10:00:00,43100.0,43300.0,43100.0,43200.0,12929.0
2021-04-09 11:00:00,43150.0,43300.0,43100.0,43100.0,16430.0
2021-04-09 12:00:00,43050.0,43500.0,42900.0,43050.0,23309.0
2021-04-09 13:00:00,43100.0,43300.0,43100.0,43200.0,10931.0
2021-04-09 14:00:00,43050.0,43100.0,42900.0,43100.0,8798.0
2021-04-09 15:00:00,43200.0,43200.0,43100.0,43150.0,5517.0
2021-04-12 09:00:00,43300.0,43300.0,43000.0,43000.0,21148.0
2021-04-12 10:00:00,43050.0,43100.0,43000.0,43050.0,12185.0
2021-04-12 11:00:00,43300.0,43350.0,43250.0,43300.0,9650.0
2021-04-12 12:00:00,44500.0,44850.0,43500.0,43650.0,96185.0
2021-04-12 13:00:00,43550.0,43550.0,43450.0,43500.0,11505.0
2021-04-12 14:00:00,43650.0,43750.0,43500.0,43550.0,19582.0
2021-04-12 15:00:00,43500.0,43500.0,43250.0,43350.0,12848.0
2021-04-13 09:00:00,42800.0,43500.0,42600.0,43100.0,38944.0
2021-04-13 10:00:00,43050.0,43150.0,42750.0,43150.0,14579.0
2021-04-13 11:00:00,43150.0,43150.0,42900.0,43000.0,8503.0
2021-04-13 12:00:00,43000.0,43150.0,42900.0,43150.0,7254.0
2021-04-13 13:00:00,43100.0,43450.0,42950.0,43300.0,20250.0
2021-04-13 14:00:00,43350.0,43750.0,43300.0,43600.0,32215.0
2021-04-13 15:00:00,43600.0,43700.0,43550.0,43550.0,13200.0
2021-04-14 09:00:00,43450.0,43900.0,43350.0,43900.0,22919.0
2021-04-14 10:00:00,43850.0,44000.0,43800.0,43800.0,17592.0
2021-04-14 11:00:00,43300.0,43450.0,43300.0,43450.0,5653.0
2021-04-14 12:00:00,44150.0,44150.0,42950.0,43050.0,34845.0
2021-04-14 13:00:00,43400.0,43550.0,43300.0,43450.0,8206.0
2021-04-14 14:00:00,43050.0,43450.0,43000.0,43400.0,13380.0
2021-04-14 15:00:00,43500.0,43500.0,43100.0,43300.0,10297.0
2021-04-15 09:00:00,43650.0,46450.0,43450.0,46200.0,362851.0
2021-04-15 10:00:00,46200.0,46450.0,45850.0,45900.0,123987.0
2021-04-15 11:00:00,45950.0,46000.0,45600.0,45650.0,48585.0
2021-04-15 12:00:00,45650.0,45800.0,45300.0,45550.0,33978.0
2021-04-15 13:00:00,45600.0,45700.0,45250.0,45650.0,27724.0
2021-04-15 14:00:00,45600.0,46100.0,45500.0,46000.0,54954.0
2021-04-15 15:00:00,46000.0,46150.0,45950.0,46150.0,44354.0
2021-04-16 09:00:00,47750.0,47850.0,47500.0,47750.0,39982.0
2021-04-16 10:00:00,47100.0,47900.0,47050.0,47800.0,150337.0
2021-04-16 11:00:00,46200.0,47300.0,46100.0,47100.0,101372.0
2021-04-16 12:00:00,46050.0,46600.0,46000.0,46450.0,52433.0
2021-04-16 13:00:00,45700.0,46250.0,45650.0,46100.0,33302.0
2021-04-16 14:00:00,46350.0,46450.0,45550.0,45700.0,86424.0
2021-04-16 15:00:00,46500.0,46500.0,46000.0,46200.0,28181.0
2021-04-19 09:00:00,48900.0,49500.0,48600.0,49150.0,286797.0
2021-04-19 10:00:00,49100.0,49300.0,49000.0,49050.0,57978.0
2021-04-19 11:00:00,49100.0,49150.0,49000.0,49050.0,27455.0
2021-04-19 12:00:00,49050.0,49100.0,48150.0,48500.0,73725.0
2021-04-19 13:00:00,48450.0,48450.0,48100.0,48450.0,28893.0
2021-04-19 14:00:00,48450.0,48450.0,48050.0,48300.0,36341.0
2021-04-19 15:00:00,48300.0,48350.0,48000.0,48000.0,24582.0
2021-04-20 09:00:00,47500.0,47950.0,47300.0,47950.0,17797.0
2021-04-20 10:00:00,47550.0,47650.0,47200.0,47550.0,21994.0
2021-04-20 11:00:00,47600.0,47750.0,47400.0,47550.0,13385.0
2021-04-20 12:00:00,47200.0,47350.0,47150.0,47300.0,23710.0
2021-04-20 13:00:00,47350.0,47500.0,47300.0,47450.0,12497.0
2021-04-20 14:00:00,47600.0,47700.0,46500.0,47200.0,103342.0
2021-04-20 15:00:00,47500.0,47900.0,47450.0,47600.0,23382.0
2021-04-21 09:00:00,48000.0,49050.0,47550.0,48050.0,86026.0
2021-04-21 10:00:00,48100.0,48500.0,47950.0,48350.0,40111.0
2021-04-21 11:00:00,48300.0,48350.0,47800.0,47850.0,47256.0
2021-04-21 12:00:00,47900.0,48100.0,47750.0,48100.0,13128.0
2021-04-21 13:00:00,48100.0,48100.0,47600.0,47650.0,23223.0
2021-04-21 14:00:00,47650.0,48000.0,47650.0,47900.0,16456.0
2021-04-21 15:00:00,47850.0,48100.0,47850.0,48100.0,15169.0
2021-04-22 09:00:00,48350.0,48550.0,48300.0,48550.0,25119.0
2021-04-22 10:00:00,48250.0,48700.0,48200.0,48350.0,55260.0
2021-04-22 11:00:00,48000.0,48650.0,48000.0,48300.0,50065.0
2021-04-22 12:00:00,48450.0,48450.0,47750.0,48000.0,41315.0
2021-04-22 13:00:00,48150.0,48200.0,47950.0,48100.0,11283.0
2021-04-22 14:00:00,48000.0,48200.0,47900.0,48150.0,22243.0
2021-04-22 15:00:00,48100.0,48100.0,47950.0,48000.0,8954.0
2021-04-23 09:00:00,47900.0,48250.0,47900.0,48100.0,24294.0
2021-04-23 10:00:00,48100.0,48150.0,47950.0,48150.0,14037.0
2021-04-23 11:00:00,47650.0,47950.0,47550.0,47900.0,14006.0
2021-04-23 12:00:00,48200.0,48350.0,47450.0,47850.0,50687.0
2021-04-23 13:00:00,47750.0,47950.0,47750.0,47900.0,13394.0
2021-04-23 14:00:00,47850.0,48000.0,47700.0,47750.0,19820.0
2021-04-23 15:00:00,47900.0,47950.0,47550.0,47600.0,16084.0
2021-04-26 09:00:00,48250.0,49450.0,47750.0,49250.0,120456.0
2021-04-26 10:00:00,49300.0,49850.0,49100.0,49500.0,148492.0
2021-04-26 11:00:00,49500.0,50000.0,49450.0,49900.0,106163.0
2021-04-26 12:00:00,49950.0,50000.0,49700.0,49900.0,48378.0
2021-04-26 13:00:00,49950.0,51800.0,49850.0,51600.0,330033.0
2021-04-26 14:00:00,51600.0,52000.0,51000.0,52000.0,260432.0
2021-04-26 15:00:00,51900.0,52800.0,51700.0,52800.0,201317.0
2021-04-27 09:00:00,53700.0,53700.0,52900.0,53000.0,46185.0
2021-04-27 10:00:00,53800.0,53900.0,53500.0,53700.0,71286.0
2021-04-27 11:00:00,53800.0,53800.0,53300.0,53700.0,54725.0
2021-04-27 12:00:00,53100.0,54200.0,52000.0,52700.0,351668.0
2021-04-27 13:00:00,52700.0,53500.0,52700.0,53500.0,70388.0
2021-04-27 14:00:00,52700.0,53500.0,52300.0,52600.0,102492.0
2021-04-27 15:00:00,53300.0,53800.0,53300.0,53700.0,61854.0
2021-04-28 09:00:00,53500.0,54600.0,51000.0,51800.0,330875.0
2021-04-28 10:00:00,51800.0,52400.0,51000.0,51000.0,129828.0
2021-04-28 11:00:00,51100.0,51600.0,50700.0,51500.0,68716.0
2021-04-28 12:00:00,51500.0,51500.0,50000.0,50500.0,79652.0
2021-04-28 13:00:00,50500.0,50600.0,49550.0,49600.0,102747.0
2021-04-28 14:00:00,49600.0,49750.0,49050.0,49650.0,135674.0
2021-04-28 15:00:00,49650.0,50500.0,49650.0,50500.0,74353.0
2021-04-29 09:00:00,49700.0,49700.0,49100.0,49300.0,25069.0
2021-04-29 10:00:00,49750.0,50100.0,49300.0,49700.0,31539.0
2021-04-29 11:00:00,49700.0,49850.0,49350.0,49700.0,43222.0
2021-04-29 12:00:00,49850.0,50300.0,49550.0,49550.0,45926.0
2021-04-29 13:00:00,48900.0,49900.0,48600.0,49850.0,76210.0
2021-04-29 14:00:00,50800.0,50800.0,48400.0,48900.0,215358.0
2021-04-29 15:00:00,49600.0,50000.0,49300.0,49750.0,35750.0
2021-04-30 09:00:00,50100.0,50600.0,50000.0,50500.0,44847.0
2021-04-30 10:00:00,48200.0,48800.0,48100.0,48550.0,39337.0
2021-04-30 11:00:00,48500.0,50500.0,48500.0,50100.0,102416.0
2021-04-30 12:00:00,47450.0,48350.0,47250.0,48300.0,36930.0
2021-04-30 13:00:00,48350.0,48400.0,47200.0,47450.0,82515.0
2021-04-30 14:00:00,48300.0,48500.0,48000.0,48200.0,26926.0
2021-04-30 15:00:00,48850.0,49250.0,48100.0,48300.0,92141.0
2021-05-03 09:00:00,49000.0,49500.0,48950.0,49050.0,19913.0
2021-05-03 10:00:00,49700.0,50600.0,48750.0,50400.0,104214.0
2021-05-03 11:00:00,50500.0,51300.0,50000.0,50200.0,89098.0
2021-05-03 12:00:00,50300.0,50500.0,49550.0,50100.0,33983.0
2021-05-03 13:00:00,50200.0,50300.0,49700.0,49850.0,19726.0
2021-05-03 14:00:00,49800.0,50100.0,49500.0,49950.0,24437.0
2021-05-03 15:00:00,49950.0,49950.0,48750.0,48950.0,40476.0
2021-05-04 09:00:00,47200.0,48300.0,47150.0,48150.0,64374.0
2021-05-04 10:00:00,48150.0,48350.0,48100.0,48200.0,20301.0
2021-05-04 11:00:00,46400.0,47200.0,46200.0,47200.0,49726.0
2021-05-04 12:00:00,49900.0,50400.0,48800.0,48900.0,125734.0
2021-05-04 13:00:00,47550.0,47750.0,45900.0,46200.0,125895.0
2021-05-04 14:00:00,48900.0,49000.0,47500.0,47550.0,84039.0
2021-05-04 15:00:00,46200.0,46900.0,46150.0,46350.0,39153.0
2021-05-06 09:00:00,47600.0,47850.0,46500.0,46650.0,84710.0
2021-05-06 10:00:00,46650.0,46950.0,46500.0,46750.0,53731.0
2021-05-06 11:00:00,46750.0,46900.0,46550.0,46600.0,43845.0
2021-05-06 12:00:00,46600.0,46650.0,46350.0,46350.0,46734.0
2021-05-06 13:00:00,46400.0,46600.0,46250.0,46400.0,29972.0
2021-05-06 14:00:00,46400.0,47050.0,46400.0,46800.0,34435.0
2021-05-06 15:00:00,46800.0,47250.0,46700.0,47150.0,28136.0
2021-05-07 09:00:00,49550.0,49800.0,49200.0,49750.0,89253.0
2021-05-07 10:00:00,48500.0,49650.0,48300.0,49600.0,133172.0
2021-05-07 11:00:00,49750.0,52000.0,48150.0,48450.0,608846.0
2021-05-07 12:00:00,47050.0,48850.0,46500.0,48550.0,104414.0
2021-05-07 13:00:00,50400.0,51000.0,49800.0,50000.0,86005.0
2021-05-07 14:00:00,48500.0,51200.0,48450.0,50400.0,355889.0
2021-05-07 15:00:00,50100.0,50100.0,49450.0,49750.0,37409.0
2021-05-10 09:00:00,47950.0,48550.0,47900.0,48450.0,52012.0
2021-05-10 10:00:00,48450.0,48550.0,48350.0,48350.0,47412.0
2021-05-10 11:00:00,48150.0,48200.0,47900.0,47950.0,58549.0
2021-05-10 12:00:00,49800.0,49800.0,48000.0,48000.0,279071.0
2021-05-10 13:00:00,48350.0,48400.0,48150.0,48150.0,43179.0
2021-05-10 14:00:00,48000.0,48350.0,47800.0,48350.0,85807.0
2021-05-10 15:00:00,48150.0,48250.0,48100.0,48150.0,30603.0
2021-05-11 09:00:00,47450.0,47900.0,46500.0,46550.0,159807.0
2021-05-11 10:00:00,46600.0,46650.0,46100.0,46100.0,78978.0
2021-05-11 11:00:00,46100.0,46700.0,46100.0,46550.0,42883.0
2021-05-11 12:00:00,46550.0,46650.0,46000.0,46000.0,68941.0
2021-05-11 13:00:00,46050.0,46100.0,45800.0,45850.0,66102.0
2021-05-11 14:00:00,45800.0,46100.0,45800.0,46050.0,46800.0
2021-05-11 15:00:00,46050.0,46050.0,45800.0,45800.0,39235.0
2021-05-12 09:00:00,45150.0,45600.0,45050.0,45050.0,28157.0
2021-05-12 10:00:00,45100.0,45200.0,45000.0,45000.0,22273.0
2021-05-12 11:00:00,45100.0,45350.0,44600.0,45200.0,61753.0
2021-05-12 12:00:00,46300.0,47600.0,46050.0,46050.0,105313.0
2021-05-12 13:00:00,46250.0,46300.0,45900.0,46000.0,14866.0
2021-05-12 14:00:00,46050.0,46750.0,45900.0,46250.0,27996.0
2021-05-12 15:00:00,45950.0,46100.0,45100.0,45150.0,42335.0
2021-05-13 09:00:00,43900.0,44650.0,43650.0,44250.0,58243.0
2021-05-13 10:00:00,44250.0,44450.0,43900.0,44250.0,32236.0
2021-05-13 11:00:00,44200.0,44400.0,44050.0,44200.0,16549.0
2021-05-13 12:00:00,44200.0,44400.0,44100.0,44100.0,13435.0
2021-05-13 13:00:00,44100.0,44150.0,43800.0,43850.0,36557.0
2021-05-13 14:00:00,43800.0,43900.0,43000.0,43300.0,63516.0
2021-05-13 15:00:00,43250.0,43650.0,43050.0,43450.0,25489.0
2021-05-14 09:00:00,46150.0,46250.0,45800.0,45950.0,19033.0
2021-05-14 10:00:00,45150.0,46700.0,45150.0,46150.0,124086.0
2021-05-14 11:00:00,44550.0,45250.0,44500.0,45150.0,39535.0
2021-05-14 12:00:00,43900.0,44650.0,43750.0,44500.0,27045.0
2021-05-14 13:00:00,43250.0,44200.0,43250.0,44100.0,19966.0
2021-05-14 14:00:00,44000.0,44450.0,42800.0,43250.0,68250.0
2021-05-14 15:00:00,44100.0,44250.0,43900.0,43900.0,10265.0
2021-05-17 09:00:00,46600.0,46600.0,44800.0,44950.0,66445.0
2021-05-17 10:00:00,44950.0,45100.0,44600.0,44850.0,34286.0
2021-05-17 11:00:00,44850.0,44850.0,44550.0,44650.0,22188.0
2021-05-17 12:00:00,44650.0,44700.0,44250.0,44250.0,23603.0
2021-05-17 13:00:00,44250.0,44400.0,43900.0,43950.0,42804.0
2021-05-17 14:00:00,43950.0,44550.0,43850.0,44250.0,30376.0
2021-05-17 15:00:00,44250.0,44250.0,44100.0,44200.0,16260.0
2021-05-18 09:00:00,44200.0,44350.0,44150.0,44300.0,10882.0
2021-05-18 10:00:00,44600.0,44650.0,44200.0,44250.0,13257.0
2021-05-18 11:00:00,44250.0,44450.0,44200.0,44200.0,17019.0
2021-05-18 12:00:00,44600.0,44750.0,44400.0,44500.0,11033.0
2021-05-18 13:00:00,44050.0,44750.0,44050.0,44550.0,14145.0
2021-05-18 14:00:00,44200.0,44350.0,43500.0,44050.0,36851.0
2021-05-18 15:00:00,44500.0,44750.0,44450.0,44600.0,10808.0
2021-05-20 09:00:00,44300.0,46200.0,44200.0,45300.0,77977.0
2021-05-20 10:00:00,45300.0,45500.0,44800.0,45500.0,31374.0
2021-05-20 11:00:00,45500.0,45500.0,45350.0,45400.0,16612.0
2021-05-20 12:00:00,45400.0,45450.0,45250.0,45400.0,7098.0
2021-05-20 13:00:00,45450.0,45650.0,45400.0,45600.0,12480.0
2021-05-20 14:00:00,45600.0,45900.0,45550.0,45850.0,33085.0
2021-05-20 15:00:00,45850.0,45900.0,45550.0,45550.0,15901.0
2021-05-21 09:00:00,45200.0,45550.0,45200.0,45400.0,6971.0
2021-05-21 10:00:00,45600.0,45700.0,45150.0,45200.0,17107.0
2021-05-21 11:00:00,45600.0,45750.0,45500.0,45600.0,10653.0
2021-05-21 12:00:00,46100.0,46450.0,45900.0,46150.0,38656.0
2021-05-21 13:00:00,45600.0,45650.0,45100.0,45600.0,13911.0
2021-05-21 14:00:00,46150.0,46150.0,45600.0,45600.0,16506.0
2021-05-21 15:00:00,45600.0,45850.0,45400.0,45600.0,11496.0
2021-05-24 09:00:00,45100.0,45100.0,44700.0,44700.0,13840.0
2021-05-24 10:00:00,44750.0,44850.0,44500.0,44500.0,14588.0
2021-05-24 11:00:00,45200.0,45250.0,45000.0,45100.0,8874.0
2021-05-24 12:00:00,45800.0,46150.0,45100.0,45400.0,34592.0
2021-05-24 13:00:00,45250.0,45300.0,45000.0,45050.0,13308.0
2021-05-24 14:00:00,45400.0,45600.0,45200.0,45250.0,17017.0
2021-05-24 15:00:00,45050.0,45300.0,45000.0,45250.0,5533.0
2021-05-25 09:00:00,45050.0,45500.0,44650.0,45300.0,20926.0
2021-05-25 10:00:00,45250.0,45350.0,45000.0,45050.0,8356.0
2021-05-25 11:00:00,45050.0,45600.0,45000.0,45600.0,18721.0
2021-05-25 12:00:00,45600.0,45800.0,45400.0,45500.0,18269.0
2021-05-25 13:00:00,45500.0,45500.0,45200.0,45250.0,8447.0
2021-05-25 14:00:00,45250.0,45650.0,45200.0,45600.0,8723.0
2021-05-25 15:00:00,45600.0,45600.0,45350.0,45350.0,9130.0
2021-05-26 09:00:00,46300.0,46350.0,46150.0,46150.0,13516.0
2021-05-26 10:00:00,46200.0,46250.0,46050.0,46050.0,8187.0
2021-05-26 11:00:00,46150.0,46300.0,46100.0,46300.0,11924.0
2021-05-26 12:00:00,46300.0,46400.0,46100.0,46150.0,15936.0
2021-05-26 13:00:00,46350.0,46400.0,46050.0,46300.0,11983.0
2021-05-26 14:00:00,46150.0,46500.0,45950.0,46350.0,45306.0
2021-05-26 15:00:00,45550.0,46200.0,45450.0,46150.0,43210.0
2021-05-27 09:00:00,46900.0,46900.0,46100.0,46400.0,49183.0
2021-05-27 10:00:00,46400.0,46450.0,46100.0,46150.0,17712.0
2021-05-27 11:00:00,46100.0,46350.0,46100.0,46300.0,11178.0
2021-05-27 12:00:00,46300.0,46350.0,46250.0,46300.0,6788.0
2021-05-27 13:00:00,46300.0,46350.0,46050.0,46150.0,22699.0
2021-05-27 14:00:00,46150.0,46500.0,46100.0,46450.0,22895.0
2021-05-27 15:00:00,46500.0,46900.0,46450.0,46900.0,26402.0
2021-05-28 09:00:00,46350.0,46450.0,46350.0,46400.0,9753.0
2021-05-28 10:00:00,46700.0,46700.0,46300.0,46400.0,28422.0
2021-05-28 11:00:00,46750.0,46800.0,46650.0,46700.0,8131.0
2021-05-28 12:00:00,46900.0,47000.0,46500.0,46700.0,28261.0
2021-05-28 13:00:00,46550.0,46750.0,46550.0,46650.0,7155.0
2021-05-28 14:00:00,46700.0,46750.0,46550.0,46550.0,14605.0
2021-05-28 15:00:00,46700.0,46800.0,46650.0,46750.0,5938.0
2021-05-31 09:00:00,44750.0,44850.0,44700.0,44850.0,16998.0
2021-05-31 10:00:00,44850.0,44850.0,44650.0,44700.0,25644.0
2021-05-31 11:00:00,44800.0,45050.0,44750.0,44750.0,30018.0
2021-05-31 12:00:00,46300.0,46350.0,44300.0,44400.0,170207.0
2021-05-31 13:00:00,44450.0,44700.0,44400.0,44700.0,23171.0
2021-05-31 14:00:00,44400.0,44600.0,44300.0,44450.0,52579.0
2021-05-31 15:00:00,44650.0,44800.0,44650.0,44800.0,19173.0
2021-06-01 09:00:00,44700.0,44850.0,43850.0,44650.0,57935.0
2021-06-01 10:00:00,44700.0,44750.0,44500.0,44650.0,10494.0
2021-06-01 11:00:00,44600.0,44650.0,44400.0,44400.0,11443.0
2021-06-01 12:00:00,44450.0,44450.0,44400.0,44400.0,6098.0
2021-06-01 13:00:00,44400.0,44500.0,44400.0,44400.0,15745.0
2021-06-01 14:00:00,44450.0,44450.0,44250.0,44300.0,22147.0
2021-06-01 15:00:00,44250.0,44300.0,44150.0,44250.0,14742.0
2021-06-02 09:00:00,44050.0,44100.0,44000.0,44100.0,14443.0
2021-06-02 10:00:00,44100.0,44100.0,44050.0,44050.0,11624.0
2021-06-02 11:00:00,44150.0,44200.0,44050.0,44050.0,14327.0
2021-06-02 12:00:00,44600.0,44600.0,44250.0,44300.0,13303.0
2021-06-02 13:00:00,44250.0,44300.0,44000.0,44000.0,25737.0
2021-06-02 14:00:00,44350.0,44800.0,43900.0,44600.0,38749.0
2021-06-02 15:00:00,44000.0,44200.0,44000.0,44150.0,8292.0
2021-06-03 09:00:00,43950.0,44450.0,43950.0,44450.0,23389.0
2021-06-03 10:00:00,44400.0,44600.0,44200.0,44600.0,17615.0
2021-06-03 11:00:00,44600.0,44700.0,44550.0,44550.0,13383.0
2021-06-03 12:00:00,44600.0,44600.0,44500.0,44500.0,7029.0
2021-06-03 13:00:00,44500.0,44600.0,44500.0,44500.0,9204.0
2021-06-03 14:00:00,44500.0,44650.0,44450.0,44600.0,14054.0
2021-06-03 15:00:00,44650.0,44750.0,44550.0,44550.0,12031.0
2021-06-04 09:00:00,43700.0,43850.0,43700.0,43750.0,14522.0
2021-06-04 10:00:00,43800.0,43850.0,43700.0,43700.0,34270.0
2021-06-04 11:00:00,43800.0,43850.0,43700.0,43800.0,16685.0
2021-06-04 12:00:00,44450.0,44450.0,43800.0,43800.0,42295.0
2021-06-04 13:00:00,43700.0,43900.0,43700.0,43800.0,11510.0
2021-06-04 14:00:00,43850.0,43950.0,43700.0,43700.0,22572.0
2021-06-04 15:00:00,43800.0,43850.0,43700.0,43800.0,17460.0
2021-06-07 09:00:00,43800.0,43850.0,43750.0,43800.0,9364.0
2021-06-07 10:00:00,43750.0,43900.0,43750.0,43900.0,6960.0
2021-06-07 11:00:00,43600.0,43800.0,43550.0,43800.0,11738.0
2021-06-07 12:00:00,44100.0,44450.0,43850.0,43900.0,28675.0
2021-06-07 13:00:00,43850.0,43850.0,43650.0,43650.0,12860.0
2021-06-07 14:00:00,43900.0,43950.0,43800.0,43800.0,15852.0
2021-06-07 15:00:00,43650.0,43750.0,43600.0,43600.0,11792.0
2021-06-08 09:00:00,43850.0,43900.0,43150.0,43350.0,34739.0
2021-06-08 10:00:00,43300.0,43350.0,43150.0,43250.0,20661.0
2021-06-08 11:00:00,43250.0,43400.0,43200.0,43250.0,9765.0
2021-06-08 12:00:00,43250.0,43300.0,43200.0,43300.0,8516.0
2021-06-08 13:00:00,43250.0,43350.0,43250.0,43300.0,8237.0
2021-06-08 14:00:00,43300.0,43400.0,43200.0,43250.0,17623.0
2021-06-08 15:00:00,43200.0,43250.0,43200.0,43200.0,15645.0
2021-06-09 09:00:00,41950.0,42100.0,41900.0,42100.0,13608.0
2021-06-09 10:00:00,42250.0,42250.0,41800.0,42000.0,57262.0
2021-06-09 11:00:00,42600.0,42600.0,42100.0,42250.0,40357.0
2021-06-09 12:00:00,42950.0,43000.0,42650.0,42750.0,33617.0
2021-06-09 13:00:00,42750.0,42800.0,42650.0,42750.0,14017.0
2021-06-09 14:00:00,43500.0,43550.0,42900.0,42950.0,42315.0
2021-06-09 15:00:00,42750.0,42750.0,42550.0,42550.0,21178.0
2021-06-10 09:00:00,42100.0,42900.0,42100.0,42900.0,33793.0
2021-06-10 10:00:00,42900.0,43600.0,42900.0,43000.0,48947.0
2021-06-10 11:00:00,43000.0,43100.0,42900.0,43050.0,10277.0
2021-06-10 12:00:00,43050.0,43100.0,42950.0,43050.0,9312.0
2021-06-10 13:00:00,43050.0,43300.0,43050.0,43200.0,16218.0
2021-06-10 14:00:00,43250.0,43250.0,42850.0,43100.0,22392.0
2021-06-10 15:00:00,43100.0,43250.0,42800.0,42800.0,37922.0
2021-06-11 09:00:00,44450.0,44500.0,43900.0,43900.0,35562.0
2021-06-11 10:00:00,44350.0,44500.0,44250.0,44350.0,22300.0
2021-06-11 11:00:00,44350.0,44500.0,44200.0,44450.0,24674.0
2021-06-11 12:00:00,44800.0,44800.0,44150.0,44250.0,20109.0
2021-06-11 13:00:00,44100.0,44900.0,43850.0,44800.0,64589.0
2021-06-11 14:00:00,43250.0,44550.0,43100.0,44150.0,94040.0
2021-06-11 15:00:00,44250.0,44400.0,44200.0,44300.0,8997.0
2021-06-14 09:00:00,45400.0,45700.0,44600.0,44900.0,135643.0
2021-06-14 10:00:00,44900.0,45050.0,44850.0,44900.0,28531.0
2021-06-14 11:00:00,44900.0,44950.0,44750.0,44750.0,11417.0
2021-06-14 12:00:00,44750.0,44900.0,44750.0,44800.0,9696.0
2021-06-14 13:00:00,44750.0,44950.0,44700.0,44750.0,28392.0
2021-06-14 14:00:00,44750.0,44850.0,44700.0,44850.0,11719.0
2021-06-14 15:00:00,44850.0,44950.0,44800.0,44950.0,11386.0
2021-06-15 09:00:00,45250.0,45300.0,44400.0,44600.0,36692.0
2021-06-15 10:00:00,44600.0,44700.0,44550.0,44600.0,12560.0
2021-06-15 11:00:00,44600.0,44600.0,44500.0,44550.0,7129.0
2021-06-15 12:00:00,44600.0,44650.0,44500.0,44500.0,5319.0
2021-06-15 13:00:00,44550.0,44600.0,44500.0,44550.0,3007.0
