Datetime,Open,High,Low,Close,Volume
2016-05-16 09:00:00,5775.0,5775.0,5625.0,5625.0,18420.0
2016-05-16 10:00:00,5675.0,5700.0,5600.0,5650.0,8869.0
2016-05-16 11:00:00,5650.0,5675.0,5600.0,5675.0,7009.0
2016-05-16 12:00:00,5625.0,5700.0,5600.0,5600.0,6535.0
2016-05-16 13:00:00,5625.0,5675.0,5600.0,5675.0,852.0
2016-05-16 14:00:00,5650.0,5675.0,5650.0,5675.0,1189.0
2016-05-17 09:00:00,5650.0,5775.0,5625.0,5675.0,14930.0
2016-05-17 10:00:00,5700.0,5725.0,5650.0,5700.0,3967.0
2016-05-17 11:00:00,5675.0,5725.0,5650.0,5700.0,2051.0
2016-05-17 12:00:00,5725.0,5750.0,5700.0,5750.0,1981.0
2016-05-17 13:00:00,5725.0,5800.0,5725.0,5750.0,10747.0
2016-05-17 14:00:00,5750.0,5825.0,5700.0,5800.0,9940.0
2016-05-18 09:00:00,5900.0,6000.0,5725.0,5800.0,41457.0
2016-05-18 10:00:00,5800.0,5800.0,5725.0,5725.0,6830.0
2016-05-18 11:00:00,5725.0,5800.0,5725.0,5750.0,1604.0
2016-05-18 12:00:00,5775.0,5825.0,5775.0,5825.0,2526.0
2016-05-18 13:00:00,5800.0,5800.0,5700.0,5725.0,13968.0
2016-05-18 14:00:00,5700.0,5725.0,5625.0,5725.0,12158.0
2016-05-19 09:00:00,5600.0,5700.0,5550.0,5700.0,6012.0
2016-05-19 10:00:00,5600.0,5600.0,5550.0,5575.0,9867.0
2016-05-19 11:00:00,5625.0,5625.0,5550.0,5600.0,4118.0
2016-05-19 12:00:00,5600.0,5650.0,5600.0,5600.0,1610.0
2016-05-19 13:00:00,5650.0,5675.0,5600.0,5625.0,5148.0
2016-05-19 14:00:00,5750.0,5750.0,5600.0,5650.0,7122.0
2016-05-20 09:00:00,5650.0,5700.0,5575.0,5575.0,8090.0
2016-05-20 10:00:00,5575.0,5600.0,5500.0,5575.0,11285.0
2016-05-20 11:00:00,5550.0,5575.0,5525.0,5550.0,2535.0
2016-05-20 12:00:00,5550.0,5600.0,5525.0,5575.0,4995.0
2016-05-20 13:00:00,5575.0,5650.0,5575.0,5600.0,3157.0
2016-05-20 14:00:00,5600.0,5625.0,5475.0,5600.0,17018.0
2016-05-23 09:00:00,5450.0,5475.0,5400.0,5400.0,16985.0
2016-05-23 10:00:00,5450.0,5475.0,5400.0,5425.0,6878.0
2016-05-23 11:00:00,5525.0,5550.0,5425.0,5475.0,33578.0
2016-05-23 12:00:00,5475.0,5500.0,5450.0,5475.0,6602.0
2016-05-23 13:00:00,5475.0,5500.0,5425.0,5500.0,8358.0
2016-05-23 14:00:00,5475.0,5475.0,5425.0,5450.0,4655.0
2016-05-24 09:00:00,5400.0,5450.0,5400.0,5450.0,11067.0
2016-05-24 10:00:00,5450.0,5475.0,5400.0,5400.0,3035.0
2016-05-24 11:00:00,5450.0,5500.0,5425.0,5450.0,1690.0
2016-05-24 12:00:00,5525.0,5550.0,5450.0,5450.0,6124.0
2016-05-24 13:00:00,5425.0,5525.0,5425.0,5525.0,6328.0
2016-05-24 14:00:00,5425.0,5450.0,5375.0,5450.0,11700.0
2016-05-25 09:00:00,5500.0,5600.0,5400.0,5475.0,15046.0
2016-05-25 10:00:00,5450.0,5475.0,5425.0,5450.0,5925.0
2016-05-25 11:00:00,5475.0,5500.0,5425.0,5450.0,4052.0
2016-05-25 12:00:00,5450.0,5525.0,5450.0,5500.0,4501.0
2016-05-25 13:00:00,5475.0,5500.0,5450.0,5475.0,10527.0
2016-05-25 14:00:00,5500.0,5500.0,5450.0,5500.0,9031.0
2016-05-26 09:00:00,5450.0,5525.0,5425.0,5525.0,9903.0
2016-05-26 10:00:00,5425.0,5500.0,5425.0,5500.0,4823.0
2016-05-26 11:00:00,5500.0,5575.0,5475.0,5500.0,1629.0
2016-05-26 12:00:00,5475.0,5500.0,5450.0,5475.0,4088.0
2016-05-26 13:00:00,5525.0,5550.0,5475.0,5475.0,5812.0
2016-05-26 14:00:00,5450.0,5475.0,5450.0,5450.0,3950.0
2016-05-27 09:00:00,5375.0,5400.0,5350.0,5400.0,8834.0
2016-05-27 10:00:00,5375.0,5400.0,5325.0,5375.0,13328.0
2016-05-27 11:00:00,5400.0,5400.0,5350.0,5375.0,8492.0
2016-05-27 12:00:00,5325.0,5400.0,5325.0,5375.0,6765.0
2016-05-27 13:00:00,5450.0,5475.0,5325.0,5325.0,26584.0
2016-05-27 14:00:00,5525.0,5550.0,5425.0,5450.0,30147.0
2016-05-30 09:00:00,5350.0,5425.0,5300.0,5300.0,10319.0
2016-05-30 10:00:00,5325.0,5375.0,5275.0,5325.0,6796.0
2016-05-30 11:00:00,5325.0,5350.0,5300.0,5325.0,1272.0
2016-05-30 12:00:00,5325.0,5350.0,5325.0,5325.0,629.0
2016-05-30 13:00:00,5325.0,5350.0,5325.0,5325.0,456.0
2016-05-30 14:00:00,5325.0,5375.0,5325.0,5350.0,5709.0
2016-05-31 09:00:00,5425.0,5475.0,5350.0,5350.0,21963.0
2016-05-31 10:00:00,5425.0,5450.0,5400.0,5450.0,4573.0
2016-05-31 11:00:00,5325.0,5450.0,5325.0,5425.0,4647.0
2016-05-31 12:00:00,5350.0,5400.0,5325.0,5400.0,1780.0
2016-05-31 13:00:00,5400.0,5425.0,5350.0,5350.0,2143.0
2016-05-31 14:00:00,5400.0,5450.0,5375.0,5450.0,2984.0
2016-06-01 09:00:00,5325.0,5350.0,5275.0,5350.0,14908.0
2016-06-01 10:00:00,5325.0,5350.0,5325.0,5325.0,3895.0
2016-06-01 11:00:00,5350.0,5450.0,5350.0,5400.0,4644.0
2016-06-01 12:00:00,5325.0,5375.0,5325.0,5350.0,3400.0
2016-06-01 13:00:00,5400.0,5400.0,5325.0,5325.0,4746.0
2016-06-01 14:00:00,5350.0,5375.0,5325.0,5325.0,1696.0
2016-06-02 09:00:00,5350.0,5425.0,5300.0,5325.0,4344.0
2016-06-02 10:00:00,5325.0,5350.0,5275.0,5300.0,3073.0
2016-06-02 11:00:00,5300.0,5350.0,5300.0,5300.0,5278.0
2016-06-02 12:00:00,5300.0,5325.0,5275.0,5300.0,3630.0
2016-06-02 13:00:00,5300.0,5325.0,5300.0,5300.0,3447.0
2016-06-02 14:00:00,5300.0,5325.0,5275.0,5325.0,14992.0
2016-06-03 09:00:00,5300.0,5475.0,5300.0,5450.0,26605.0
2016-06-03 10:00:00,5250.0,5325.0,5225.0,5300.0,18033.0
2016-06-03 11:00:00,5350.0,5450.0,5325.0,5400.0,12269.0
2016-06-03 12:00:00,5350.0,5375.0,5275.0,5275.0,8394.0
2016-06-03 13:00:00,5425.0,5425.0,5325.0,5350.0,17525.0
2016-06-03 14:00:00,5275.0,5325.0,5275.0,5275.0,11762.0
2016-06-07 09:00:00,5350.0,5375.0,5300.0,5300.0,16605.0
2016-06-07 10:00:00,5375.0,5425.0,5325.0,5350.0,13559.0
2016-06-07 11:00:00,5400.0,5400.0,5375.0,5400.0,5649.0
2016-06-07 12:00:00,5450.0,5450.0,5400.0,5400.0,1107.0
2016-06-07 13:00:00,5475.0,5475.0,5425.0,5425.0,8482.0
2016-06-07 14:00:00,5450.0,5550.0,5450.0,5475.0,11646.0
2016-06-08 09:00:00,5325.0,5425.0,5325.0,5375.0,13846.0
2016-06-08 10:00:00,5375.0,5400.0,5350.0,5350.0,7295.0
2016-06-08 11:00:00,5350.0,5425.0,5325.0,5375.0,4698.0
2016-06-08 12:00:00,5400.0,5400.0,5375.0,5375.0,582.0
2016-06-08 13:00:00,5375.0,5375.0,5350.0,5375.0,2148.0
2016-06-08 14:00:00,5350.0,5375.0,5325.0,5375.0,5812.0
2016-06-09 09:00:00,5600.0,5700.0,5525.0,5700.0,45666.0
2016-06-09 10:00:00,5700.0,5725.0,5600.0,5600.0,36805.0
2016-06-09 11:00:00,5450.0,6000.0,5450.0,5800.0,343101.0
2016-06-09 12:00:00,5700.0,5850.0,5700.0,5775.0,40398.0
2016-06-09 13:00:00,5800.0,5825.0,5675.0,5700.0,36338.0
2016-06-09 14:00:00,5775.0,5775.0,5675.0,5725.0,31704.0
2016-06-10 09:00:00,5750.0,5800.0,5700.0,5800.0,23793.0
2016-06-10 10:00:00,5825.0,5850.0,5725.0,5750.0,20004.0
2016-06-10 11:00:00,5775.0,5800.0,5650.0,5700.0,37988.0
2016-06-10 12:00:00,5700.0,5850.0,5675.0,5800.0,19399.0
2016-06-10 13:00:00,5725.0,5775.0,5700.0,5700.0,18350.0
2016-06-10 14:00:00,5800.0,5850.0,5775.0,5825.0,24906.0
2016-06-13 09:00:00,5750.0,5900.0,5725.0,5800.0,17536.0
2016-06-13 10:00:00,5800.0,5825.0,5700.0,5725.0,7887.0
2016-06-13 11:00:00,5725.0,5750.0,5675.0,5700.0,9700.0
2016-06-13 12:00:00,5700.0,5700.0,5550.0,5600.0,14376.0
2016-06-13 13:00:00,5600.0,5700.0,5550.0,5625.0,13579.0
2016-06-13 14:00:00,5650.0,5700.0,5600.0,5600.0,21886.0
2016-06-14 09:00:00,5600.0,5700.0,5600.0,5700.0,10663.0
2016-06-14 10:00:00,5500.0,5625.0,5475.0,5600.0,6220.0
2016-06-14 11:00:00,5600.0,5675.0,5550.0,5575.0,25038.0
2016-06-14 12:00:00,5500.0,5550.0,5450.0,5550.0,9889.0
2016-06-14 13:00:00,5550.0,5575.0,5500.0,5550.0,8588.0
2016-06-14 14:00:00,5550.0,5550.0,5475.0,5500.0,4525.0
2016-06-15 09:00:00,5625.0,5625.0,5525.0,5600.0,21643.0
2016-06-15 10:00:00,5650.0,5675.0,5600.0,5625.0,11638.0
2016-06-15 11:00:00,5750.0,5875.0,5650.0,5700.0,36852.0
2016-06-15 12:00:00,5725.0,5725.0,5625.0,5650.0,6051.0
2016-06-15 13:00:00,5700.0,5750.0,5650.0,5725.0,8995.0
2016-06-15 14:00:00,5675.0,5675.0,5650.0,5650.0,1070.0
2016-06-16 09:00:00,5575.0,5600.0,5450.0,5500.0,24257.0
2016-06-16 10:00:00,5475.0,5500.0,5425.0,5425.0,11472.0
2016-06-16 11:00:00,5450.0,5450.0,5350.0,5400.0,16413.0
2016-06-16 12:00:00,5400.0,5425.0,5400.0,5425.0,2477.0
2016-06-16 13:00:00,5425.0,5425.0,5350.0,5400.0,9341.0
2016-06-16 14:00:00,5375.0,5425.0,5325.0,5325.0,21710.0
2016-06-17 09:00:00,5325.0,5400.0,5300.0,5375.0,8383.0
2016-06-17 10:00:00,5350.0,5375.0,5300.0,5325.0,10855.0
2016-06-17 11:00:00,5350.0,5475.0,5350.0,5450.0,17981.0
2016-06-17 12:00:00,5375.0,5400.0,5375.0,5375.0,1579.0
2016-06-17 13:00:00,5375.0,5400.0,5350.0,5375.0,4443.0
2016-06-17 14:00:00,5425.0,5450.0,5375.0,5400.0,11964.0
2016-06-20 09:00:00,5400.0,5475.0,5375.0,5425.0,4748.0
2016-06-20 10:00:00,5425.0,5500.0,5425.0,5450.0,4790.0
2016-06-20 11:00:00,5450.0,5475.0,5450.0,5475.0,994.0
2016-06-20 12:00:00,5450.0,5475.0,5450.0,5475.0,1032.0
2016-06-20 13:00:00,5450.0,5525.0,5450.0,5475.0,7778.0
2016-06-20 14:00:00,5500.0,5575.0,5475.0,5525.0,18067.0
2016-06-21 09:00:00,5525.0,5525.0,5450.0,5450.0,10251.0
2016-06-21 10:00:00,5450.0,5500.0,5450.0,5475.0,4037.0
2016-06-21 11:00:00,5475.0,5500.0,5425.0,5450.0,5949.0
2016-06-21 12:00:00,5450.0,5475.0,5425.0,5425.0,8174.0
2016-06-21 13:00:00,5425.0,5525.0,5425.0,5425.0,9861.0
2016-06-21 14:00:00,5425.0,5500.0,5425.0,5475.0,4954.0
2016-06-22 09:00:00,5525.0,5525.0,5475.0,5500.0,4239.0
2016-06-22 10:00:00,5500.0,5525.0,5475.0,5500.0,1696.0
2016-06-22 11:00:00,5500.0,5525.0,5475.0,5500.0,1274.0
2016-06-22 12:00:00,5475.0,5525.0,5450.0,5500.0,4883.0
2016-06-22 13:00:00,5425.0,5550.0,5400.0,5450.0,6236.0
2016-06-22 14:00:00,5500.0,5525.0,5475.0,5525.0,2328.0
2016-06-23 09:00:00,5500.0,5500.0,5350.0,5400.0,17362.0
2016-06-23 10:00:00,5400.0,5425.0,5375.0,5375.0,3829.0
2016-06-23 11:00:00,5400.0,5425.0,5350.0,5375.0,7699.0
2016-06-23 12:00:00,5375.0,5375.0,5325.0,5375.0,8064.0
2016-06-23 13:00:00,5350.0,5400.0,5350.0,5400.0,3546.0
2016-06-23 14:00:00,5400.0,5400.0,5300.0,5400.0,14010.0
2016-06-24 09:00:00,5050.0,5100.0,5000.0,5050.0,28235.0
2016-06-24 10:00:00,5025.0,5075.0,4985.0,5075.0,29567.0
2016-06-24 11:00:00,5400.0,5425.0,5350.0,5400.0,5913.0
2016-06-24 12:00:00,5325.0,5325.0,5025.0,5125.0,34225.0
2016-06-24 13:00:00,5375.0,5400.0,5225.0,5325.0,18767.0
2016-06-24 14:00:00,5175.0,5250.0,4975.0,5000.0,55598.0
2016-06-27 09:00:00,4975.0,4975.0,4900.0,4900.0,35973.0
2016-06-27 10:00:00,5050.0,5050.0,4975.0,4975.0,14018.0
2016-06-27 11:00:00,4960.0,5050.0,4960.0,5025.0,10290.0
2016-06-27 12:00:00,5025.0,5050.0,4985.0,5000.0,3348.0
2016-06-27 13:00:00,5000.0,5050.0,4995.0,5025.0,7754.0
2016-06-27 14:00:00,4910.0,5050.0,4905.0,4955.0,11365.0
2016-06-28 09:00:00,4950.0,4990.0,4950.0,4960.0,4320.0
2016-06-28 10:00:00,4965.0,5075.0,4965.0,5025.0,11397.0
2016-06-28 11:00:00,5025.0,5050.0,4975.0,4975.0,16931.0
2016-06-28 12:00:00,4975.0,5025.0,4970.0,5025.0,8472.0
2016-06-28 13:00:00,5025.0,5200.0,5000.0,5175.0,26252.0
2016-06-28 14:00:00,4900.0,4985.0,4895.0,4950.0,6692.0
2016-06-29 09:00:00,5175.0,5575.0,5150.0,5500.0,78011.0
2016-06-29 10:00:00,5525.0,6000.0,5400.0,5475.0,271137.0
2016-06-29 11:00:00,5475.0,5525.0,5375.0,5400.0,30437.0
2016-06-29 12:00:00,5400.0,5575.0,5375.0,5575.0,45154.0
2016-06-29 13:00:00,5550.0,5575.0,5500.0,5525.0,19389.0
2016-06-29 14:00:00,5550.0,5750.0,5525.0,5700.0,81307.0
2016-06-30 09:00:00,5750.0,6025.0,5750.0,6000.0,141338.0
2016-06-30 10:00:00,5750.0,5800.0,5700.0,5750.0,11340.0
2016-06-30 11:00:00,5725.0,5850.0,5700.0,5775.0,43038.0
2016-06-30 12:00:00,5750.0,5825.0,5750.0,5775.0,7220.0
2016-06-30 13:00:00,5775.0,5800.0,5650.0,5725.0,24509.0
2016-06-30 14:00:00,5875.0,5925.0,5650.0,5700.0,66911.0
2016-07-01 09:00:00,6000.0,6200.0,5925.0,6075.0,96124.0
2016-07-01 10:00:00,6100.0,6125.0,5925.0,5950.0,60032.0
2016-07-01 11:00:00,5925.0,6075.0,5900.0,6000.0,24255.0
2016-07-01 12:00:00,6000.0,6125.0,6000.0,6125.0,20749.0
2016-07-01 13:00:00,6125.0,6150.0,5975.0,6025.0,26349.0
2016-07-01 14:00:00,6025.0,6100.0,5975.0,5975.0,29610.0
2016-07-04 09:00:00,5800.0,5825.0,5750.0,5800.0,20946.0
2016-07-04 10:00:00,5800.0,5800.0,5725.0,5725.0,37212.0
2016-07-04 11:00:00,5750.0,5825.0,5750.0,5775.0,21257.0
2016-07-04 12:00:00,5850.0,5950.0,5800.0,5875.0,20098.0
2016-07-04 13:00:00,5800.0,5850.0,5750.0,5850.0,66289.0
2016-07-04 14:00:00,5850.0,5875.0,5750.0,5775.0,42201.0
2016-07-05 09:00:00,5750.0,5800.0,5600.0,5775.0,15037.0
2016-07-05 10:00:00,5775.0,5925.0,5700.0,5875.0,44201.0
2016-07-05 11:00:00,5875.0,5950.0,5825.0,5875.0,51238.0
2016-07-05 12:00:00,5850.0,5925.0,5825.0,5900.0,17827.0
2016-07-05 13:00:00,5925.0,6025.0,5900.0,5975.0,45683.0
2016-07-05 14:00:00,5975.0,6000.0,5975.0,6000.0,22390.0
2016-07-06 09:00:00,5950.0,6000.0,5900.0,5900.0,18764.0
2016-07-06 10:00:00,5875.0,5950.0,5850.0,5925.0,8993.0
2016-07-06 11:00:00,5975.0,6100.0,5875.0,5900.0,54035.0
2016-07-06 12:00:00,5850.0,5925.0,5800.0,5850.0,20714.0
2016-07-06 13:00:00,5875.0,6000.0,5850.0,5850.0,26277.0
2016-07-06 14:00:00,5875.0,5900.0,5825.0,5850.0,6575.0
2016-07-07 09:00:00,5975.0,6000.0,5925.0,5950.0,8364.0
2016-07-07 10:00:00,5950.0,6000.0,5925.0,6000.0,5709.0
2016-07-07 11:00:00,5975.0,5975.0,5925.0,5950.0,4328.0
2016-07-07 12:00:00,5975.0,6000.0,5925.0,5925.0,12682.0
2016-07-07 13:00:00,6050.0,6075.0,5975.0,5975.0,12073.0
2016-07-07 14:00:00,5950.0,6050.0,5900.0,6050.0,18184.0
2016-07-08 09:00:00,6000.0,6025.0,5875.0,5875.0,7862.0
2016-07-08 10:00:00,5875.0,5950.0,5875.0,5900.0,10356.0
2016-07-08 11:00:00,5900.0,5900.0,5850.0,5900.0,6521.0
2016-07-08 12:00:00,5875.0,5925.0,5850.0,5875.0,3260.0
2016-07-08 13:00:00,5850.0,5900.0,5850.0,5900.0,4041.0
2016-07-08 14:00:00,5875.0,5900.0,5775.0,5775.0,29076.0
2016-07-11 09:00:00,5850.0,5925.0,5850.0,5925.0,11808.0
2016-07-11 10:00:00,5850.0,5900.0,5850.0,5850.0,5003.0
2016-07-11 11:00:00,5725.0,5825.0,5725.0,5825.0,15307.0
2016-07-11 12:00:00,5850.0,5875.0,5825.0,5825.0,4604.0
2016-07-11 13:00:00,5800.0,5900.0,5800.0,5850.0,8212.0
2016-07-11 14:00:00,5825.0,5875.0,5825.0,5875.0,3102.0
2016-07-12 09:00:00,5775.0,5850.0,5750.0,5850.0,6330.0
2016-07-12 10:00:00,5825.0,5825.0,5725.0,5750.0,16682.0
2016-07-12 11:00:00,5925.0,5950.0,5850.0,5925.0,6643.0
2016-07-12 12:00:00,5875.0,5875.0,5800.0,5800.0,5230.0
2016-07-12 13:00:00,5950.0,5950.0,5850.0,5850.0,13769.0
2016-07-12 14:00:00,5825.0,5850.0,5800.0,5800.0,2697.0
2016-07-13 09:00:00,5875.0,5900.0,5800.0,5825.0,7023.0
2016-07-13 10:00:00,5850.0,5875.0,5800.0,5850.0,4852.0
2016-07-13 11:00:00,5875.0,5875.0,5825.0,5850.0,840.0
2016-07-13 12:00:00,5825.0,5850.0,5825.0,5825.0,3262.0
2016-07-13 13:00:00,5850.0,5850.0,5800.0,5800.0,4407.0
2016-07-13 14:00:00,5800.0,5825.0,5750.0,5825.0,10392.0
2016-07-14 09:00:00,5775.0,5900.0,5775.0,5850.0,26109.0
2016-07-14 10:00:00,5775.0,5825.0,5750.0,5800.0,4932.0
2016-07-14 11:00:00,5825.0,5850.0,5750.0,5825.0,13423.0
2016-07-14 12:00:00,5800.0,5800.0,5725.0,5725.0,6507.0
2016-07-14 13:00:00,5800.0,5825.0,5775.0,5775.0,4139.0
2016-07-14 14:00:00,5750.0,5800.0,5725.0,5750.0,2855.0
2016-07-15 09:00:00,5750.0,5775.0,5625.0,5650.0,45208.0
2016-07-15 10:00:00,5775.0,5800.0,5725.0,5775.0,7943.0
2016-07-15 11:00:00,5800.0,5825.0,5725.0,5725.0,21768.0
2016-07-15 12:00:00,5775.0,5775.0,5725.0,5725.0,6271.0
2016-07-15 13:00:00,5725.0,5775.0,5725.0,5750.0,4892.0
2016-07-15 14:00:00,5750.0,5875.0,5725.0,5775.0,19550.0
2016-07-18 09:00:00,5650.0,5700.0,5600.0,5625.0,19563.0
2016-07-18 10:00:00,5675.0,5800.0,5650.0,5700.0,18563.0
2016-07-18 11:00:00,5675.0,5750.0,5675.0,5675.0,6760.0
2016-07-18 12:00:00,5700.0,5725.0,5650.0,5725.0,10274.0
2016-07-18 13:00:00,5700.0,5700.0,5650.0,5700.0,3975.0
2016-07-18 14:00:00,5700.0,5700.0,5600.0,5600.0,15789.0
2016-07-19 09:00:00,5525.0,5600.0,5475.0,5575.0,26845.0
2016-07-19 10:00:00,5600.0,5625.0,5550.0,5575.0,7093.0
2016-07-19 11:00:00,5575.0,5600.0,5525.0,5525.0,10495.0
2016-07-19 12:00:00,5600.0,5700.0,5600.0,5675.0,13322.0
2016-07-19 13:00:00,5650.0,5675.0,5600.0,5600.0,11602.0
2016-07-19 14:00:00,5600.0,5625.0,5575.0,5600.0,4360.0
2016-07-20 09:00:00,5550.0,5675.0,5550.0,5650.0,3928.0
2016-07-20 10:00:00,5625.0,5650.0,5575.0,5600.0,5710.0
2016-07-20 11:00:00,5600.0,5625.0,5575.0,5575.0,7126.0
2016-07-20 12:00:00,5575.0,5625.0,5575.0,5575.0,5709.0
2016-07-20 13:00:00,5575.0,5600.0,5575.0,5600.0,1112.0
2016-07-20 14:00:00,5575.0,5625.0,5575.0,5600.0,2831.0
2016-07-21 09:00:00,5525.0,5550.0,5500.0,5500.0,13094.0
2016-07-21 10:00:00,5550.0,5575.0,5525.0,5525.0,4860.0
2016-07-21 11:00:00,5600.0,5650.0,5525.0,5575.0,10225.0
2016-07-21 12:00:00,5550.0,5575.0,5525.0,5525.0,6723.0
2016-07-21 13:00:00,5575.0,5575.0,5525.0,5550.0,6920.0
2016-07-21 14:00:00,5525.0,5550.0,5525.0,5550.0,560.0
2016-07-22 09:00:00,5500.0,5525.0,5475.0,5525.0,4418.0
2016-07-22 10:00:00,5500.0,5525.0,5475.0,5525.0,6689.0
2016-07-22 11:00:00,5500.0,5525.0,5475.0,5500.0,3140.0
2016-07-22 12:00:00,5525.0,5550.0,5500.0,5500.0,6742.0
2016-07-22 13:00:00,5500.0,5525.0,5475.0,5500.0,6574.0
2016-07-22 14:00:00,5500.0,5550.0,5450.0,5500.0,4940.0
2016-07-25 09:00:00,5525.0,5625.0,5475.0,5550.0,10131.0
2016-07-25 10:00:00,5550.0,5575.0,5550.0,5550.0,1441.0
2016-07-25 11:00:00,5550.0,5550.0,5525.0,5550.0,2451.0
2016-07-25 12:00:00,5550.0,5550.0,5475.0,5525.0,3449.0
2016-07-25 13:00:00,5525.0,5525.0,5500.0,5525.0,6699.0
2016-07-25 14:00:00,5525.0,5550.0,5500.0,5500.0,7303.0
2016-07-26 09:00:00,5750.0,5775.0,5725.0,5750.0,10216.0
2016-07-26 10:00:00,5650.0,5800.0,5650.0,5750.0,37372.0
2016-07-26 11:00:00,5500.0,5575.0,5500.0,5525.0,2451.0
2016-07-26 12:00:00,5550.0,5625.0,5550.0,5600.0,7446.0
2016-07-26 13:00:00,5550.0,5575.0,5525.0,5550.0,8666.0
2016-07-26 14:00:00,5625.0,5700.0,5600.0,5650.0,11163.0
2016-07-27 09:00:00,5675.0,5700.0,5600.0,5650.0,11969.0
2016-07-27 10:00:00,5725.0,5750.0,5675.0,5675.0,9928.0
2016-07-27 11:00:00,5775.0,5775.0,5675.0,5725.0,9267.0
2016-07-27 12:00:00,5725.0,5775.0,5700.0,5750.0,2668.0
2016-07-27 13:00:00,5725.0,5850.0,5725.0,5775.0,12827.0
2016-07-27 14:00:00,5750.0,5750.0,5725.0,5750.0,2731.0
2016-07-28 09:00:00,5600.0,5775.0,5600.0,5725.0,15006.0
2016-07-28 10:00:00,5725.0,5825.0,5725.0,5800.0,14510.0
2016-07-28 11:00:00,5800.0,5925.0,5775.0,5825.0,22838.0
2016-07-28 12:00:00,5825.0,5850.0,5725.0,5800.0,23186.0
2016-07-28 13:00:00,5800.0,5850.0,5775.0,5800.0,23871.0
2016-07-28 14:00:00,5800.0,5900.0,5800.0,5900.0,11187.0
2016-07-29 09:00:00,5800.0,5900.0,5800.0,5825.0,5133.0
2016-07-29 10:00:00,5825.0,5875.0,5800.0,5825.0,9090.0
2016-07-29 11:00:00,5900.0,6050.0,5900.0,6000.0,28508.0
2016-07-29 12:00:00,5875.0,5925.0,5800.0,5850.0,8840.0
2016-07-29 13:00:00,5975.0,5975.0,5850.0,5900.0,15218.0
2016-07-29 14:00:00,5850.0,5875.0,5825.0,5825.0,3747.0
2016-08-01 09:00:00,5775.0,5800.0,5750.0,5800.0,13119.0
2016-08-01 10:00:00,5775.0,5800.0,5750.0,5800.0,4340.0
2016-08-01 11:00:00,5750.0,5800.0,5750.0,5775.0,4070.0
2016-08-01 12:00:00,5900.0,5925.0,5725.0,5850.0,25554.0
2016-08-01 13:00:00,5800.0,5825.0,5725.0,5750.0,7533.0
2016-08-01 14:00:00,5900.0,5925.0,5800.0,5875.0,13872.0
2016-08-01 15:00:00,5750.0,5800.0,5725.0,5750.0,5240.0
2016-08-02 09:00:00,6200.0,6350.0,5925.0,6000.0,203454.0
2016-08-02 10:00:00,6000.0,6025.0,5975.0,5975.0,15567.0
2016-08-02 11:00:00,6000.0,6025.0,5975.0,6000.0,19010.0
2016-08-02 12:00:00,5975.0,6000.0,5975.0,5975.0,3857.0
2016-08-02 13:00:00,5975.0,5975.0,5875.0,5900.0,47968.0
2016-08-02 14:00:00,5900.0,5950.0,5900.0,5925.0,3873.0
2016-08-02 15:00:00,5925.0,5925.0,5875.0,5875.0,9323.0
2016-08-03 09:00:00,5825.0,5850.0,5825.0,5850.0,2669.0
2016-08-03 10:00:00,5825.0,5850.0,5775.0,5825.0,6767.0
2016-08-03 11:00:00,5825.0,5850.0,5800.0,5850.0,3848.0
2016-08-03 12:00:00,5950.0,5950.0,5775.0,5775.0,17797.0
2016-08-03 13:00:00,5850.0,5850.0,5800.0,5825.0,2048.0
2016-08-03 14:00:00,5775.0,5850.0,5725.0,5850.0,10399.0
2016-08-03 15:00:00,5850.0,5850.0,5825.0,5825.0,1491.0
2016-08-04 09:00:00,5775.0,5900.0,5750.0,5850.0,11540.0
2016-08-04 10:00:00,5825.0,5850.0,5800.0,5825.0,4823.0
2016-08-04 11:00:00,5800.0,5825.0,5725.0,5725.0,20126.0
2016-08-04 12:00:00,5725.0,5750.0,5700.0,5700.0,14275.0
2016-08-04 13:00:00,5725.0,5725.0,5625.0,5625.0,15747.0
2016-08-04 14:00:00,5650.0,5700.0,5650.0,5700.0,10996.0
2016-08-04 15:00:00,5700.0,5700.0,5675.0,5675.0,6715.0
2016-08-05 09:00:00,5450.0,5475.0,5350.0,5400.0,20284.0
2016-08-05 10:00:00,5550.0,5575.0,5375.0,5475.0,49699.0
2016-08-05 11:00:00,5575.0,5575.0,5525.0,5550.0,7286.0
2016-08-05 12:00:00,5600.0,5700.0,5600.0,5650.0,18054.0
2016-08-05 13:00:00,5550.0,5625.0,5550.0,5625.0,5817.0
2016-08-05 14:00:00,5625.0,5650.0,5550.0,5550.0,20339.0
2016-08-05 15:00:00,5625.0,5625.0,5525.0,5550.0,21150.0
2016-08-08 09:00:00,5350.0,5475.0,5350.0,5475.0,12832.0
2016-08-08 10:00:00,5400.0,5475.0,5375.0,5450.0,3350.0
2016-08-08 11:00:00,5375.0,5400.0,5275.0,5350.0,9867.0
2016-08-08 12:00:00,5225.0,5325.0,5125.0,5300.0,89915.0
2016-08-08 13:00:00,5325.0,5400.0,5300.0,5375.0,10144.0
2016-08-08 14:00:00,5325.0,5325.0,5275.0,5300.0,5923.0
2016-08-08 15:00:00,5375.0,5475.0,5350.0,5375.0,6767.0
2016-08-09 09:00:00,5350.0,5500.0,5350.0,5475.0,12763.0
2016-08-09 10:00:00,5450.0,5450.0,5325.0,5325.0,16476.0
2016-08-09 11:00:00,5325.0,5325.0,5250.0,5275.0,22976.0
2016-08-09 12:00:00,5275.0,5325.0,5250.0,5275.0,17875.0
2016-08-09 13:00:00,5250.0,5275.0,5225.0,5225.0,29497.0
2016-08-09 14:00:00,5250.0,5300.0,5225.0,5275.0,17836.0
2016-08-09 15:00:00,5250.0,5275.0,5225.0,5275.0,13107.0
2016-08-10 09:00:00,5275.0,5325.0,5250.0,5325.0,5921.0
2016-08-10 10:00:00,5300.0,5400.0,5300.0,5375.0,8720.0
2016-08-10 11:00:00,5275.0,5300.0,5250.0,5275.0,5860.0
2016-08-10 12:00:00,5275.0,5375.0,5275.0,5350.0,12908.0
2016-08-10 13:00:00,5250.0,5325.0,5225.0,5225.0,11599.0
2016-08-10 14:00:00,5325.0,5350.0,5250.0,5250.0,7608.0
2016-08-10 15:00:00,5250.0,5325.0,5225.0,5250.0,6685.0
2016-08-11 09:00:00,5225.0,5275.0,5200.0,5225.0,25830.0
2016-08-11 10:00:00,5250.0,5250.0,5075.0,5150.0,38535.0
2016-08-11 11:00:00,5125.0,5150.0,5000.0,5025.0,97350.0
2016-08-11 12:00:00,5025.0,5100.0,5025.0,5100.0,24143.0
2016-08-11 13:00:00,5075.0,5150.0,5050.0,5125.0,16757.0
2016-08-11 14:00:00,5100.0,5175.0,5075.0,5175.0,21744.0
2016-08-11 15:00:00,5175.0,5175.0,5150.0,5150.0,10911.0
2016-08-12 09:00:00,4990.0,5000.0,4950.0,4950.0,38886.0
2016-08-12 10:00:00,5000.0,5025.0,4980.0,5000.0,17715.0
2016-08-12 11:00:00,5025.0,5025.0,4995.0,5025.0,8007.0
2016-08-12 12:00:00,5000.0,5025.0,5000.0,5000.0,6160.0
2016-08-12 13:00:00,4965.0,5075.0,4965.0,5025.0,21775.0
2016-08-12 14:00:00,5200.0,5200.0,4930.0,4970.0,98965.0
2016-08-12 15:00:00,5025.0,5025.0,4985.0,5000.0,12786.0
2016-08-16 09:00:00,4935.0,4985.0,4830.0,4830.0,61015.0
2016-08-16 10:00:00,4830.0,4890.0,4765.0,4785.0,49172.0
2016-08-16 11:00:00,4785.0,4785.0,4635.0,4650.0,70842.0
2016-08-16 12:00:00,4650.0,4650.0,4535.0,4590.0,74976.0
2016-08-16 13:00:00,4575.0,4600.0,4555.0,4575.0,23319.0
2016-08-16 14:00:00,4575.0,4580.0,4540.0,4540.0,33763.0
2016-08-16 15:00:00,4540.0,4545.0,4475.0,4515.0,68792.0
2016-08-17 09:00:00,4285.0,4310.0,4260.0,4285.0,30447.0
2016-08-17 10:00:00,4255.0,4285.0,4225.0,4285.0,29176.0
2016-08-17 11:00:00,4285.0,4295.0,4260.0,4280.0,25590.0
2016-08-17 12:00:00,4305.0,4315.0,4270.0,4275.0,37491.0
2016-08-17 13:00:00,4295.0,4330.0,4290.0,4305.0,25916.0
2016-08-17 14:00:00,4275.0,4275.0,4235.0,4260.0,20757.0
2016-08-17 15:00:00,4410.0,4440.0,4275.0,4295.0,122241.0
2016-08-18 09:00:00,4290.0,4300.0,4285.0,4290.0,21451.0
2016-08-18 10:00:00,4295.0,4310.0,4285.0,4290.0,21521.0
2016-08-18 11:00:00,4290.0,4305.0,4255.0,4305.0,20934.0
2016-08-18 12:00:00,4280.0,4365.0,4280.0,4310.0,39505.0
2016-08-18 13:00:00,4330.0,4340.0,4315.0,4325.0,15170.0
2016-08-18 14:00:00,4315.0,4340.0,4310.0,4340.0,10913.0
2016-08-18 15:00:00,4320.0,4340.0,4285.0,4290.0,19545.0
2016-08-19 09:00:00,4300.0,4315.0,4255.0,4275.0,15835.0
2016-08-19 10:00:00,4280.0,4295.0,4260.0,4260.0,16302.0
2016-08-19 11:00:00,4260.0,4275.0,4260.0,4270.0,5336.0
2016-08-19 12:00:00,4270.0,4290.0,4265.0,4280.0,7148.0
2016-08-19 13:00:00,4275.0,4290.0,4275.0,4275.0,4993.0
2016-08-19 14:00:00,4275.0,4425.0,4275.0,4420.0,50638.0
2016-08-19 15:00:00,4405.0,4435.0,4375.0,4420.0,18623.0
2016-08-22 09:00:00,4410.0,4475.0,4390.0,4475.0,8363.0
2016-08-22 10:00:00,4420.0,4440.0,4400.0,4405.0,25172.0
2016-08-22 11:00:00,4430.0,4450.0,4400.0,4425.0,21874.0
2016-08-22 12:00:00,4420.0,4420.0,4340.0,4350.0,31691.0
2016-08-22 13:00:00,4365.0,4400.0,4360.0,4370.0,4313.0
2016-08-22 14:00:00,4350.0,4405.0,4345.0,4365.0,9049.0
2016-08-22 15:00:00,4375.0,4440.0,4375.0,4430.0,15573.0
2016-08-23 09:00:00,4385.0,4400.0,4345.0,4390.0,16682.0
2016-08-23 10:00:00,4385.0,4440.0,4380.0,4440.0,22009.0
2016-08-23 11:00:00,4385.0,4440.0,4385.0,4385.0,8532.0
2016-08-23 12:00:00,4420.0,4450.0,4415.0,4420.0,24119.0
2016-08-23 13:00:00,4370.0,4375.0,4355.0,4370.0,5958.0
2016-08-23 14:00:00,4415.0,4420.0,4365.0,4370.0,14495.0
2016-08-23 15:00:00,4370.0,4405.0,4370.0,4385.0,4205.0
2016-08-24 09:00:00,4440.0,4595.0,4425.0,4505.0,61449.0
2016-08-24 10:00:00,4505.0,4580.0,4490.0,4495.0,29476.0
2016-08-24 11:00:00,4500.0,4545.0,4435.0,4445.0,19481.0
2016-08-24 12:00:00,4445.0,4445.0,4405.0,4420.0,7789.0
2016-08-24 13:00:00,4420.0,4430.0,4385.0,4400.0,14052.0
2016-08-24 14:00:00,4400.0,4460.0,4355.0,4450.0,22719.0
2016-08-24 15:00:00,4440.0,4525.0,4435.0,4500.0,14148.0
2016-08-25 09:00:00,4350.0,4410.0,4350.0,4370.0,22830.0
2016-08-25 10:00:00,4365.0,4410.0,4360.0,4360.0,10904.0
2016-08-25 11:00:00,4360.0,4390.0,4340.0,4360.0,16507.0
2016-08-25 12:00:00,4490.0,4490.0,4395.0,4395.0,14024.0
2016-08-25 13:00:00,4385.0,4410.0,4375.0,4380.0,10967.0
2016-08-25 14:00:00,4395.0,4460.0,4370.0,4385.0,23744.0
2016-08-25 15:00:00,4380.0,4410.0,4355.0,4355.0,15416.0
2016-08-26 09:00:00,4300.0,4360.0,4280.0,4300.0,25287.0
2016-08-26 10:00:00,4300.0,4305.0,4250.0,4255.0,27563.0
2016-08-26 11:00:00,4255.0,4265.0,4230.0,4235.0,16095.0
2016-08-26 12:00:00,4230.0,4270.0,4230.0,4235.0,10785.0
2016-08-26 13:00:00,4235.0,4245.0,4230.0,4235.0,14849.0
2016-08-26 14:00:00,4235.0,4240.0,4225.0,4230.0,10212.0
2016-08-26 15:00:00,4230.0,4240.0,4230.0,4230.0,11707.0
2016-08-29 09:00:00,4000.0,4090.0,4000.0,4075.0,15228.0
2016-08-29 10:00:00,4045.0,4050.0,3930.0,4005.0,34466.0
2016-08-29 11:00:00,4080.0,4095.0,4025.0,4045.0,15876.0
2016-08-29 12:00:00,4130.0,4160.0,4045.0,4080.0,25924.0
2016-08-29 13:00:00,4205.0,4220.0,4180.0,4185.0,8899.0
2016-08-29 14:00:00,4230.0,4350.0,4200.0,4205.0,11700.0
2016-08-29 15:00:00,4185.0,4185.0,4120.0,4130.0,12285.0
2016-08-30 09:00:00,4050.0,4175.0,4050.0,4075.0,41289.0
2016-08-30 10:00:00,4075.0,4110.0,4070.0,4080.0,12290.0
2016-08-30 11:00:00,4075.0,4100.0,4035.0,4050.0,15679.0
2016-08-30 12:00:00,4050.0,4050.0,3960.0,4005.0,34783.0
2016-08-30 13:00:00,4000.0,4025.0,3985.0,3995.0,8562.0
2016-08-30 14:00:00,3995.0,4025.0,3995.0,4010.0,11743.0
2016-08-30 15:00:00,4010.0,4040.0,3995.0,4040.0,9058.0
2016-08-31 09:00:00,4040.0,4125.0,4040.0,4105.0,21530.0
2016-08-31 10:00:00,4055.0,4175.0,4040.0,4040.0,91571.0
2016-08-31 11:00:00,4065.0,4090.0,4050.0,4065.0,3674.0
2016-08-31 12:00:00,4005.0,4030.0,4000.0,4020.0,11291.0
2016-08-31 13:00:00,4075.0,4075.0,4000.0,4000.0,9234.0
2016-08-31 14:00:00,4005.0,4075.0,4005.0,4075.0,11368.0
2016-08-31 15:00:00,4020.0,4040.0,4020.0,4040.0,1995.0
2016-09-01 09:00:00,4065.0,4105.0,4065.0,4090.0,4690.0
2016-09-01 10:00:00,4095.0,4100.0,4085.0,4090.0,6309.0
2016-09-01 11:00:00,4090.0,4145.0,4085.0,4145.0,17210.0
2016-09-01 12:00:00,4145.0,4170.0,4135.0,4165.0,12027.0
2016-09-01 13:00:00,4170.0,4175.0,4140.0,4165.0,8400.0
2016-09-01 14:00:00,4165.0,4170.0,4150.0,4160.0,1716.0
2016-09-01 15:00:00,4165.0,4175.0,4155.0,4175.0,2011.0
2016-09-02 09:00:00,4125.0,4155.0,4105.0,4105.0,5301.0
2016-09-02 10:00:00,4110.0,4180.0,4095.0,4130.0,12930.0
2016-09-02 11:00:00,4125.0,4130.0,4105.0,4105.0,10628.0
2016-09-02 12:00:00,4190.0,4200.0,4105.0,4160.0,4860.0
2016-09-02 13:00:00,4130.0,4175.0,4125.0,4135.0,9082.0
2016-09-02 14:00:00,4145.0,4150.0,4120.0,4130.0,7071.0
2016-09-02 15:00:00,4135.0,4150.0,4120.0,4130.0,8832.0
2016-09-05 09:00:00,4135.0,4145.0,4110.0,4120.0,7674.0
2016-09-05 10:00:00,4125.0,4140.0,4110.0,4140.0,5288.0
2016-09-05 11:00:00,4155.0,4155.0,4140.0,4150.0,1730.0
2016-09-05 12:00:00,4150.0,4175.0,4125.0,4160.0,5876.0
2016-09-05 13:00:00,4180.0,4180.0,4145.0,4175.0,7373.0
2016-09-05 14:00:00,4150.0,4200.0,4140.0,4185.0,22698.0
2016-09-05 15:00:00,4175.0,4175.0,4135.0,4155.0,5861.0
2016-09-06 09:00:00,4105.0,4135.0,4080.0,4090.0,12932.0
2016-09-06 10:00:00,4085.0,4110.0,4070.0,4090.0,11623.0
2016-09-06 11:00:00,4085.0,4090.0,4060.0,4070.0,10205.0
2016-09-06 12:00:00,4080.0,4095.0,4045.0,4060.0,11704.0
2016-09-06 13:00:00,4055.0,4080.0,4050.0,4055.0,6674.0
2016-09-06 14:00:00,4055.0,4070.0,4055.0,4060.0,3478.0
2016-09-06 15:00:00,4070.0,4080.0,4055.0,4070.0,14692.0
2016-09-07 09:00:00,4065.0,4070.0,4055.0,4055.0,5649.0
2016-09-07 10:00:00,4070.0,4075.0,4055.0,4065.0,8785.0
2016-09-07 11:00:00,4070.0,4075.0,4065.0,4070.0,5297.0
2016-09-07 12:00:00,4075.0,4075.0,4055.0,4070.0,9383.0
2016-09-07 13:00:00,4125.0,4150.0,4070.0,4075.0,13949.0
2016-09-07 14:00:00,4055.0,4145.0,4050.0,4135.0,9201.0
2016-09-07 15:00:00,4070.0,4080.0,4065.0,4070.0,9134.0
2016-09-08 09:00:00,4055.0,4090.0,4045.0,4050.0,4634.0
2016-09-08 10:00:00,4050.0,4060.0,4040.0,4040.0,6160.0
2016-09-08 11:00:00,4040.0,4050.0,4025.0,4050.0,8440.0
2016-09-08 12:00:00,4025.0,4050.0,4025.0,4025.0,2654.0
2016-09-08 13:00:00,4025.0,4060.0,4015.0,4020.0,6945.0
2016-09-08 14:00:00,4020.0,4055.0,4010.0,4015.0,7534.0
2016-09-08 15:00:00,4015.0,4080.0,4015.0,4070.0,3005.0
2016-09-09 09:00:00,4015.0,4050.0,4015.0,4030.0,2685.0
2016-09-09 10:00:00,3995.0,4015.0,3990.0,4010.0,1300.0
2016-09-09 11:00:00,4035.0,4045.0,4030.0,4040.0,4311.0
2016-09-09 12:00:00,3970.0,3995.0,3970.0,3975.0,3083.0
2016-09-09 13:00:00,4000.0,4000.0,3965.0,3970.0,14731.0
2016-09-09 14:00:00,4020.0,4065.0,3990.0,4000.0,23384.0
2016-09-09 15:00:00,3975.0,4050.0,3975.0,3990.0,6895.0
2016-09-12 09:00:00,3965.0,3985.0,3965.0,3985.0,3870.0
2016-09-12 10:00:00,3975.0,3985.0,3970.0,3985.0,7444.0
2016-09-12 11:00:00,3970.0,3985.0,3965.0,3965.0,7396.0
2016-09-12 12:00:00,3990.0,3995.0,3975.0,3985.0,6991.0
2016-09-12 13:00:00,3990.0,3995.0,3980.0,3995.0,3775.0
2016-09-12 14:00:00,3970.0,4005.0,3965.0,3990.0,3134.0
2016-09-12 15:00:00,3980.0,3990.0,3975.0,3975.0,3171.0
2016-09-13 09:00:00,4000.0,4050.0,3985.0,4045.0,5082.0
2016-09-13 10:00:00,4010.0,4040.0,4005.0,4040.0,1983.0
2016-09-13 11:00:00,4020.0,4035.0,4000.0,4035.0,750.0
2016-09-13 12:00:00,4015.0,4035.0,4015.0,4025.0,1319.0
2016-09-13 13:00:00,4025.0,4030.0,4015.0,4025.0,2679.0
2016-09-13 14:00:00,4025.0,4030.0,4025.0,4030.0,205.0
2016-09-13 15:00:00,4030.0,4045.0,4030.0,4045.0,7615.0
2016-09-19 09:00:00,4250.0,4275.0,4210.0,4235.0,13505.0
2016-09-19 10:00:00,4190.0,4280.0,4185.0,4275.0,24598.0
2016-09-19 11:00:00,4235.0,4255.0,4235.0,4250.0,10675.0
2016-09-19 12:00:00,4205.0,4220.0,4175.0,4195.0,7279.0
2016-09-19 13:00:00,4025.0,4220.0,4020.0,4170.0,87862.0
2016-09-19 14:00:00,4200.0,4205.0,4190.0,4190.0,3195.0
2016-09-19 15:00:00,4170.0,4205.0,4150.0,4205.0,50697.0
2016-09-20 09:00:00,4250.0,4250.0,4155.0,4160.0,12812.0
2016-09-20 10:00:00,4160.0,4180.0,4105.0,4125.0,17004.0
2016-09-20 11:00:00,4125.0,4130.0,4095.0,4105.0,17606.0
2016-09-20 12:00:00,4110.0,4130.0,4100.0,4125.0,6485.0
2016-09-20 13:00:00,4125.0,4140.0,4115.0,4140.0,4592.0
2016-09-20 14:00:00,4135.0,4160.0,4130.0,4135.0,6292.0
2016-09-20 15:00:00,4135.0,4165.0,4135.0,4160.0,8996.0
2016-09-21 09:00:00,4225.0,4230.0,4200.0,4225.0,7891.0
2016-09-21 10:00:00,4170.0,4230.0,4160.0,4225.0,17795.0
2016-09-21 11:00:00,4175.0,4190.0,4170.0,4170.0,669.0
2016-09-21 12:00:00,4200.0,4220.0,4185.0,4210.0,1511.0
2016-09-21 13:00:00,4215.0,4220.0,4200.0,4200.0,2926.0
2016-09-21 14:00:00,4200.0,4225.0,4165.0,4200.0,11370.0
2016-09-21 15:00:00,4200.0,4200.0,4155.0,4185.0,5761.0
2016-09-22 09:00:00,4225.0,4260.0,4225.0,4260.0,2845.0
2016-09-22 10:00:00,4250.0,4250.0,4230.0,4245.0,3089.0
2016-09-22 11:00:00,4240.0,4245.0,4225.0,4225.0,3458.0
2016-09-22 12:00:00,4240.0,4260.0,4225.0,4235.0,7201.0
2016-09-22 13:00:00,4225.0,4250.0,4225.0,4245.0,2319.0
2016-09-22 14:00:00,4230.0,4275.0,4225.0,4240.0,12962.0
2016-09-22 15:00:00,4230.0,4240.0,4230.0,4235.0,562.0
2016-09-23 09:00:00,4260.0,4260.0,4205.0,4240.0,8190.0
2016-09-23 10:00:00,4240.0,4275.0,4230.0,4240.0,8605.0
2016-09-23 11:00:00,4250.0,4250.0,4220.0,4235.0,3743.0
2016-09-23 12:00:00,4230.0,4245.0,4225.0,4235.0,1763.0
2016-09-23 13:00:00,4235.0,4240.0,4225.0,4225.0,445.0
2016-09-23 14:00:00,4225.0,4230.0,4205.0,4215.0,17271.0
2016-09-23 15:00:00,4205.0,4250.0,4200.0,4250.0,7869.0
2016-09-26 09:00:00,4200.0,4255.0,4180.0,4245.0,12739.0
2016-09-26 10:00:00,4220.0,4220.0,4175.0,4195.0,6733.0
2016-09-26 11:00:00,4235.0,4240.0,4205.0,4220.0,7662.0
2016-09-26 12:00:00,4225.0,4365.0,4225.0,4280.0,20720.0
2016-09-26 13:00:00,4260.0,4265.0,4225.0,4225.0,5627.0
2016-09-26 14:00:00,4275.0,4295.0,4240.0,4260.0,7754.0
2016-09-26 15:00:00,4225.0,4240.0,4220.0,4240.0,3472.0
2016-09-27 09:00:00,4265.0,4275.0,4205.0,4235.0,2725.0
2016-09-27 10:00:00,4230.0,4265.0,4215.0,4215.0,4044.0
2016-09-27 11:00:00,4215.0,4270.0,4205.0,4230.0,1485.0
2016-09-27 12:00:00,4230.0,4240.0,4200.0,4215.0,8067.0
2016-09-27 13:00:00,4220.0,4230.0,4200.0,4200.0,6529.0
2016-09-27 14:00:00,4200.0,4235.0,4200.0,4215.0,5296.0
2016-09-27 15:00:00,4215.0,4235.0,4205.0,4235.0,4366.0
2016-09-28 09:00:00,4190.0,4215.0,4185.0,4210.0,2653.0
2016-09-28 10:00:00,4205.0,4220.0,4190.0,4220.0,5553.0
2016-09-28 11:00:00,4175.0,4200.0,4175.0,4195.0,3938.0
2016-09-28 12:00:00,4215.0,4240.0,4190.0,4225.0,8960.0
2016-09-28 13:00:00,4225.0,4225.0,4195.0,4205.0,1225.0
2016-09-28 14:00:00,4210.0,4215.0,4160.0,4200.0,7709.0
2016-09-28 15:00:00,4205.0,4250.0,4205.0,4215.0,3197.0
2016-09-29 09:00:00,4185.0,4275.0,4175.0,4225.0,7750.0
2016-09-29 10:00:00,4225.0,4240.0,4220.0,4230.0,2026.0
2016-09-29 11:00:00,4230.0,4235.0,4220.0,4220.0,3656.0
2016-09-29 12:00:00,4225.0,4270.0,4225.0,4265.0,6993.0
2016-09-29 13:00:00,4265.0,4275.0,4245.0,4260.0,5746.0
2016-09-29 14:00:00,4260.0,4270.0,4260.0,4270.0,3679.0
2016-09-29 15:00:00,4265.0,4265.0,4230.0,4265.0,6321.0
2016-09-30 09:00:00,4240.0,4240.0,4195.0,4215.0,16052.0
2016-09-30 10:00:00,4270.0,4300.0,4195.0,4275.0,20734.0
2016-09-30 11:00:00,4275.0,4375.0,4275.0,4330.0,34702.0
2016-09-30 12:00:00,4330.0,4330.0,4240.0,4270.0,12773.0
2016-09-30 13:00:00,4245.0,4260.0,4245.0,4250.0,3083.0
2016-09-30 14:00:00,4250.0,4265.0,4240.0,4255.0,4019.0
2016-09-30 15:00:00,4240.0,4285.0,4225.0,4240.0,6082.0
2016-10-04 09:00:00,4235.0,4250.0,4230.0,4250.0,1432.0
2016-10-04 10:00:00,4240.0,4250.0,4230.0,4250.0,2914.0
2016-10-04 11:00:00,4235.0,4260.0,4230.0,4235.0,3238.0
2016-10-04 12:00:00,4250.0,4265.0,4230.0,4260.0,3109.0
2016-10-04 13:00:00,4260.0,4290.0,4230.0,4265.0,11430.0
2016-10-04 14:00:00,4245.0,4265.0,4235.0,4235.0,2838.0
2016-10-04 15:00:00,4205.0,4300.0,4200.0,4260.0,8230.0
2016-10-05 09:00:00,4250.0,4345.0,4250.0,4305.0,14974.0
2016-10-05 10:00:00,4305.0,4340.0,4295.0,4325.0,6267.0
2016-10-05 11:00:00,4325.0,4370.0,4320.0,4355.0,13361.0
2016-10-05 12:00:00,4365.0,4365.0,4315.0,4315.0,7489.0
2016-10-05 13:00:00,4305.0,4325.0,4255.0,4275.0,9306.0
2016-10-05 14:00:00,4275.0,4315.0,4270.0,4305.0,4097.0
2016-10-05 15:00:00,4305.0,4315.0,4270.0,4270.0,4372.0
2016-10-06 09:00:00,4425.0,4435.0,4420.0,4425.0,9972.0
2016-10-06 10:00:00,4390.0,4445.0,4390.0,4430.0,20903.0
2016-10-06 11:00:00,4395.0,4425.0,4390.0,4395.0,10934.0
2016-10-06 12:00:00,4305.0,4365.0,4285.0,4345.0,29652.0
2016-10-06 13:00:00,4340.0,4365.0,4315.0,4330.0,13633.0
2016-10-06 14:00:00,4270.0,4325.0,4230.0,4315.0,30878.0
2016-10-06 15:00:00,4325.0,4485.0,4320.0,4390.0,39551.0
2016-10-07 09:00:00,4495.0,4560.0,4480.0,4535.0,23080.0
2016-10-07 10:00:00,4535.0,4550.0,4505.0,4550.0,10752.0
2016-10-07 11:00:00,4465.0,4545.0,4465.0,4500.0,23287.0
2016-10-07 12:00:00,4515.0,4550.0,4485.0,4525.0,22723.0
2016-10-07 13:00:00,4530.0,4530.0,4465.0,4470.0,15095.0
2016-10-07 14:00:00,4470.0,4505.0,4465.0,4470.0,13450.0
2016-10-07 15:00:00,4425.0,4580.0,4405.0,4515.0,56670.0
2016-10-10 09:00:00,4565.0,4565.0,4430.0,4445.0,10704.0
2016-10-10 10:00:00,4445.0,4550.0,4445.0,4540.0,8532.0
2016-10-10 11:00:00,4540.0,4565.0,4520.0,4520.0,6979.0
2016-10-10 12:00:00,4520.0,4530.0,4480.0,4505.0,7202.0
2016-10-10 13:00:00,4485.0,4495.0,4450.0,4455.0,11419.0
2016-10-10 14:00:00,4455.0,4480.0,4415.0,4415.0,19399.0
2016-10-10 15:00:00,4415.0,4555.0,4385.0,4540.0,22088.0
2016-10-11 09:00:00,4460.0,4500.0,4455.0,4495.0,2820.0
2016-10-11 10:00:00,4465.0,4500.0,4455.0,4495.0,10668.0
2016-10-11 11:00:00,4490.0,4505.0,4465.0,4470.0,8723.0
2016-10-11 12:00:00,4465.0,4510.0,4455.0,4465.0,8787.0
2016-10-11 13:00:00,4490.0,4490.0,4465.0,4465.0,6343.0
2016-10-11 14:00:00,4505.0,4540.0,4495.0,4495.0,9239.0
2016-10-11 15:00:00,4465.0,4470.0,4455.0,4470.0,2488.0
2016-10-12 09:00:00,4425.0,4520.0,4425.0,4515.0,4397.0
2016-10-12 10:00:00,4475.0,4485.0,4460.0,4460.0,2752.0
2016-10-12 11:00:00,4460.0,4465.0,4435.0,4440.0,4137.0
2016-10-12 12:00:00,4440.0,4450.0,4430.0,4430.0,5411.0
2016-10-12 13:00:00,4425.0,4435.0,4375.0,4390.0,15917.0
2016-10-12 14:00:00,4395.0,4425.0,4380.0,4410.0,1892.0
2016-10-12 15:00:00,4410.0,4470.0,4410.0,4470.0,9790.0
2016-10-13 09:00:00,4500.0,4500.0,4470.0,4490.0,5594.0
2016-10-13 10:00:00,4440.0,4500.0,4430.0,4500.0,7120.0
2016-10-13 11:00:00,4420.0,4495.0,4420.0,4440.0,3271.0
2016-10-13 12:00:00,4500.0,4500.0,4455.0,4465.0,7822.0
2016-10-13 13:00:00,4465.0,4475.0,4425.0,4425.0,5846.0
2016-10-13 14:00:00,4465.0,4485.0,4455.0,4465.0,9799.0
2016-10-13 15:00:00,4425.0,4440.0,4415.0,4440.0,2148.0
2016-10-14 09:00:00,4410.0,4460.0,4405.0,4460.0,6447.0
2016-10-14 10:00:00,4435.0,4510.0,4435.0,4510.0,6756.0
2016-10-14 11:00:00,4435.0,4445.0,4405.0,4405.0,9486.0
2016-10-14 12:00:00,4440.0,4495.0,4440.0,4455.0,7119.0
2016-10-14 13:00:00,4430.0,4460.0,4425.0,4440.0,942.0
2016-10-14 14:00:00,4465.0,4470.0,4425.0,4450.0,5715.0
2016-10-14 15:00:00,4445.0,4470.0,4435.0,4435.0,2652.0
2016-10-17 09:00:00,4455.0,4510.0,4440.0,4465.0,7326.0
2016-10-17 10:00:00,4465.0,4510.0,4435.0,4460.0,5119.0
2016-10-17 11:00:00,4460.0,4540.0,4460.0,4500.0,5649.0
2016-10-17 12:00:00,4515.0,4515.0,4435.0,4440.0,7236.0
2016-10-17 13:00:00,4435.0,4475.0,4430.0,4455.0,1973.0
2016-10-17 14:00:00,4470.0,4475.0,4455.0,4465.0,2115.0
2016-10-17 15:00:00,4465.0,4475.0,4410.0,4475.0,11806.0
2016-10-18 09:00:00,4380.0,4425.0,4380.0,4425.0,2261.0
2016-10-18 10:00:00,4385.0,4420.0,4380.0,4380.0,3092.0
2016-10-18 11:00:00,4395.0,4410.0,4385.0,4390.0,1518.0
2016-10-18 12:00:00,4410.0,4420.0,4405.0,4415.0,3428.0
2016-10-18 13:00:00,4415.0,4425.0,4390.0,4390.0,2033.0
2016-10-18 14:00:00,4390.0,4425.0,4380.0,4395.0,3794.0
2016-10-18 15:00:00,4405.0,4470.0,4400.0,4410.0,4381.0
2016-10-19 09:00:00,4395.0,4400.0,4385.0,4385.0,2031.0
2016-10-19 10:00:00,4385.0,4390.0,4355.0,4355.0,5472.0
2016-10-19 11:00:00,4355.0,4400.0,4320.0,4320.0,10042.0
2016-10-19 12:00:00,4325.0,4345.0,4320.0,4330.0,3821.0
2016-10-19 13:00:00,4330.0,4345.0,4295.0,4305.0,17407.0
2016-10-19 14:00:00,4305.0,4375.0,4305.0,4375.0,4937.0
2016-10-19 15:00:00,4375.0,4465.0,4375.0,4395.0,2179.0
2016-10-20 09:00:00,4315.0,4315.0,4260.0,4310.0,11494.0
2016-10-20 10:00:00,4345.0,4345.0,4315.0,4335.0,1739.0
2016-10-20 11:00:00,4345.0,4350.0,4320.0,4350.0,2088.0
2016-10-20 12:00:00,4350.0,4350.0,4330.0,4330.0,2509.0
2016-10-20 13:00:00,4355.0,4375.0,4345.0,4345.0,920.0
2016-10-20 14:00:00,4380.0,4425.0,4335.0,4355.0,2007.0
2016-10-20 15:00:00,4330.0,4370.0,4330.0,4370.0,3.0
2016-10-21 09:00:00,4200.0,4200.0,4170.0,4180.0,5940.0
2016-10-21 10:00:00,4170.0,4255.0,4150.0,4250.0,9837.0
2016-10-21 11:00:00,4185.0,4245.0,4175.0,4180.0,5926.0
2016-10-21 12:00:00,4260.0,4270.0,4110.0,4195.0,21694.0
2016-10-21 13:00:00,4195.0,4240.0,4170.0,4170.0,4321.0
2016-10-21 14:00:00,4255.0,4330.0,4250.0,4255.0,2826.0
2016-10-21 15:00:00,4170.0,4235.0,4170.0,4185.0,3052.0
2016-10-24 09:00:00,4275.0,4275.0,4180.0,4250.0,909.0
2016-10-24 10:00:00,4250.0,4250.0,4205.0,4240.0,2095.0
2016-10-24 11:00:00,4240.0,4270.0,4240.0,4270.0,1142.0
2016-10-24 12:00:00,4270.0,4270.0,4200.0,4220.0,1202.0
2016-10-24 13:00:00,4265.0,4265.0,4200.0,4240.0,2901.0
2016-10-24 14:00:00,4240.0,4240.0,4200.0,4240.0,999.0
2016-10-24 15:00:00,4205.0,4225.0,4180.0,4200.0,3023.0
2016-10-25 09:00:00,4195.0,4275.0,4185.0,4265.0,3402.0
2016-10-25 10:00:00,4120.0,4305.0,4110.0,4245.0,16926.0
2016-10-25 11:00:00,4290.0,4290.0,4185.0,4195.0,9366.0
2016-10-25 12:00:00,4065.0,4080.0,4060.0,4075.0,5178.0
2016-10-25 13:00:00,4115.0,4125.0,4050.0,4055.0,27638.0
2016-10-25 14:00:00,4200.0,4225.0,4105.0,4110.0,5285.0
2016-10-25 15:00:00,4075.0,4135.0,4075.0,4115.0,6842.0
2016-10-26 09:00:00,4225.0,4255.0,4165.0,4210.0,11311.0
2016-10-26 10:00:00,4245.0,4245.0,4190.0,4190.0,1714.0
2016-10-26 11:00:00,4190.0,4190.0,4170.0,4170.0,1051.0
2016-10-26 12:00:00,4170.0,4170.0,4070.0,4080.0,5497.0
2016-10-26 13:00:00,4075.0,4115.0,4030.0,4085.0,12727.0
2016-10-26 14:00:00,4090.0,4130.0,4070.0,4125.0,4497.0
2016-10-26 15:00:00,4125.0,4175.0,4120.0,4175.0,4854.0
2016-10-27 09:00:00,4040.0,4085.0,4035.0,4065.0,26108.0
2016-10-27 10:00:00,4030.0,4060.0,4025.0,4040.0,24446.0
2016-10-27 11:00:00,4050.0,4095.0,4030.0,4030.0,31965.0
2016-10-27 12:00:00,4175.0,4210.0,4115.0,4180.0,2152.0
2016-10-27 13:00:00,4170.0,4175.0,4080.0,4145.0,9399.0
2016-10-27 14:00:00,4180.0,4205.0,4155.0,4170.0,4729.0
2016-10-27 15:00:00,4095.0,4120.0,4050.0,4055.0,29475.0
2016-10-28 09:00:00,4070.0,4075.0,4065.0,4070.0,1191.0
2016-10-28 10:00:00,4070.0,4075.0,4010.0,4010.0,14751.0
2016-10-28 11:00:00,4025.0,4075.0,4025.0,4070.0,1581.0
2016-10-28 12:00:00,4065.0,4125.0,4035.0,4035.0,12201.0
2016-10-28 13:00:00,4050.0,4065.0,4015.0,4025.0,4741.0
2016-10-28 14:00:00,4050.0,4050.0,4040.0,4050.0,1431.0
2016-10-28 15:00:00,4040.0,4055.0,4015.0,4055.0,3802.0
2016-10-31 09:00:00,3950.0,3990.0,3890.0,3890.0,11940.0
2016-10-31 10:00:00,3895.0,3895.0,3710.0,3790.0,27880.0
2016-10-31 11:00:00,3800.0,3875.0,3790.0,3805.0,15662.0
2016-10-31 12:00:00,3805.0,3805.0,3720.0,3750.0,21653.0
2016-10-31 13:00:00,3755.0,3765.0,3700.0,3735.0,32685.0
2016-10-31 14:00:00,3710.0,3720.0,3665.0,3720.0,22360.0
2016-10-31 15:00:00,3720.0,3720.0,3625.0,3625.0,28098.0
2016-11-01 09:00:00,3675.0,3675.0,3600.0,3660.0,17973.0
2016-11-01 10:00:00,3755.0,3755.0,3675.0,3680.0,3727.0
2016-11-01 11:00:00,3760.0,3765.0,3745.0,3755.0,249.0
2016-11-01 12:00:00,3770.0,3800.0,3730.0,3755.0,7466.0
2016-11-01 13:00:00,3635.0,3765.0,3630.0,3765.0,12780.0
2016-11-01 14:00:00,3790.0,3790.0,3745.0,3760.0,296.0
2016-11-01 15:00:00,3550.0,3705.0,3550.0,3630.0,23325.0
2016-11-02 09:00:00,3595.0,3605.0,3535.0,3555.0,9131.0
2016-11-02 10:00:00,3545.0,3560.0,3430.0,3460.0,24336.0
2016-11-02 11:00:00,3470.0,3475.0,3400.0,3450.0,20614.0
2016-11-02 12:00:00,3455.0,3500.0,3430.0,3430.0,10043.0
2016-11-02 13:00:00,3430.0,3470.0,3430.0,3450.0,8656.0
2016-11-02 14:00:00,3450.0,3455.0,3430.0,3435.0,10260.0
2016-11-02 15:00:00,3595.0,3630.0,3575.0,3595.0,16621.0
2016-11-03 09:00:00,3545.0,3555.0,3530.0,3555.0,2265.0
2016-11-03 10:00:00,3545.0,3555.0,3520.0,3545.0,839.0
2016-11-03 11:00:00,3545.0,3555.0,3515.0,3545.0,1961.0
2016-11-03 12:00:00,3565.0,3575.0,3560.0,3560.0,933.0
2016-11-03 13:00:00,3560.0,3590.0,3515.0,3565.0,3392.0
2016-11-03 14:00:00,3305.0,3585.0,3305.0,3560.0,13119.0
2016-11-03 15:00:00,3560.0,3560.0,3530.0,3540.0,1537.0
2016-11-04 09:00:00,3530.0,3575.0,3500.0,3550.0,8310.0
2016-11-04 10:00:00,3590.0,3640.0,3520.0,3525.0,7521.0
2016-11-04 11:00:00,3620.0,3625.0,3590.0,3590.0,368.0
2016-11-04 12:00:00,3535.0,3615.0,3520.0,3610.0,6539.0
2016-11-04 13:00:00,3550.0,3550.0,3515.0,3515.0,174.0
2016-11-04 14:00:00,3500.0,3555.0,3500.0,3555.0,3960.0
2016-11-04 15:00:00,3605.0,3620.0,3585.0,3585.0,4655.0
2016-11-07 09:00:00,3515.0,3570.0,3515.0,3520.0,7819.0
2016-11-07 10:00:00,3530.0,3555.0,3525.0,3535.0,2461.0
2016-11-07 11:00:00,3535.0,3535.0,3510.0,3535.0,7346.0
2016-11-07 12:00:00,3535.0,3550.0,3525.0,3535.0,2668.0
2016-11-07 13:00:00,3530.0,3550.0,3525.0,3530.0,2084.0
2016-11-07 14:00:00,3530.0,3575.0,3530.0,3565.0,5648.0
2016-11-07 15:00:00,3565.0,3585.0,3555.0,3585.0,1272.0
2016-11-08 09:00:00,3675.0,3700.0,3670.0,3700.0,3454.0
2016-11-08 10:00:00,3670.0,3700.0,3670.0,3700.0,1316.0
2016-11-08 11:00:00,3700.0,3700.0,3670.0,3700.0,1713.0
2016-11-08 12:00:00,3670.0,3715.0,3660.0,3700.0,5217.0
2016-11-08 13:00:00,3725.0,3765.0,3675.0,3715.0,11583.0
2016-11-08 14:00:00,3705.0,3705.0,3700.0,3700.0,1201.0
2016-11-08 15:00:00,3595.0,3750.0,3595.0,3730.0,16329.0
2016-11-09 09:00:00,3635.0,3725.0,3625.0,3625.0,5573.0
2016-11-09 10:00:00,3620.0,3625.0,3415.0,3415.0,29054.0
2016-11-09 11:00:00,3415.0,3435.0,3250.0,3400.0,35043.0
2016-11-09 12:00:00,3330.0,3415.0,3250.0,3270.0,21511.0
2016-11-09 13:00:00,3265.0,3340.0,3100.0,3305.0,57316.0
2016-11-09 14:00:00,3320.0,3365.0,3300.0,3300.0,16339.0
2016-11-09 15:00:00,3730.0,3730.0,3645.0,3645.0,3615.0
2016-11-10 09:00:00,3475.0,3540.0,3470.0,3535.0,3063.0
2016-11-10 10:00:00,3500.0,3545.0,3450.0,3485.0,6113.0
2016-11-10 11:00:00,3455.0,3495.0,3450.0,3475.0,4084.0
2016-11-10 12:00:00,3440.0,3525.0,3415.0,3525.0,12146.0
2016-11-10 13:00:00,3360.0,3445.0,3360.0,3440.0,17728.0
2016-11-10 14:00:00,3530.0,3570.0,3500.0,3540.0,13736.0
2016-11-10 15:00:00,3480.0,3540.0,3430.0,3455.0,4958.0
2016-11-11 09:00:00,3510.0,3570.0,3505.0,3520.0,3556.0
2016-11-11 10:00:00,3520.0,3575.0,3515.0,3565.0,5417.0
2016-11-11 11:00:00,3535.0,3550.0,3525.0,3550.0,3753.0
2016-11-11 12:00:00,3535.0,3535.0,3500.0,3520.0,6598.0
2016-11-11 13:00:00,3500.0,3535.0,3490.0,3535.0,4387.0
2016-11-11 14:00:00,3530.0,3560.0,3515.0,3555.0,5493.0
2016-11-11 15:00:00,3555.0,3560.0,3535.0,3560.0,4030.0
2016-11-14 09:00:00,3665.0,3700.0,3630.0,3690.0,9125.0
2016-11-14 10:00:00,3700.0,3720.0,3610.0,3710.0,4445.0
2016-11-14 11:00:00,3690.0,3715.0,3650.0,3700.0,12565.0
2016-11-14 12:00:00,3665.0,3680.0,3525.0,3655.0,12829.0
2016-11-14 13:00:00,3745.0,3745.0,3655.0,3680.0,7444.0
2016-11-14 14:00:00,3540.0,3765.0,3540.0,3725.0,25516.0
2016-11-14 15:00:00,3655.0,3700.0,3650.0,3660.0,1420.0
2016-11-15 09:00:00,3675.0,3820.0,3675.0,3775.0,11107.0
2016-11-15 10:00:00,3775.0,3790.0,3775.0,3780.0,951.0
2016-11-15 11:00:00,3780.0,3790.0,3765.0,3765.0,1834.0
2016-11-15 12:00:00,3765.0,3780.0,3745.0,3760.0,2040.0
2016-11-15 13:00:00,3745.0,3780.0,3715.0,3780.0,2745.0
2016-11-15 14:00:00,3725.0,3770.0,3720.0,3760.0,546.0
2016-11-15 15:00:00,3760.0,3805.0,3740.0,3790.0,5724.0
2016-11-16 09:00:00,3850.0,3875.0,3840.0,3875.0,4754.0
2016-11-16 10:00:00,3835.0,3855.0,3780.0,3850.0,7206.0
2016-11-16 11:00:00,3845.0,3870.0,3835.0,3835.0,7407.0
2016-11-16 12:00:00,3745.0,3790.0,3745.0,3745.0,4448.0
2016-11-16 13:00:00,3810.0,3825.0,3800.0,3815.0,2754.0
2016-11-16 14:00:00,3765.0,3820.0,3760.0,3810.0,6647.0
2016-11-16 15:00:00,3805.0,3850.0,3805.0,3845.0,8905.0
2016-11-17 09:00:00,3880.0,3880.0,3780.0,3825.0,39615.0
2016-11-17 10:00:00,3820.0,3845.0,3780.0,3840.0,17246.0
2016-11-17 11:00:00,3920.0,3935.0,3865.0,3880.0,23630.0
2016-11-17 12:00:00,4285.0,4550.0,3880.0,3970.0,587155.0
2016-11-17 13:00:00,3945.0,3955.0,3900.0,3925.0,40188.0
2016-11-17 14:00:00,3965.0,4000.0,3925.0,3945.0,52257.0
2016-11-17 15:00:00,3925.0,3950.0,3895.0,3920.0,23492.0
2016-11-18 09:00:00,3805.0,3820.0,3670.0,3695.0,41507.0
2016-11-18 10:00:00,3695.0,3740.0,3685.0,3695.0,18622.0
2016-11-18 11:00:00,3715.0,3730.0,3650.0,3680.0,28673.0
2016-11-18 12:00:00,3665.0,3695.0,3635.0,3635.0,5525.0
2016-11-18 13:00:00,3635.0,3645.0,3580.0,3640.0,19309.0
2016-11-18 14:00:00,3640.0,3650.0,3590.0,3590.0,13315.0
2016-11-18 15:00:00,3610.0,3610.0,3585.0,3605.0,8930.0
2016-11-21 09:00:00,3410.0,3430.0,3395.0,3395.0,13530.0
2016-11-21 10:00:00,3395.0,3405.0,3375.0,3375.0,18637.0
2016-11-21 11:00:00,3430.0,3430.0,3405.0,3410.0,5608.0
2016-11-21 12:00:00,3430.0,3445.0,3405.0,3430.0,8784.0
2016-11-21 13:00:00,3435.0,3460.0,3405.0,3435.0,20013.0
2016-11-21 14:00:00,3400.0,3460.0,3380.0,3435.0,17941.0
2016-11-21 15:00:00,3550.0,3555.0,3365.0,3400.0,82747.0
2016-11-22 09:00:00,3515.0,3525.0,3410.0,3425.0,25298.0
2016-11-22 10:00:00,3425.0,3470.0,3415.0,3470.0,9476.0
2016-11-22 11:00:00,3470.0,3480.0,3445.0,3470.0,4386.0
2016-11-22 12:00:00,3465.0,3490.0,3450.0,3480.0,4965.0
2016-11-22 13:00:00,3480.0,3650.0,3475.0,3535.0,43432.0
2016-11-22 14:00:00,3530.0,3625.0,3485.0,3590.0,26193.0
2016-11-22 15:00:00,3600.0,3600.0,3530.0,3590.0,11809.0
2016-11-23 09:00:00,3465.0,3515.0,3460.0,3515.0,8151.0
2016-11-23 10:00:00,3495.0,3505.0,3425.0,3450.0,18836.0
2016-11-23 11:00:00,3515.0,3520.0,3480.0,3495.0,5703.0
2016-11-23 12:00:00,3510.0,3585.0,3480.0,3525.0,17683.0
2016-11-23 13:00:00,3525.0,3550.0,3520.0,3540.0,3952.0
2016-11-23 14:00:00,3515.0,3535.0,3505.0,3535.0,4695.0
2016-11-23 15:00:00,3545.0,3565.0,3515.0,3515.0,5015.0
2016-11-24 09:00:00,3440.0,3450.0,3425.0,3435.0,4770.0
2016-11-24 10:00:00,3435.0,3445.0,3420.0,3420.0,3405.0
2016-11-24 11:00:00,3470.0,3470.0,3445.0,3445.0,6149.0
2016-11-24 12:00:00,3515.0,3590.0,3470.0,3470.0,3635.0
2016-11-24 13:00:00,3435.0,3485.0,3420.0,3485.0,11525.0
2016-11-24 14:00:00,3470.0,3510.0,3415.0,3435.0,19697.0
2016-11-24 15:00:00,3480.0,3495.0,3470.0,3475.0,5488.0
2016-11-25 09:00:00,3330.0,3515.0,3330.0,3510.0,22478.0
2016-11-25 10:00:00,3500.0,3510.0,3450.0,3460.0,9958.0
2016-11-25 11:00:00,3485.0,3500.0,3460.0,3460.0,4320.0
2016-11-25 12:00:00,3460.0,3475.0,3460.0,3475.0,792.0
2016-11-25 13:00:00,3475.0,3490.0,3475.0,3480.0,847.0
2016-11-25 14:00:00,3490.0,3500.0,3450.0,3485.0,3925.0
2016-11-25 15:00:00,3500.0,3500.0,3475.0,3495.0,3782.0
2016-11-28 09:00:00,3470.0,3485.0,3465.0,3485.0,5697.0
2016-11-28 10:00:00,3485.0,3485.0,3465.0,3465.0,4154.0
2016-11-28 11:00:00,3515.0,3515.0,3475.0,3480.0,9891.0
2016-11-28 12:00:00,3460.0,3515.0,3460.0,3515.0,7434.0
2016-11-28 13:00:00,3520.0,3560.0,3520.0,3550.0,6455.0
2016-11-28 14:00:00,3540.0,3540.0,3510.0,3515.0,2132.0
2016-11-28 15:00:00,3540.0,3540.0,3515.0,3520.0,7357.0
2016-11-29 09:00:00,3485.0,3535.0,3480.0,3535.0,12122.0
2016-11-29 10:00:00,3540.0,3570.0,3515.0,3570.0,12709.0
2016-11-29 11:00:00,3535.0,3570.0,3520.0,3545.0,4172.0
2016-11-29 12:00:00,3525.0,3545.0,3515.0,3520.0,3980.0
2016-11-29 13:00:00,3545.0,3545.0,3485.0,3500.0,8396.0
2016-11-29 14:00:00,3490.0,3545.0,3490.0,3505.0,9282.0
2016-11-29 15:00:00,3530.0,3540.0,3510.0,3510.0,2322.0
2016-11-30 09:00:00,3525.0,3525.0,3480.0,3520.0,6251.0
2016-11-30 10:00:00,3525.0,3525.0,3510.0,3525.0,1104.0
2016-11-30 11:00:00,3550.0,3550.0,3520.0,3525.0,1715.0
2016-11-30 12:00:00,3560.0,3585.0,3550.0,3560.0,11844.0
2016-11-30 13:00:00,3560.0,3560.0,3535.0,3545.0,2818.0
2016-11-30 14:00:00,3550.0,3580.0,3520.0,3550.0,17025.0
2016-11-30 15:00:00,3545.0,3550.0,3545.0,3550.0,2000.0
2016-12-01 09:00:00,3480.0,3485.0,3455.0,3485.0,1309.0
2016-12-01 10:00:00,3480.0,3480.0,3425.0,3480.0,6228.0
2016-12-01 11:00:00,3485.0,3490.0,3450.0,3485.0,6851.0
2016-12-01 12:00:00,3475.0,3495.0,3470.0,3495.0,2544.0
2016-12-01 13:00:00,3495.0,3520.0,3485.0,3500.0,2453.0
2016-12-01 14:00:00,3500.0,3500.0,3485.0,3485.0,314.0
2016-12-01 15:00:00,3500.0,3520.0,3455.0,3520.0,9434.0
2016-12-02 09:00:00,3480.0,3480.0,3425.0,3445.0,2309.0
2016-12-02 10:00:00,3440.0,3445.0,3435.0,3435.0,2216.0
2016-12-02 11:00:00,3435.0,3440.0,3380.0,3380.0,8660.0
2016-12-02 12:00:00,3385.0,3405.0,3375.0,3385.0,2324.0
2016-12-02 13:00:00,3385.0,3400.0,3375.0,3380.0,2263.0
2016-12-02 14:00:00,3380.0,3390.0,3360.0,3365.0,5578.0
2016-12-02 15:00:00,3365.0,3390.0,3350.0,3390.0,5584.0
2016-12-05 09:00:00,3370.0,3375.0,3305.0,3315.0,10006.0
2016-12-05 10:00:00,3275.0,3305.0,3275.0,3305.0,2635.0
2016-12-05 11:00:00,3315.0,3315.0,3255.0,3270.0,14511.0
2016-12-05 12:00:00,3370.0,3385.0,3365.0,3370.0,1475.0
2016-12-05 13:00:00,3400.0,3410.0,3365.0,3370.0,4191.0
2016-12-05 14:00:00,3365.0,3390.0,3365.0,3390.0,1075.0
2016-12-05 15:00:00,3355.0,3600.0,3355.0,3390.0,10308.0
2016-12-06 09:00:00,3275.0,3340.0,3250.0,3295.0,15925.0
2016-12-06 10:00:00,3270.0,3315.0,3270.0,3295.0,1180.0
2016-12-06 11:00:00,3290.0,3290.0,3255.0,3270.0,3505.0
2016-12-06 12:00:00,3270.0,3300.0,3260.0,3270.0,1552.0
2016-12-06 13:00:00,3270.0,3285.0,3255.0,3260.0,5280.0
2016-12-06 14:00:00,3260.0,3305.0,3250.0,3280.0,9498.0
2016-12-06 15:00:00,3255.0,3275.0,3245.0,3275.0,7788.0
2016-12-07 09:00:00,3235.0,3235.0,3170.0,3170.0,3524.0
2016-12-07 10:00:00,3215.0,3240.0,3135.0,3235.0,7195.0
2016-12-07 11:00:00,3175.0,3270.0,3170.0,3270.0,9184.0
2016-12-07 12:00:00,3260.0,3265.0,3245.0,3265.0,7835.0
2016-12-07 13:00:00,3300.0,3400.0,3250.0,3265.0,6199.0
2016-12-07 14:00:00,3285.0,3310.0,3260.0,3300.0,1092.0
2016-12-07 15:00:00,3255.0,3260.0,3200.0,3210.0,8074.0
2016-12-08 09:00:00,3240.0,3300.0,3235.0,3300.0,5052.0
2016-12-08 10:00:00,3240.0,3275.0,3235.0,3235.0,2385.0
2016-12-08 11:00:00,3235.0,3260.0,3220.0,3235.0,9327.0
2016-12-08 12:00:00,3255.0,3280.0,3230.0,3235.0,6776.0
2016-12-08 13:00:00,3280.0,3350.0,3245.0,3265.0,10991.0
2016-12-08 14:00:00,3240.0,3275.0,3230.0,3245.0,6066.0
2016-12-08 15:00:00,3270.0,3300.0,3255.0,3280.0,7987.0
2016-12-09 09:00:00,3280.0,3315.0,3260.0,3315.0,18746.0
2016-12-09 10:00:00,3300.0,3320.0,3265.0,3300.0,633.0
2016-12-09 11:00:00,3270.0,3315.0,3265.0,3280.0,10873.0
2016-12-09 12:00:00,3280.0,3300.0,3270.0,3270.0,3535.0
2016-12-09 13:00:00,3270.0,3300.0,3265.0,3265.0,5385.0
2016-12-09 14:00:00,3295.0,3295.0,3265.0,3280.0,2141.0
2016-12-09 15:00:00,3275.0,3290.0,3270.0,3275.0,6681.0
2016-12-12 09:00:00,3345.0,3500.0,3340.0,3420.0,30664.0
2016-12-12 10:00:00,3420.0,3505.0,3405.0,3500.0,10272.0
2016-12-12 11:00:00,3340.0,3350.0,3300.0,3345.0,10102.0
2016-12-12 12:00:00,3350.0,3350.0,3295.0,3340.0,6817.0
2016-12-12 13:00:00,3340.0,3340.0,3335.0,3340.0,1840.0
2016-12-12 14:00:00,3340.0,3390.0,3340.0,3340.0,5259.0
2016-12-12 15:00:00,3340.0,3350.0,3330.0,3340.0,4674.0
2016-12-13 09:00:00,3465.0,3475.0,3380.0,3435.0,12427.0
2016-12-13 10:00:00,3435.0,3500.0,3435.0,3495.0,12220.0
2016-12-13 11:00:00,3490.0,3580.0,3490.0,3545.0,9279.0
2016-12-13 12:00:00,3535.0,3540.0,3535.0,3540.0,1375.0
2016-12-13 13:00:00,3540.0,3560.0,3535.0,3550.0,7100.0
2016-12-13 14:00:00,3545.0,3550.0,3535.0,3550.0,3342.0
2016-12-13 15:00:00,3535.0,3625.0,3535.0,3615.0,16301.0
2016-12-14 09:00:00,3510.0,3525.0,3505.0,3525.0,3715.0
2016-12-14 10:00:00,3525.0,3525.0,3505.0,3510.0,6393.0
2016-12-14 11:00:00,3545.0,3550.0,3520.0,3525.0,2759.0
2016-12-14 12:00:00,3550.0,3685.0,3520.0,3550.0,5133.0
2016-12-14 13:00:00,3520.0,3535.0,3475.0,3480.0,15145.0
2016-12-14 14:00:00,3550.0,3570.0,3500.0,3510.0,10864.0
2016-12-14 15:00:00,3500.0,3550.0,3495.0,3550.0,4608.0
2016-12-15 09:00:00,3535.0,3575.0,3520.0,3575.0,19027.0
2016-12-15 10:00:00,3575.0,3575.0,3530.0,3575.0,10059.0
2016-12-15 11:00:00,3525.0,3575.0,3525.0,3535.0,10927.0
2016-12-15 12:00:00,3535.0,3560.0,3500.0,3535.0,4135.0
2016-12-15 13:00:00,3510.0,3535.0,3510.0,3535.0,8684.0
2016-12-15 14:00:00,3535.0,3535.0,3480.0,3510.0,10564.0
2016-12-15 15:00:00,3530.0,3530.0,3525.0,3525.0,1796.0
2016-12-16 09:00:00,3610.0,3610.0,3500.0,3500.0,1963.0
2016-12-16 10:00:00,3505.0,3560.0,3505.0,3520.0,2224.0
2016-12-16 11:00:00,3515.0,3540.0,3515.0,3515.0,6465.0
2016-12-16 12:00:00,3540.0,3540.0,3525.0,3540.0,671.0
2016-12-16 13:00:00,3530.0,3535.0,3510.0,3535.0,4715.0
2016-12-16 14:00:00,3525.0,3525.0,3510.0,3515.0,4884.0
2016-12-16 15:00:00,3510.0,3560.0,3505.0,3560.0,9287.0
2016-12-19 09:00:00,3470.0,3500.0,3405.0,3490.0,22917.0
2016-12-19 10:00:00,3465.0,3480.0,3460.0,3480.0,3082.0
2016-12-19 11:00:00,3455.0,3475.0,3445.0,3475.0,5856.0
2016-12-19 12:00:00,3615.0,3615.0,3510.0,3510.0,3176.0
2016-12-19 13:00:00,3500.0,3510.0,3445.0,3490.0,15999.0
2016-12-19 14:00:00,3510.0,3515.0,3500.0,3500.0,1718.0
2016-12-19 15:00:00,3450.0,3480.0,3445.0,3450.0,9100.0
2016-12-20 09:00:00,3490.0,3510.0,3450.0,3450.0,5419.0
2016-12-20 10:00:00,3445.0,3450.0,3395.0,3400.0,18395.0
2016-12-20 11:00:00,3400.0,3440.0,3375.0,3410.0,18742.0
2016-12-20 12:00:00,3390.0,3410.0,3375.0,3375.0,16277.0
2016-12-20 13:00:00,3390.0,3415.0,3375.0,3400.0,8516.0
2016-12-20 14:00:00,3390.0,3405.0,3375.0,3405.0,14928.0
2016-12-20 15:00:00,3390.0,3440.0,3385.0,3440.0,7124.0
2016-12-21 09:00:00,3495.0,3500.0,3440.0,3485.0,11486.0
2016-12-21 10:00:00,3445.0,3470.0,3440.0,3470.0,5145.0
2016-12-21 11:00:00,3470.0,3505.0,3450.0,3505.0,7197.0
2016-12-21 12:00:00,3455.0,3475.0,3455.0,3460.0,1678.0
2016-12-21 13:00:00,3435.0,3455.0,3435.0,3455.0,8709.0
2016-12-21 14:00:00,3440.0,3440.0,3405.0,3435.0,313.0
2016-12-21 15:00:00,3455.0,3465.0,3445.0,3460.0,1906.0
2016-12-22 09:00:00,3435.0,3435.0,3420.0,3420.0,4922.0
2016-12-22 10:00:00,3460.0,3460.0,3445.0,3450.0,188.0
2016-12-22 11:00:00,3450.0,3450.0,3435.0,3445.0,980.0
2016-12-22 12:00:00,3445.0,3450.0,3425.0,3435.0,4642.0
2016-12-22 13:00:00,3475.0,3475.0,3440.0,3450.0,5239.0
2016-12-22 14:00:00,3450.0,3475.0,3440.0,3475.0,1133.0
2016-12-22 15:00:00,3455.0,3505.0,3455.0,3460.0,2762.0
2016-12-23 09:00:00,3490.0,3500.0,3465.0,3495.0,5879.0
2016-12-23 10:00:00,3420.0,3455.0,3410.0,3410.0,301.0
2016-12-23 11:00:00,3455.0,3455.0,3420.0,3420.0,3.0
2016-12-23 12:00:00,3420.0,3445.0,3410.0,3445.0,2226.0
2016-12-23 13:00:00,3415.0,3435.0,3415.0,3435.0,171.0
2016-12-23 14:00:00,3430.0,3445.0,3430.0,3435.0,351.0
2016-12-23 15:00:00,3440.0,3495.0,3440.0,3495.0,4857.0
2016-12-26 09:00:00,3470.0,3470.0,3420.0,3425.0,9585.0
2016-12-26 10:00:00,3425.0,3495.0,3410.0,3490.0,19402.0
2016-12-26 11:00:00,3490.0,3490.0,3450.0,3470.0,3225.0
2016-12-26 12:00:00,3500.0,3500.0,3465.0,3475.0,1890.0
2016-12-26 13:00:00,3475.0,3490.0,3455.0,3460.0,3779.0
2016-12-26 14:00:00,3495.0,3495.0,3475.0,3475.0,888.0
2016-12-26 15:00:00,3460.0,3495.0,3460.0,3490.0,4576.0
2016-12-27 09:00:00,3465.0,3495.0,3455.0,3490.0,116.0
2016-12-27 10:00:00,3490.0,3490.0,3450.0,3450.0,13747.0
2016-12-27 11:00:00,3450.0,3480.0,3435.0,3440.0,4481.0
2016-12-27 12:00:00,3440.0,3465.0,3420.0,3420.0,7587.0
2016-12-27 13:00:00,3425.0,3450.0,3420.0,3450.0,3694.0
2016-12-27 14:00:00,3450.0,3450.0,3420.0,3445.0,5358.0
2016-12-27 15:00:00,3445.0,3450.0,3425.0,3440.0,8852.0
2016-12-28 09:00:00,3430.0,3440.0,3380.0,3440.0,13625.0
2016-12-28 10:00:00,3415.0,3445.0,3395.0,3440.0,4414.0
2016-12-28 11:00:00,3430.0,3435.0,3375.0,3415.0,11820.0
2016-12-28 12:00:00,3425.0,3480.0,3425.0,3440.0,8631.0
2016-12-28 13:00:00,3435.0,3445.0,3420.0,3445.0,1496.0
2016-12-28 14:00:00,3435.0,3450.0,3420.0,3435.0,1752.0
2016-12-28 15:00:00,3435.0,3445.0,3420.0,3430.0,1940.0
2016-12-29 09:00:00,3430.0,3450.0,3430.0,3450.0,1558.0
2016-12-29 10:00:00,3445.0,3495.0,3440.0,3490.0,8580.0
2016-12-29 11:00:00,3430.0,3445.0,3420.0,3430.0,249.0
2016-12-29 12:00:00,3440.0,3440.0,3420.0,3420.0,251.0
2016-12-29 13:00:00,3445.0,3455.0,3420.0,3420.0,1082.0
2016-12-29 14:00:00,3420.0,3450.0,3410.0,3440.0,3671.0
2016-12-29 15:00:00,3425.0,3445.0,3415.0,3420.0,2080.0
2017-01-02 09:00:00,3490.0,3510.0,3440.0,3440.0,3631.0
2017-01-02 10:00:00,3440.0,3475.0,3440.0,3445.0,906.0
2017-01-02 11:00:00,3450.0,3500.0,3445.0,3460.0,997.0
2017-01-02 12:00:00,3455.0,3480.0,3440.0,3480.0,2587.0
2017-01-02 13:00:00,3445.0,3450.0,3435.0,3450.0,3725.0
2017-01-02 14:00:00,3440.0,3470.0,3425.0,3470.0,4245.0
2017-01-03 09:00:00,3460.0,3470.0,3455.0,3470.0,2085.0
2017-01-03 10:00:00,3455.0,3480.0,3450.0,3470.0,8734.0
2017-01-03 11:00:00,3465.0,3465.0,3445.0,3460.0,714.0
2017-01-03 12:00:00,3470.0,3470.0,3400.0,3450.0,7240.0
2017-01-03 13:00:00,3455.0,3470.0,3430.0,3460.0,2128.0
2017-01-03 14:00:00,3490.0,3490.0,3445.0,3445.0,1223.0
2017-01-03 15:00:00,3465.0,3465.0,3445.0,3445.0,2697.0
2017-01-04 09:00:00,3465.0,3580.0,3465.0,3525.0,11532.0
2017-01-04 10:00:00,3540.0,3565.0,3525.0,3550.0,9198.0
2017-01-04 11:00:00,3550.0,3565.0,3520.0,3535.0,6886.0
2017-01-04 12:00:00,3535.0,3555.0,3515.0,3550.0,7376.0
2017-01-04 13:00:00,3550.0,3550.0,3520.0,3535.0,3100.0
2017-01-04 14:00:00,3540.0,3565.0,3530.0,3550.0,15547.0
2017-01-04 15:00:00,3550.0,3555.0,3525.0,3555.0,8773.0
2017-01-05 09:00:00,3535.0,3540.0,3535.0,3540.0,206.0
2017-01-05 10:00:00,3535.0,3540.0,3510.0,3540.0,6332.0
2017-01-05 11:00:00,3545.0,3550.0,3525.0,3525.0,11652.0
2017-01-05 12:00:00,3560.0,3560.0,3530.0,3540.0,3581.0
2017-01-05 13:00:00,3590.0,3595.0,3540.0,3560.0,8165.0
2017-01-05 14:00:00,3575.0,3590.0,3545.0,3590.0,7188.0
2017-01-05 15:00:00,3540.0,3550.0,3535.0,3545.0,373.0
2017-01-06 09:00:00,3580.0,3580.0,3505.0,3530.0,6583.0
2017-01-06 10:00:00,3530.0,3570.0,3525.0,3550.0,15419.0
2017-01-06 11:00:00,3540.0,3550.0,3530.0,3535.0,2698.0
2017-01-06 12:00:00,3535.0,3545.0,3525.0,3540.0,2764.0
2017-01-06 13:00:00,3540.0,3540.0,3520.0,3535.0,3497.0
2017-01-06 14:00:00,3525.0,3535.0,3500.0,3515.0,17553.0
2017-01-06 15:00:00,3515.0,3540.0,3500.0,3540.0,6827.0
2017-01-09 09:00:00,3530.0,3545.0,3525.0,3545.0,3230.0
2017-01-09 10:00:00,3545.0,3545.0,3545.0,3545.0,2096.0
2017-01-09 11:00:00,3545.0,3545.0,3530.0,3545.0,2049.0
2017-01-09 12:00:00,3520.0,3540.0,3520.0,3530.0,1254.0
2017-01-09 13:00:00,3570.0,3590.0,3545.0,3560.0,19585.0
2017-01-09 14:00:00,3555.0,3560.0,3515.0,3520.0,8834.0
2017-01-09 15:00:00,3530.0,3555.0,3530.0,3545.0,1219.0
2017-01-10 09:00:00,3565.0,3580.0,3535.0,3550.0,4416.0
2017-01-10 10:00:00,3540.0,3550.0,3535.0,3545.0,5592.0
2017-01-10 11:00:00,3535.0,3700.0,3535.0,3675.0,76720.0
2017-01-10 12:00:00,3675.0,3675.0,3590.0,3600.0,42053.0
2017-01-10 13:00:00,3615.0,3850.0,3600.0,3665.0,205093.0
2017-01-10 14:00:00,3670.0,3715.0,3670.0,3695.0,29105.0
2017-01-10 15:00:00,3695.0,3750.0,3695.0,3745.0,23694.0
2017-01-11 09:00:00,3685.0,3710.0,3680.0,3700.0,8435.0
2017-01-11 10:00:00,3710.0,3715.0,3675.0,3690.0,7566.0
2017-01-11 11:00:00,3675.0,3720.0,3670.0,3700.0,10914.0
2017-01-11 12:00:00,3725.0,3745.0,3665.0,3730.0,37973.0
2017-01-11 13:00:00,3670.0,3700.0,3665.0,3700.0,5907.0
2017-01-11 14:00:00,3725.0,3735.0,3655.0,3665.0,18686.0
2017-01-11 15:00:00,3695.0,3700.0,3660.0,3690.0,11674.0
2017-01-12 09:00:00,3725.0,3965.0,3725.0,3820.0,245221.0
2017-01-12 10:00:00,3820.0,3840.0,3805.0,3815.0,23786.0
2017-01-12 11:00:00,3710.0,3725.0,3700.0,3715.0,10337.0
2017-01-12 12:00:00,3700.0,3720.0,3655.0,3685.0,19107.0
2017-01-12 13:00:00,3710.0,3725.0,3685.0,3710.0,7032.0
2017-01-12 14:00:00,3660.0,3710.0,3655.0,3710.0,9045.0
2017-01-12 15:00:00,3690.0,3710.0,3690.0,3710.0,2402.0
2017-01-13 09:00:00,3850.0,3975.0,3825.0,3875.0,117442.0
2017-01-13 10:00:00,3875.0,3890.0,3830.0,3850.0,28528.0
2017-01-13 11:00:00,3850.0,3895.0,3835.0,3875.0,15866.0
2017-01-13 12:00:00,3865.0,3890.0,3840.0,3870.0,12401.0
2017-01-13 13:00:00,3870.0,3870.0,3840.0,3865.0,9230.0
2017-01-13 14:00:00,3855.0,3860.0,3830.0,3860.0,15955.0
2017-01-13 15:00:00,3850.0,3865.0,3830.0,3850.0,9333.0
2017-01-16 09:00:00,3780.0,3780.0,3715.0,3750.0,9386.0
2017-01-16 10:00:00,3780.0,3790.0,3730.0,3780.0,23398.0
2017-01-16 11:00:00,3795.0,3805.0,3780.0,3785.0,4401.0
2017-01-16 12:00:00,3900.0,3900.0,3800.0,3810.0,14223.0
2017-01-16 13:00:00,3785.0,3825.0,3735.0,3785.0,9865.0
2017-01-16 14:00:00,3820.0,3835.0,3750.0,3785.0,16773.0
2017-01-16 15:00:00,3780.0,3815.0,3755.0,3795.0,3139.0
2017-01-17 09:00:00,3750.0,3770.0,3695.0,3725.0,8897.0
2017-01-17 10:00:00,3750.0,3750.0,3650.0,3680.0,22288.0
2017-01-17 11:00:00,3665.0,3695.0,3660.0,3695.0,8376.0
2017-01-17 12:00:00,3695.0,3695.0,3680.0,3680.0,2731.0
2017-01-17 13:00:00,3680.0,3705.0,3675.0,3700.0,8319.0
2017-01-17 14:00:00,3685.0,3695.0,3650.0,3655.0,14760.0
2017-01-17 15:00:00,3655.0,3680.0,3635.0,3665.0,12738.0
2017-01-18 09:00:00,3650.0,3665.0,3650.0,3665.0,2850.0
2017-01-18 10:00:00,3650.0,3655.0,3640.0,3650.0,3365.0
2017-01-18 11:00:00,3650.0,3665.0,3640.0,3650.0,6123.0
2017-01-18 12:00:00,3655.0,3670.0,3645.0,3660.0,6495.0
2017-01-18 13:00:00,3650.0,3675.0,3615.0,3670.0,10394.0
2017-01-18 14:00:00,3640.0,3705.0,3630.0,3650.0,6600.0
2017-01-18 15:00:00,3645.0,3660.0,3645.0,3650.0,4178.0
2017-01-19 09:00:00,3625.0,3665.0,3620.0,3630.0,5605.0
2017-01-19 10:00:00,3645.0,3660.0,3625.0,3645.0,6643.0
2017-01-19 11:00:00,3645.0,3670.0,3625.0,3625.0,16095.0
2017-01-19 12:00:00,3660.0,3660.0,3635.0,3640.0,9468.0
2017-01-19 13:00:00,3670.0,3690.0,3655.0,3660.0,12583.0
2017-01-19 14:00:00,3640.0,3650.0,3635.0,3650.0,3516.0
2017-01-19 15:00:00,3655.0,3705.0,3645.0,3670.0,12990.0
2017-01-20 09:00:00,3595.0,3635.0,3570.0,3635.0,23955.0
2017-01-20 10:00:00,3605.0,3680.0,3605.0,3630.0,9229.0
2017-01-20 11:00:00,3630.0,3670.0,3625.0,3625.0,4344.0
2017-01-20 12:00:00,3625.0,3635.0,3600.0,3615.0,12896.0
2017-01-20 13:00:00,3615.0,3650.0,3610.0,3640.0,937.0
2017-01-20 14:00:00,3640.0,3650.0,3620.0,3645.0,3276.0
2017-01-20 15:00:00,3645.0,3645.0,3590.0,3595.0,15190.0
2017-01-23 09:00:00,3590.0,3590.0,3565.0,3565.0,26686.0
2017-01-23 10:00:00,3565.0,3565.0,3540.0,3560.0,16576.0
2017-01-23 11:00:00,3590.0,3595.0,3590.0,3590.0,705.0
2017-01-23 12:00:00,3635.0,3660.0,3600.0,3640.0,5082.0
2017-01-23 13:00:00,3605.0,3620.0,3605.0,3610.0,1750.0
2017-01-23 14:00:00,3620.0,3650.0,3605.0,3605.0,3236.0
2017-01-23 15:00:00,3605.0,3605.0,3590.0,3590.0,6065.0
2017-01-24 09:00:00,3515.0,3575.0,3500.0,3510.0,4790.0
2017-01-24 10:00:00,3510.0,3525.0,3465.0,3480.0,9915.0
2017-01-24 11:00:00,3480.0,3490.0,3455.0,3470.0,11034.0
2017-01-24 12:00:00,3470.0,3490.0,3460.0,3490.0,4167.0
2017-01-24 13:00:00,3485.0,3485.0,3455.0,3470.0,4720.0
2017-01-24 14:00:00,3475.0,3480.0,3425.0,3450.0,25118.0
2017-01-24 15:00:00,3450.0,3465.0,3435.0,3465.0,8051.0
2017-01-25 09:00:00,3400.0,3470.0,3400.0,3465.0,21941.0
2017-01-25 10:00:00,3375.0,3455.0,3375.0,3400.0,8914.0
2017-01-25 11:00:00,3395.0,3410.0,3365.0,3400.0,19915.0
2017-01-25 12:00:00,3430.0,3470.0,3420.0,3470.0,4897.0
2017-01-25 13:00:00,3435.0,3445.0,3415.0,3425.0,6582.0
2017-01-25 14:00:00,3465.0,3465.0,3415.0,3435.0,4880.0
2017-01-25 15:00:00,3425.0,3440.0,3375.0,3395.0,21186.0
2017-01-26 09:00:00,3475.0,3495.0,3460.0,3465.0,2118.0
2017-01-26 10:00:00,3465.0,3515.0,3460.0,3500.0,10072.0
2017-01-26 11:00:00,3500.0,3540.0,3475.0,3475.0,2519.0
2017-01-26 12:00:00,3465.0,3490.0,3455.0,3465.0,5163.0
2017-01-26 13:00:00,3460.0,3470.0,3460.0,3470.0,1932.0
2017-01-26 14:00:00,3460.0,3475.0,3450.0,3460.0,2751.0
2017-01-26 15:00:00,3470.0,3550.0,3460.0,3545.0,10527.0
2017-01-31 09:00:00,3500.0,3525.0,3455.0,3490.0,2733.0
2017-01-31 10:00:00,3490.0,3515.0,3470.0,3475.0,1298.0
2017-01-31 11:00:00,3475.0,3490.0,3445.0,3450.0,4601.0
2017-01-31 12:00:00,3450.0,3450.0,3425.0,3435.0,1514.0
2017-01-31 13:00:00,3435.0,3460.0,3435.0,3455.0,3884.0
2017-01-31 14:00:00,3440.0,3455.0,3435.0,3440.0,3986.0
2017-01-31 15:00:00,3440.0,3475.0,3430.0,3475.0,8473.0
2017-02-01 09:00:00,3470.0,3540.0,3465.0,3515.0,8076.0
2017-02-01 10:00:00,3515.0,3540.0,3505.0,3540.0,12155.0
2017-02-01 11:00:00,3505.0,3505.0,3465.0,3465.0,9906.0
2017-02-01 12:00:00,3425.0,3475.0,3425.0,3445.0,710.0
2017-02-01 13:00:00,3435.0,3490.0,3435.0,3460.0,8650.0
2017-02-01 14:00:00,3470.0,3470.0,3430.0,3465.0,4004.0
2017-02-01 15:00:00,3455.0,3505.0,3455.0,3505.0,2887.0
2017-02-02 09:00:00,3560.0,3560.0,3480.0,3545.0,1137.0
2017-02-02 10:00:00,3495.0,3515.0,3490.0,3500.0,6202.0
2017-02-02 11:00:00,3500.0,3500.0,3470.0,3485.0,11560.0
2017-02-02 12:00:00,3485.0,3500.0,3480.0,3485.0,12480.0
2017-02-02 13:00:00,3485.0,3500.0,3475.0,3495.0,1314.0
2017-02-02 14:00:00,3475.0,3495.0,3410.0,3425.0,41878.0
2017-02-02 15:00:00,3420.0,3460.0,3410.0,3460.0,10091.0
2017-02-03 09:00:00,3385.0,3385.0,3355.0,3355.0,11412.0
2017-02-03 10:00:00,3385.0,3395.0,3370.0,3370.0,8681.0
2017-02-03 11:00:00,3400.0,3430.0,3375.0,3385.0,11185.0
2017-02-03 12:00:00,3440.0,3440.0,3420.0,3435.0,2363.0
2017-02-03 13:00:00,3445.0,3445.0,3425.0,3425.0,2276.0
2017-02-03 14:00:00,3460.0,3500.0,3420.0,3445.0,8789.0
2017-02-03 15:00:00,3425.0,3435.0,3380.0,3400.0,19512.0
2017-02-06 09:00:00,3355.0,3385.0,3335.0,3335.0,12762.0
2017-02-06 10:00:00,3335.0,3395.0,3335.0,3365.0,2329.0
2017-02-06 11:00:00,3340.0,3370.0,3340.0,3345.0,1169.0
2017-02-06 12:00:00,3345.0,3360.0,3330.0,3360.0,12696.0
2017-02-06 13:00:00,3335.0,3370.0,3330.0,3340.0,2708.0
2017-02-06 14:00:00,3340.0,3355.0,3330.0,3355.0,4867.0
2017-02-06 15:00:00,3355.0,3375.0,3330.0,3370.0,2672.0
2017-02-07 09:00:00,3340.0,3360.0,3340.0,3360.0,3184.0
2017-02-07 10:00:00,3340.0,3360.0,3340.0,3360.0,2080.0
2017-02-07 11:00:00,3335.0,3360.0,3335.0,3360.0,3232.0
2017-02-07 12:00:00,3340.0,3365.0,3335.0,3335.0,2034.0
2017-02-07 13:00:00,3370.0,3370.0,3335.0,3340.0,2294.0
2017-02-07 14:00:00,3370.0,3380.0,3345.0,3375.0,1980.0
2017-02-07 15:00:00,3330.0,3400.0,3330.0,3375.0,2786.0
2017-02-08 09:00:00,3350.0,3395.0,3340.0,3360.0,549.0
2017-02-08 10:00:00,3350.0,3360.0,3280.0,3355.0,18593.0
2017-02-08 11:00:00,3320.0,3360.0,3280.0,3350.0,25886.0
2017-02-08 12:00:00,3325.0,3350.0,3325.0,3350.0,1112.0
2017-02-08 13:00:00,3320.0,3350.0,3315.0,3350.0,1908.0
2017-02-08 14:00:00,3320.0,3360.0,3315.0,3340.0,3273.0
2017-02-08 15:00:00,3350.0,3355.0,3335.0,3355.0,6180.0
2017-02-09 09:00:00,3315.0,3355.0,3310.0,3355.0,3980.0
2017-02-09 10:00:00,3345.0,3350.0,3310.0,3315.0,6243.0
2017-02-09 11:00:00,3320.0,3350.0,3310.0,3350.0,7717.0
2017-02-09 12:00:00,3370.0,3425.0,3335.0,3335.0,7668.0
2017-02-09 13:00:00,3325.0,3355.0,3325.0,3325.0,7520.0
2017-02-09 14:00:00,3360.0,3360.0,3320.0,3350.0,6591.0
2017-02-09 15:00:00,3350.0,3350.0,3320.0,3320.0,5046.0
2017-02-10 09:00:00,3315.0,3340.0,3300.0,3325.0,16433.0
2017-02-10 10:00:00,3315.0,3345.0,3305.0,3345.0,4653.0
2017-02-10 11:00:00,3345.0,3355.0,3310.0,3315.0,9398.0
2017-02-10 12:00:00,3355.0,3390.0,3340.0,3340.0,1545.0
2017-02-10 13:00:00,3350.0,3360.0,3325.0,3355.0,8143.0
2017-02-10 14:00:00,3350.0,3370.0,3330.0,3350.0,5370.0
2017-02-10 15:00:00,3340.0,3350.0,3335.0,3350.0,1876.0
2017-02-13 09:00:00,3390.0,3390.0,3325.0,3330.0,1288.0
2017-02-13 10:00:00,3330.0,3365.0,3305.0,3335.0,11991.0
2017-02-13 11:00:00,3310.0,3335.0,3300.0,3330.0,6462.0
2017-02-13 12:00:00,3315.0,3330.0,3310.0,3315.0,2074.0
2017-02-13 13:00:00,3315.0,3320.0,3310.0,3315.0,3612.0
2017-02-13 14:00:00,3315.0,3365.0,3310.0,3365.0,7000.0
2017-02-13 15:00:00,3325.0,3365.0,3315.0,3365.0,1135.0
2017-02-14 09:00:00,3355.0,3375.0,3345.0,3375.0,6928.0
2017-02-14 10:00:00,3355.0,3360.0,3330.0,3355.0,321.0
2017-02-14 11:00:00,3350.0,3360.0,3330.0,3355.0,8169.0
2017-02-14 12:00:00,3325.0,3375.0,3320.0,3345.0,2678.0
2017-02-14 13:00:00,3330.0,3335.0,3330.0,3335.0,39.0
2017-02-14 14:00:00,3320.0,3340.0,3315.0,3330.0,1759.0
2017-02-14 15:00:00,3330.0,3350.0,3320.0,3350.0,1398.0
2017-02-15 09:00:00,3375.0,3375.0,3350.0,3365.0,527.0
2017-02-15 10:00:00,3365.0,3380.0,3365.0,3375.0,986.0
2017-02-15 11:00:00,3385.0,3385.0,3380.0,3380.0,505.0
2017-02-15 12:00:00,3375.0,3395.0,3375.0,3395.0,6590.0
2017-02-15 13:00:00,3400.0,3415.0,3370.0,3405.0,1193.0
2017-02-15 14:00:00,3405.0,3450.0,3405.0,3420.0,12436.0
2017-02-15 15:00:00,3420.0,3450.0,3410.0,3445.0,7707.0
2017-02-16 09:00:00,3445.0,3485.0,3445.0,3475.0,5572.0
2017-02-16 10:00:00,3405.0,3420.0,3400.0,3405.0,2373.0
2017-02-16 11:00:00,3420.0,3445.0,3420.0,3445.0,1862.0
2017-02-16 12:00:00,3430.0,3430.0,3405.0,3430.0,2131.0
2017-02-16 13:00:00,3430.0,3430.0,3410.0,3425.0,2225.0
2017-02-16 14:00:00,3450.0,3455.0,3420.0,3425.0,2694.0
2017-02-16 15:00:00,3410.0,3430.0,3400.0,3430.0,1333.0
2017-02-17 09:00:00,3475.0,3500.0,3470.0,3500.0,17444.0
2017-02-17 10:00:00,3455.0,3475.0,3455.0,3475.0,1287.0
2017-02-17 11:00:00,3465.0,3475.0,3460.0,3475.0,9065.0
2017-02-17 12:00:00,3450.0,3470.0,3425.0,3455.0,2282.0
2017-02-17 13:00:00,3460.0,3475.0,3435.0,3450.0,1886.0
2017-02-17 14:00:00,3455.0,3465.0,3455.0,3460.0,1314.0
2017-02-17 15:00:00,3490.0,3490.0,3435.0,3460.0,872.0
2017-02-20 09:00:00,3495.0,3500.0,3485.0,3500.0,2478.0
2017-02-20 10:00:00,3490.0,3490.0,3445.0,3470.0,3521.0
2017-02-20 11:00:00,3470.0,3545.0,3460.0,3540.0,9144.0
2017-02-20 12:00:00,3500.0,3530.0,3490.0,3500.0,8260.0
2017-02-20 13:00:00,3500.0,3515.0,3490.0,3495.0,1770.0
2017-02-20 14:00:00,3500.0,3500.0,3485.0,3500.0,758.0
2017-02-20 15:00:00,3490.0,3500.0,3480.0,3490.0,1760.0
2017-02-21 09:00:00,3500.0,3515.0,3485.0,3485.0,4787.0
2017-02-21 10:00:00,3510.0,3520.0,3490.0,3515.0,5318.0
2017-02-21 11:00:00,3490.0,3505.0,3480.0,3500.0,3307.0
2017-02-21 12:00:00,3475.0,3500.0,3460.0,3495.0,9206.0
2017-02-21 13:00:00,3485.0,3500.0,3480.0,3490.0,2836.0
2017-02-21 14:00:00,3495.0,3500.0,3475.0,3500.0,1653.0
2017-02-21 15:00:00,3490.0,3515.0,3485.0,3485.0,1866.0
2017-02-22 09:00:00,3485.0,3540.0,3485.0,3515.0,4911.0
2017-02-22 10:00:00,3500.0,3515.0,3485.0,3510.0,2596.0
2017-02-22 11:00:00,3510.0,3515.0,3480.0,3505.0,4203.0
2017-02-22 12:00:00,3490.0,3505.0,3475.0,3500.0,8770.0
2017-02-22 13:00:00,3500.0,3500.0,3460.0,3485.0,3413.0
2017-02-22 14:00:00,3485.0,3500.0,3460.0,3500.0,2594.0
2017-02-22 15:00:00,3475.0,3500.0,3475.0,3500.0,2067.0
2017-02-23 09:00:00,3450.0,3465.0,3435.0,3450.0,3931.0
2017-02-23 10:00:00,3450.0,3490.0,3425.0,3490.0,3739.0
2017-02-23 11:00:00,3475.0,3475.0,3405.0,3450.0,38236.0
2017-02-23 12:00:00,3515.0,3515.0,3475.0,3475.0,4427.0
2017-02-23 13:00:00,3500.0,3510.0,3500.0,3500.0,732.0
2017-02-23 14:00:00,3500.0,3500.0,3470.0,3500.0,994.0
2017-02-23 15:00:00,3480.0,3500.0,3470.0,3500.0,1173.0
2017-02-24 09:00:00,3460.0,3465.0,3425.0,3425.0,5092.0
2017-02-24 10:00:00,3450.0,3455.0,3445.0,3455.0,4204.0
2017-02-24 11:00:00,3455.0,3475.0,3445.0,3465.0,1522.0
2017-02-24 12:00:00,3450.0,3475.0,3430.0,3465.0,11473.0
2017-02-24 13:00:00,3440.0,3460.0,3435.0,3435.0,6399.0
2017-02-24 14:00:00,3460.0,3465.0,3435.0,3440.0,4649.0
2017-02-24 15:00:00,3435.0,3460.0,3425.0,3455.0,4120.0
2017-02-27 09:00:00,3455.0,3455.0,3425.0,3455.0,5161.0
2017-02-27 10:00:00,3450.0,3450.0,3425.0,3440.0,682.0
2017-02-27 11:00:00,3435.0,3475.0,3430.0,3470.0,2626.0
2017-02-27 12:00:00,3460.0,3460.0,3440.0,3460.0,1532.0
2017-02-27 13:00:00,3460.0,3460.0,3435.0,3450.0,3339.0
2017-02-27 14:00:00,3450.0,3450.0,3430.0,3435.0,2470.0
2017-02-27 15:00:00,3435.0,3450.0,3435.0,3450.0,2322.0
2017-02-28 09:00:00,3425.0,3425.0,3405.0,3405.0,3674.0
2017-02-28 10:00:00,3415.0,3415.0,3400.0,3415.0,3253.0
2017-02-28 11:00:00,3410.0,3440.0,3405.0,3425.0,2735.0
2017-02-28 12:00:00,3495.0,3495.0,3450.0,3455.0,405.0
2017-02-28 13:00:00,3425.0,3430.0,3410.0,3430.0,1022.0
2017-02-28 14:00:00,3445.0,3445.0,3405.0,3440.0,12704.0
2017-02-28 15:00:00,3430.0,3435.0,3400.0,3425.0,10553.0
2017-03-02 09:00:00,3415.0,3455.0,3415.0,3415.0,605.0
2017-03-02 10:00:00,3415.0,3425.0,3380.0,3390.0,2155.0
2017-03-02 11:00:00,3380.0,3410.0,3380.0,3380.0,2233.0
2017-03-02 12:00:00,3385.0,3410.0,3360.0,3385.0,3610.0
2017-03-02 13:00:00,3360.0,3405.0,3345.0,3355.0,14009.0
2017-03-02 14:00:00,3375.0,3390.0,3350.0,3385.0,5885.0
2017-03-02 15:00:00,3370.0,3380.0,3330.0,3330.0,3775.0
2017-03-03 09:00:00,3240.0,3260.0,3230.0,3230.0,10714.0
2017-03-03 10:00:00,3240.0,3260.0,3230.0,3260.0,5661.0
2017-03-03 11:00:00,3225.0,3245.0,3200.0,3240.0,8704.0
2017-03-03 12:00:00,3250.0,3280.0,3245.0,3250.0,2874.0
2017-03-03 13:00:00,3260.0,3300.0,3225.0,3250.0,23617.0
2017-03-03 14:00:00,3265.0,3420.0,3260.0,3280.0,13570.0
2017-03-03 15:00:00,3230.0,3260.0,3210.0,3260.0,7837.0
2017-03-06 09:00:00,3205.0,3225.0,3190.0,3195.0,5969.0
2017-03-06 10:00:00,3190.0,3205.0,3185.0,3195.0,5079.0
2017-03-06 11:00:00,3195.0,3195.0,3170.0,3195.0,2155.0
2017-03-06 12:00:00,3170.0,3260.0,3170.0,3260.0,7346.0
2017-03-06 13:00:00,3240.0,3260.0,3220.0,3220.0,1031.0
2017-03-06 14:00:00,3250.0,3255.0,3220.0,3255.0,578.0
2017-03-06 15:00:00,3255.0,3255.0,3245.0,3255.0,1665.0
2017-03-07 09:00:00,3265.0,3275.0,3255.0,3260.0,1485.0
2017-03-07 10:00:00,3275.0,3275.0,3275.0,3275.0,1.0
2017-03-07 11:00:00,3270.0,3295.0,3270.0,3295.0,2353.0
2017-03-07 12:00:00,3285.0,3290.0,3265.0,3290.0,563.0
2017-03-07 13:00:00,3255.0,3310.0,3255.0,3265.0,6916.0
2017-03-07 14:00:00,3255.0,3445.0,3235.0,3255.0,9361.0
2017-03-07 15:00:00,3275.0,3285.0,3265.0,3280.0,2458.0
2017-03-08 09:00:00,3295.0,3295.0,3265.0,3270.0,1060.0
2017-03-08 10:00:00,3270.0,3285.0,3270.0,3285.0,175.0
2017-03-08 11:00:00,3275.0,3280.0,3270.0,3280.0,826.0
2017-03-08 12:00:00,3275.0,3275.0,3255.0,3255.0,2674.0
2017-03-08 13:00:00,3270.0,3270.0,3270.0,3270.0,237.0
2017-03-08 14:00:00,3270.0,3290.0,3270.0,3290.0,2406.0
2017-03-09 09:00:00,3270.0,3310.0,3250.0,3310.0,5270.0
2017-03-09 10:00:00,3275.0,3285.0,3265.0,3285.0,2888.0
2017-03-09 11:00:00,3290.0,3290.0,3275.0,3275.0,437.0
2017-03-09 12:00:00,3290.0,3305.0,3255.0,3300.0,6476.0
2017-03-09 13:00:00,3295.0,3295.0,3280.0,3290.0,1613.0
2017-03-09 14:00:00,3285.0,3295.0,3250.0,3295.0,13742.0
2017-03-09 15:00:00,3280.0,3280.0,3270.0,3280.0,1604.0
2017-03-10 09:00:00,3295.0,3320.0,3295.0,3320.0,4569.0
2017-03-10 10:00:00,3320.0,3340.0,3310.0,3340.0,2190.0
2017-03-10 11:00:00,3290.0,3295.0,3275.0,3295.0,650.0
2017-03-10 12:00:00,3265.0,3300.0,3245.0,3250.0,3579.0
2017-03-10 13:00:00,3270.0,3295.0,3240.0,3270.0,2965.0
2017-03-10 14:00:00,3250.0,3270.0,3230.0,3270.0,6041.0
2017-03-10 15:00:00,3285.0,3300.0,3270.0,3270.0,4154.0
2017-03-13 09:00:00,3340.0,3400.0,3340.0,3390.0,8767.0
2017-03-13 10:00:00,3390.0,3410.0,3390.0,3400.0,9087.0
2017-03-13 11:00:00,3400.0,3405.0,3365.0,3380.0,6225.0
2017-03-13 12:00:00,3380.0,3380.0,3365.0,3375.0,1205.0
2017-03-13 13:00:00,3370.0,3385.0,3370.0,3380.0,2648.0
2017-03-13 14:00:00,3380.0,3410.0,3380.0,3395.0,3615.0
2017-03-13 15:00:00,3380.0,3400.0,3375.0,3400.0,1189.0
2017-03-14 09:00:00,3380.0,3390.0,3370.0,3390.0,2562.0
2017-03-14 10:00:00,3390.0,3395.0,3390.0,3395.0,1481.0
2017-03-14 11:00:00,3375.0,3385.0,3375.0,3385.0,327.0
2017-03-14 12:00:00,3385.0,3390.0,3375.0,3385.0,1643.0
2017-03-14 13:00:00,3390.0,3400.0,3385.0,3395.0,847.0
2017-03-14 14:00:00,3395.0,3405.0,3390.0,3390.0,4288.0
2017-03-14 15:00:00,3400.0,3405.0,3390.0,3395.0,3209.0
2017-03-15 09:00:00,3395.0,3400.0,3380.0,3390.0,1688.0
2017-03-15 10:00:00,3385.0,3390.0,3385.0,3390.0,74.0
2017-03-15 11:00:00,3380.0,3400.0,3375.0,3390.0,1440.0
2017-03-15 12:00:00,3390.0,3430.0,3375.0,3395.0,1347.0
2017-03-15 13:00:00,3395.0,3395.0,3350.0,3395.0,3419.0
2017-03-15 14:00:00,3375.0,3390.0,3340.0,3355.0,808.0
2017-03-15 15:00:00,3360.0,3390.0,3355.0,3390.0,8063.0
2017-03-16 09:00:00,3390.0,3435.0,3375.0,3435.0,17142.0
2017-03-16 10:00:00,3375.0,3395.0,3360.0,3395.0,6470.0
2017-03-16 11:00:00,3375.0,3380.0,3365.0,3380.0,896.0
2017-03-16 12:00:00,3405.0,3425.0,3385.0,3400.0,2404.0
2017-03-16 13:00:00,3390.0,3400.0,3385.0,3400.0,1776.0
2017-03-16 14:00:00,3385.0,3400.0,3375.0,3395.0,4315.0
2017-03-16 15:00:00,3395.0,3395.0,3360.0,3375.0,8162.0
2017-03-17 09:00:00,3430.0,3435.0,3420.0,3420.0,1221.0
2017-03-17 10:00:00,3420.0,3435.0,3400.0,3430.0,7380.0
2017-03-17 11:00:00,3415.0,3435.0,3400.0,3435.0,9737.0
2017-03-17 12:00:00,3435.0,3575.0,3430.0,3475.0,77512.0
2017-03-17 13:00:00,3440.0,3470.0,3420.0,3455.0,10048.0
2017-03-17 14:00:00,3465.0,3465.0,3440.0,3440.0,2093.0
2017-03-17 15:00:00,3450.0,3450.0,3415.0,3415.0,3262.0
2017-03-20 09:00:00,3430.0,3430.0,3335.0,3370.0,9105.0
2017-03-20 10:00:00,3370.0,3370.0,3350.0,3360.0,4688.0
2017-03-20 11:00:00,3370.0,3385.0,3370.0,3385.0,896.0
2017-03-20 12:00:00,3380.0,3385.0,3375.0,3385.0,1075.0
2017-03-20 13:00:00,3375.0,3400.0,3370.0,3400.0,3712.0
2017-03-20 14:00:00,3385.0,3385.0,3370.0,3385.0,25.0
2017-03-20 15:00:00,3380.0,3380.0,3350.0,3375.0,16414.0
2017-03-21 09:00:00,3350.0,3375.0,3340.0,3365.0,7979.0
2017-03-21 10:00:00,3350.0,3360.0,3335.0,3355.0,1042.0
2017-03-21 11:00:00,3335.0,3350.0,3335.0,3345.0,4192.0
2017-03-21 12:00:00,3365.0,3385.0,3350.0,3355.0,6196.0
2017-03-21 13:00:00,3355.0,3355.0,3335.0,3345.0,16397.0
2017-03-21 14:00:00,3340.0,3355.0,3325.0,3335.0,17998.0
2017-03-21 15:00:00,3355.0,3360.0,3340.0,3355.0,523.0
2017-03-22 09:00:00,3300.0,3370.0,3300.0,3360.0,8862.0
2017-03-22 10:00:00,3340.0,3350.0,3335.0,3350.0,690.0
2017-03-22 11:00:00,3335.0,3350.0,3335.0,3350.0,511.0
2017-03-22 12:00:00,3340.0,3350.0,3335.0,3350.0,1756.0
2017-03-22 13:00:00,3350.0,3350.0,3275.0,3325.0,10478.0
2017-03-22 14:00:00,3295.0,3340.0,3295.0,3310.0,4301.0
2017-03-22 15:00:00,3305.0,3335.0,3305.0,3330.0,4033.0
2017-03-23 09:00:00,3285.0,3290.0,3270.0,3290.0,4052.0
2017-03-23 10:00:00,3275.0,3290.0,3270.0,3270.0,6714.0
2017-03-23 11:00:00,3295.0,3295.0,3260.0,3290.0,6635.0
2017-03-23 12:00:00,3315.0,3315.0,3275.0,3280.0,20106.0
2017-03-23 13:00:00,3285.0,3295.0,3275.0,3290.0,4549.0
2017-03-23 14:00:00,3330.0,3330.0,3305.0,3315.0,1560.0
2017-03-23 15:00:00,3290.0,3315.0,3280.0,3295.0,7284.0
2017-03-24 09:00:00,3325.0,3355.0,3325.0,3340.0,13274.0
2017-03-24 10:00:00,3340.0,3340.0,3320.0,3335.0,10983.0
2017-03-24 11:00:00,3290.0,3350.0,3285.0,3350.0,5875.0
2017-03-24 12:00:00,3275.0,3280.0,3260.0,3260.0,5505.0
2017-03-24 13:00:00,3260.0,3435.0,3250.0,3325.0,58815.0
2017-03-24 14:00:00,3325.0,3350.0,3290.0,3290.0,16160.0
2017-03-24 15:00:00,3290.0,3300.0,3255.0,3275.0,1703.0
2017-03-27 09:00:00,3325.0,3330.0,3290.0,3305.0,5444.0
2017-03-27 10:00:00,3300.0,3315.0,3290.0,3300.0,4545.0
2017-03-27 11:00:00,3295.0,3300.0,3285.0,3290.0,3448.0
2017-03-27 12:00:00,3290.0,3295.0,3275.0,3280.0,2223.0
2017-03-27 13:00:00,3275.0,3290.0,3275.0,3280.0,2357.0
2017-03-27 14:00:00,3280.0,3305.0,3280.0,3295.0,4041.0
2017-03-27 15:00:00,3295.0,3295.0,3280.0,3295.0,3628.0
2017-03-28 09:00:00,3275.0,3300.0,3275.0,3295.0,5324.0
2017-03-28 10:00:00,3265.0,3290.0,3265.0,3280.0,3756.0
2017-03-28 11:00:00,3290.0,3300.0,3260.0,3265.0,10000.0
2017-03-28 12:00:00,3265.0,3275.0,3260.0,3275.0,1275.0
2017-03-28 13:00:00,3290.0,3295.0,3250.0,3290.0,13086.0
2017-03-28 14:00:00,3260.0,3265.0,3250.0,3265.0,10905.0
2017-03-28 15:00:00,3305.0,3315.0,3285.0,3295.0,2397.0
2017-03-29 09:00:00,3280.0,3295.0,3270.0,3290.0,618.0
2017-03-29 10:00:00,3285.0,3290.0,3225.0,3260.0,11160.0
2017-03-29 11:00:00,3260.0,3260.0,3200.0,3235.0,33701.0
2017-03-29 12:00:00,3235.0,3235.0,3205.0,3225.0,6514.0
2017-03-29 13:00:00,3210.0,3230.0,3210.0,3210.0,651.0
2017-03-29 14:00:00,3225.0,3250.0,3210.0,3210.0,6617.0
2017-03-29 15:00:00,3210.0,3265.0,3205.0,3250.0,5510.0
2017-03-30 09:00:00,3215.0,3220.0,3215.0,3215.0,501.0
2017-03-30 10:00:00,3205.0,3225.0,3205.0,3215.0,2216.0
2017-03-30 11:00:00,3215.0,3220.0,3215.0,3220.0,756.0
2017-03-30 12:00:00,3220.0,3220.0,3190.0,3220.0,5743.0
2017-03-30 13:00:00,3230.0,3230.0,3220.0,3230.0,651.0
2017-03-30 14:00:00,3245.0,3290.0,3185.0,3235.0,8479.0
2017-03-30 15:00:00,3195.0,3210.0,3190.0,3205.0,2831.0
2017-03-31 09:00:00,3250.0,3290.0,3250.0,3290.0,16813.0
2017-03-31 10:00:00,3245.0,3265.0,3245.0,3250.0,4394.0
2017-03-31 11:00:00,3250.0,3265.0,3240.0,3250.0,7991.0
2017-03-31 12:00:00,3265.0,3265.0,3245.0,3265.0,3902.0
2017-03-31 13:00:00,3235.0,3275.0,3235.0,3270.0,13401.0
2017-03-31 14:00:00,3265.0,3265.0,3240.0,3260.0,2903.0
2017-03-31 15:00:00,3220.0,3240.0,3205.0,3235.0,7661.0
2017-04-03 09:00:00,3260.0,3280.0,3250.0,3280.0,11976.0
2017-04-03 10:00:00,3290.0,3305.0,3265.0,3275.0,15483.0
2017-04-03 11:00:00,3275.0,3280.0,3250.0,3275.0,7855.0
2017-04-03 12:00:00,3275.0,3325.0,3265.0,3290.0,13986.0
2017-04-03 13:00:00,3270.0,3290.0,3250.0,3290.0,4492.0
2017-04-03 14:00:00,3270.0,3280.0,3250.0,3260.0,7665.0
2017-04-03 15:00:00,3275.0,3280.0,3245.0,3260.0,13809.0
2017-04-04 09:00:00,3505.0,3535.0,3415.0,3425.0,323864.0
2017-04-04 10:00:00,3430.0,3475.0,3425.0,3455.0,47333.0
2017-04-04 11:00:00,3745.0,3895.0,3485.0,3505.0,1175469.0
2017-04-04 12:00:00,3300.0,3445.0,3275.0,3415.0,145409.0
2017-04-04 13:00:00,3475.0,3485.0,3380.0,3415.0,145029.0
2017-04-04 14:00:00,3415.0,3685.0,3385.0,3465.0,772059.0
2017-04-04 15:00:00,3415.0,3825.0,3415.0,3745.0,600401.0
2017-04-05 09:00:00,3485.0,3530.0,3435.0,3460.0,153403.0
2017-04-05 10:00:00,3450.0,3525.0,3450.0,3505.0,51118.0
2017-04-05 11:00:00,3505.0,3555.0,3485.0,3545.0,62861.0
2017-04-05 12:00:00,3545.0,3550.0,3505.0,3520.0,40303.0
2017-04-05 13:00:00,3525.0,3545.0,3480.0,3485.0,42236.0
2017-04-05 14:00:00,3490.0,3490.0,3435.0,3475.0,59206.0
2017-04-05 15:00:00,3470.0,3475.0,3450.0,3475.0,21486.0
2017-04-06 09:00:00,3415.0,3425.0,3405.0,3410.0,9498.0
2017-04-06 10:00:00,3415.0,3430.0,3395.0,3415.0,25891.0
2017-04-06 11:00:00,3430.0,3435.0,3415.0,3415.0,20622.0
2017-04-06 12:00:00,3515.0,3515.0,3375.0,3415.0,111912.0
2017-04-06 13:00:00,3435.0,3445.0,3425.0,3430.0,12811.0
2017-04-06 14:00:00,3415.0,3450.0,3415.0,3435.0,11595.0
2017-04-06 15:00:00,3430.0,3440.0,3420.0,3430.0,20384.0
2017-04-07 09:00:00,3395.0,3410.0,3380.0,3400.0,16182.0
2017-04-07 10:00:00,3400.0,3400.0,3380.0,3385.0,14758.0
2017-04-07 11:00:00,3415.0,3415.0,3395.0,3395.0,18774.0
2017-04-07 12:00:00,3435.0,3465.0,3415.0,3465.0,32556.0
2017-04-07 13:00:00,3435.0,3440.0,3415.0,3440.0,8969.0
2017-04-07 14:00:00,3465.0,3480.0,3425.0,3435.0,17664.0
2017-04-07 15:00:00,3445.0,3445.0,3415.0,3420.0,9049.0
2017-04-10 09:00:00,3425.0,3435.0,3305.0,3325.0,56993.0
2017-04-10 10:00:00,3330.0,3350.0,3325.0,3325.0,7113.0
2017-04-10 11:00:00,3345.0,3345.0,3305.0,3305.0,18675.0
2017-04-10 12:00:00,3310.0,3315.0,3295.0,3295.0,22146.0
2017-04-10 13:00:00,3295.0,3300.0,3270.0,3270.0,21817.0
2017-04-10 14:00:00,3270.0,3285.0,3260.0,3275.0,8684.0
2017-04-10 15:00:00,3275.0,3280.0,3260.0,3280.0,8529.0
2017-04-11 09:00:00,3290.0,3300.0,3290.0,3295.0,3506.0
2017-04-11 10:00:00,3255.0,3290.0,3250.0,3290.0,8518.0
2017-04-11 11:00:00,3230.0,3255.0,3215.0,3250.0,7359.0
2017-04-11 12:00:00,3280.0,3325.0,3260.0,3305.0,13275.0
2017-04-11 13:00:00,3280.0,3280.0,3205.0,3210.0,51044.0
2017-04-11 14:00:00,3300.0,3305.0,3280.0,3280.0,7579.0
2017-04-11 15:00:00,3210.0,3240.0,3210.0,3230.0,2787.0
2017-04-12 09:00:00,3275.0,3295.0,3220.0,3230.0,22315.0
2017-04-12 10:00:00,3230.0,3235.0,3215.0,3235.0,20695.0
2017-04-12 11:00:00,3245.0,3245.0,3230.0,3235.0,3483.0
2017-04-12 12:00:00,3230.0,3235.0,3230.0,3230.0,4260.0
2017-04-12 13:00:00,3230.0,3235.0,3215.0,3235.0,8630.0
2017-04-12 14:00:00,3220.0,3240.0,3215.0,3220.0,9910.0
2017-04-12 15:00:00,3220.0,3250.0,3215.0,3250.0,14564.0
2017-04-13 09:00:00,3230.0,3245.0,3225.0,3245.0,11587.0
2017-04-13 10:00:00,3230.0,3240.0,3225.0,3240.0,6682.0
2017-04-13 11:00:00,3235.0,3240.0,3225.0,3230.0,8549.0
2017-04-13 12:00:00,3225.0,3230.0,3220.0,3225.0,3876.0
2017-04-13 13:00:00,3220.0,3235.0,3215.0,3220.0,5502.0
2017-04-13 14:00:00,3265.0,3265.0,3210.0,3220.0,13346.0
2017-04-13 15:00:00,3230.0,3235.0,3225.0,3235.0,2625.0
2017-04-14 09:00:00,3210.0,3240.0,3210.0,3240.0,10119.0
2017-04-14 10:00:00,3240.0,3240.0,3220.0,3230.0,3704.0
2017-04-14 11:00:00,3230.0,3230.0,3200.0,3210.0,26420.0
2017-04-14 12:00:00,3215.0,3235.0,3210.0,3230.0,3440.0
2017-04-14 13:00:00,3230.0,3230.0,3210.0,3215.0,6242.0
2017-04-14 14:00:00,3235.0,3245.0,3230.0,3240.0,3751.0
2017-04-14 15:00:00,3225.0,3240.0,3210.0,3220.0,10506.0
2017-04-17 09:00:00,3285.0,3295.0,3270.0,3295.0,7757.0
2017-04-17 10:00:00,3220.0,3310.0,3220.0,3285.0,11724.0
2017-04-17 11:00:00,3280.0,3280.0,3250.0,3265.0,5577.0
2017-04-17 12:00:00,3265.0,3270.0,3255.0,3260.0,1509.0
2017-04-17 13:00:00,3260.0,3295.0,3260.0,3275.0,3812.0
2017-04-17 14:00:00,3280.0,3285.0,3270.0,3280.0,328.0
2017-04-17 15:00:00,3275.0,3285.0,3270.0,3285.0,3669.0
2017-04-18 09:00:00,3310.0,3390.0,3305.0,3350.0,28396.0
2017-04-18 10:00:00,3365.0,3375.0,3350.0,3375.0,7871.0
2017-04-18 11:00:00,3310.0,3320.0,3295.0,3310.0,5433.0
2017-04-18 12:00:00,3285.0,3315.0,3285.0,3295.0,8785.0
2017-04-18 13:00:00,3300.0,3300.0,3275.0,3295.0,6058.0
2017-04-18 14:00:00,3295.0,3300.0,3280.0,3300.0,1196.0
2017-04-18 15:00:00,3295.0,3310.0,3290.0,3295.0,3657.0
2017-04-19 09:00:00,3375.0,3390.0,3340.0,3360.0,8313.0
2017-04-19 10:00:00,3360.0,3380.0,3360.0,3365.0,2686.0
2017-04-19 11:00:00,3360.0,3360.0,3345.0,3350.0,7067.0
2017-04-19 12:00:00,3350.0,3360.0,3340.0,3350.0,6196.0
2017-04-19 13:00:00,3345.0,3385.0,3335.0,3375.0,6346.0
2017-04-19 14:00:00,3375.0,3390.0,3355.0,3375.0,4053.0
2017-04-19 15:00:00,3375.0,3375.0,3350.0,3375.0,3427.0
2017-04-20 09:00:00,3370.0,3370.0,3350.0,3370.0,5273.0
2017-04-20 10:00:00,3360.0,3375.0,3355.0,3370.0,2753.0
2017-04-20 11:00:00,3355.0,3380.0,3355.0,3380.0,10909.0
2017-04-20 12:00:00,3360.0,3390.0,3360.0,3365.0,1566.0
2017-04-20 13:00:00,3350.0,3370.0,3340.0,3350.0,5362.0
2017-04-20 14:00:00,3365.0,3380.0,3345.0,3350.0,4074.0
2017-04-20 15:00:00,3350.0,3365.0,3340.0,3360.0,3789.0
2017-04-21 09:00:00,3380.0,3385.0,3370.0,3370.0,8108.0
2017-04-21 10:00:00,3365.0,3370.0,3360.0,3370.0,7356.0
2017-04-21 11:00:00,3390.0,3390.0,3375.0,3380.0,2375.0
2017-04-21 12:00:00,3365.0,3450.0,3365.0,3435.0,41251.0
2017-04-21 13:00:00,3395.0,3400.0,3395.0,3395.0,1159.0
2017-04-21 14:00:00,3435.0,3435.0,3380.0,3395.0,13002.0
2017-04-21 15:00:00,3390.0,3390.0,3375.0,3375.0,6030.0
2017-04-24 09:00:00,3390.0,3390.0,3340.0,3370.0,14292.0
2017-04-24 10:00:00,3370.0,3380.0,3345.0,3350.0,9384.0
2017-04-24 11:00:00,3355.0,3360.0,3335.0,3335.0,5092.0
2017-04-24 12:00:00,3340.0,3345.0,3325.0,3325.0,7775.0
2017-04-24 13:00:00,3335.0,3340.0,3330.0,3330.0,1866.0
2017-04-24 14:00:00,3340.0,3340.0,3320.0,3320.0,5670.0
2017-04-24 15:00:00,3330.0,3370.0,3320.0,3370.0,2117.0
2017-04-25 09:00:00,3350.0,3360.0,3335.0,3355.0,11473.0
2017-04-25 10:00:00,3355.0,3365.0,3355.0,3365.0,5148.0
2017-04-25 11:00:00,3350.0,3350.0,3345.0,3350.0,1597.0
2017-04-25 12:00:00,3370.0,3370.0,3355.0,3365.0,3211.0
2017-04-25 13:00:00,3370.0,3370.0,3330.0,3350.0,9669.0
2017-04-25 14:00:00,3365.0,3385.0,3330.0,3330.0,15933.0
2017-04-25 15:00:00,3350.0,3360.0,3345.0,3350.0,1878.0
2017-04-26 09:00:00,3350.0,3365.0,3350.0,3360.0,3026.0
2017-04-26 10:00:00,3360.0,3390.0,3355.0,3360.0,2201.0
2017-04-26 11:00:00,3360.0,3390.0,3360.0,3375.0,5017.0
2017-04-26 12:00:00,3375.0,3380.0,3365.0,3375.0,4441.0
2017-04-26 13:00:00,3375.0,3385.0,3365.0,3385.0,3267.0
2017-04-26 14:00:00,3370.0,3380.0,3370.0,3375.0,3116.0
2017-04-26 15:00:00,3375.0,3380.0,3360.0,3380.0,11811.0
2017-04-27 09:00:00,3380.0,3390.0,3365.0,3390.0,6013.0
2017-04-27 10:00:00,3385.0,3395.0,3370.0,3375.0,11198.0
2017-04-27 11:00:00,3385.0,3395.0,3380.0,3390.0,1386.0
2017-04-27 12:00:00,3370.0,3385.0,3365.0,3385.0,3288.0
2017-04-27 13:00:00,3400.0,3400.0,3385.0,3400.0,1072.0
2017-04-27 14:00:00,3400.0,3415.0,3370.0,3400.0,9033.0
2017-04-27 15:00:00,3390.0,3390.0,3370.0,3370.0,4096.0
2017-04-28 09:00:00,3420.0,3420.0,3350.0,3350.0,13216.0
2017-04-28 10:00:00,3355.0,3400.0,3350.0,3395.0,11139.0
2017-04-28 11:00:00,3390.0,3390.0,3365.0,3365.0,2318.0
2017-04-28 12:00:00,3390.0,3390.0,3365.0,3375.0,1716.0
2017-04-28 13:00:00,3375.0,3375.0,3360.0,3360.0,5522.0
2017-04-28 14:00:00,3355.0,3365.0,3355.0,3355.0,3505.0
2017-04-28 15:00:00,3355.0,3375.0,3350.0,3350.0,8324.0
2017-05-02 09:00:00,3320.0,3325.0,3310.0,3310.0,1940.0
2017-05-02 10:00:00,3310.0,3325.0,3310.0,3320.0,1021.0
2017-05-02 11:00:00,3310.0,3350.0,3305.0,3340.0,4591.0
2017-05-02 12:00:00,3315.0,3325.0,3305.0,3325.0,3033.0
2017-05-02 13:00:00,3330.0,3330.0,3305.0,3325.0,6949.0
2017-05-02 14:00:00,3310.0,3325.0,3310.0,3310.0,961.0
2017-05-02 15:00:00,3350.0,3400.0,3315.0,3330.0,8879.0
2017-05-04 09:00:00,3335.0,3345.0,3325.0,3345.0,4458.0
2017-05-04 10:00:00,3335.0,3335.0,3325.0,3325.0,2875.0
2017-05-04 11:00:00,3335.0,3335.0,3335.0,3335.0,211.0
2017-05-04 12:00:00,3340.0,3340.0,3305.0,3330.0,3821.0
2017-05-04 13:00:00,3340.0,3340.0,3320.0,3325.0,1496.0
2017-05-04 14:00:00,3310.0,3340.0,3305.0,3310.0,3781.0
2017-05-04 15:00:00,3325.0,3340.0,3325.0,3325.0,1759.0
2017-05-08 09:00:00,3370.0,3415.0,3325.0,3360.0,12353.0
2017-05-08 10:00:00,3370.0,3395.0,3360.0,3385.0,3374.0
2017-05-08 11:00:00,3370.0,3375.0,3345.0,3350.0,4967.0
2017-05-08 12:00:00,3345.0,3435.0,3345.0,3430.0,15946.0
2017-05-08 13:00:00,3425.0,3435.0,3395.0,3415.0,15031.0
2017-05-08 14:00:00,3410.0,3420.0,3375.0,3380.0,10108.0
2017-05-08 15:00:00,3380.0,3415.0,3380.0,3415.0,11055.0
2017-05-10 09:00:00,3370.0,3375.0,3365.0,3375.0,3662.0
2017-05-10 10:00:00,3370.0,3370.0,3350.0,3370.0,6344.0
2017-05-10 11:00:00,3390.0,3395.0,3370.0,3370.0,6193.0
2017-05-10 12:00:00,3415.0,3415.0,3355.0,3390.0,7253.0
2017-05-10 13:00:00,3390.0,3400.0,3380.0,3380.0,5172.0
2017-05-10 14:00:00,3365.0,3390.0,3365.0,3390.0,1692.0
2017-05-10 15:00:00,3380.0,3395.0,3380.0,3390.0,518.0
2017-05-11 09:00:00,3365.0,3365.0,3335.0,3340.0,6923.0
2017-05-11 10:00:00,3340.0,3355.0,3335.0,3350.0,3289.0
2017-05-11 11:00:00,3345.0,3370.0,3345.0,3370.0,197.0
2017-05-11 12:00:00,3400.0,3400.0,3355.0,3380.0,9910.0
2017-05-11 13:00:00,3365.0,3380.0,3350.0,3350.0,7750.0
2017-05-11 14:00:00,3380.0,3380.0,3360.0,3365.0,3834.0
2017-05-11 15:00:00,3350.0,3370.0,3345.0,3365.0,3453.0
2017-05-12 09:00:00,3350.0,3350.0,3310.0,3325.0,15715.0
2017-05-12 10:00:00,3315.0,3345.0,3315.0,3345.0,5150.0
2017-05-12 11:00:00,3345.0,3350.0,3315.0,3315.0,6838.0
2017-05-12 12:00:00,3315.0,3315.0,3275.0,3300.0,14877.0
2017-05-12 13:00:00,3300.0,3315.0,3285.0,3285.0,4116.0
2017-05-12 14:00:00,3300.0,3305.0,3280.0,3300.0,8616.0
2017-05-12 15:00:00,3300.0,3325.0,3290.0,3325.0,10540.0
2017-05-15 09:00:00,3285.0,3300.0,3280.0,3285.0,4062.0
2017-05-15 10:00:00,3285.0,3285.0,3255.0,3255.0,19418.0
2017-05-15 11:00:00,3290.0,3290.0,3285.0,3285.0,3018.0
2017-05-15 12:00:00,3300.0,3305.0,3255.0,3260.0,11796.0
2017-05-15 13:00:00,3285.0,3315.0,3275.0,3285.0,7796.0
2017-05-15 14:00:00,3280.0,3340.0,3280.0,3315.0,3601.0
2017-05-15 15:00:00,3285.0,3300.0,3280.0,3290.0,1438.0
2017-05-16 09:00:00,3290.0,3290.0,3205.0,3225.0,47276.0
2017-05-16 10:00:00,3225.0,3225.0,3175.0,3195.0,37962.0
2017-05-16 11:00:00,3185.0,3195.0,3185.0,3195.0,8720.0
2017-05-16 12:00:00,3195.0,3195.0,3155.0,3165.0,17762.0
2017-05-16 13:00:00,3165.0,3200.0,3165.0,3200.0,18885.0
2017-05-16 14:00:00,3195.0,3205.0,3175.0,3175.0,17687.0
2017-05-16 15:00:00,3185.0,3195.0,3170.0,3195.0,7313.0
2017-05-17 09:00:00,3340.0,3340.0,3300.0,3335.0,17022.0
2017-05-17 10:00:00,3315.0,3365.0,3310.0,3340.0,41790.0
2017-05-17 11:00:00,3335.0,3505.0,3305.0,3345.0,445089.0
2017-05-17 12:00:00,3310.0,3330.0,3270.0,3330.0,48643.0
2017-05-17 13:00:00,3185.0,3195.0,3175.0,3175.0,6689.0
2017-05-17 14:00:00,3195.0,3195.0,3165.0,3180.0,8447.0
2017-05-17 15:00:00,3175.0,3365.0,3165.0,3300.0,234136.0
2017-05-18 09:00:00,3295.0,3295.0,3235.0,3245.0,39576.0
2017-05-18 10:00:00,3245.0,3245.0,3225.0,3235.0,12611.0
2017-05-18 11:00:00,3235.0,3245.0,3225.0,3245.0,12571.0
2017-05-18 12:00:00,3250.0,3255.0,3230.0,3245.0,17099.0
2017-05-18 13:00:00,3250.0,3250.0,3230.0,3240.0,25617.0
2017-05-18 14:00:00,3240.0,3250.0,3230.0,3230.0,29516.0
2017-05-18 15:00:00,3230.0,3240.0,3225.0,3240.0,4917.0
2017-05-19 09:00:00,3300.0,3310.0,3275.0,3300.0,10322.0
2017-05-19 10:00:00,3300.0,3305.0,3285.0,3300.0,3368.0
2017-05-19 11:00:00,3280.0,3300.0,3270.0,3300.0,9780.0
2017-05-19 12:00:00,3305.0,3310.0,3280.0,3305.0,9433.0
2017-05-19 13:00:00,3305.0,3335.0,3285.0,3285.0,23858.0
2017-05-19 14:00:00,3305.0,3305.0,3285.0,3305.0,3530.0
2017-05-19 15:00:00,3285.0,3315.0,3280.0,3305.0,6289.0
2017-05-22 09:00:00,3355.0,3365.0,3295.0,3320.0,10838.0
2017-05-22 10:00:00,3320.0,3320.0,3295.0,3295.0,9156.0
2017-05-22 11:00:00,3295.0,3300.0,3290.0,3300.0,2556.0
2017-05-22 12:00:00,3300.0,3305.0,3295.0,3300.0,2371.0
2017-05-22 13:00:00,3295.0,3320.0,3290.0,3320.0,10873.0
2017-05-22 14:00:00,3320.0,3325.0,3280.0,3300.0,16080.0
2017-05-22 15:00:00,3310.0,3315.0,3300.0,3315.0,1686.0
2017-05-23 09:00:00,3390.0,3395.0,3380.0,3380.0,4714.0
2017-05-23 10:00:00,3400.0,3400.0,3380.0,3390.0,4468.0
2017-05-23 11:00:00,3375.0,3400.0,3370.0,3400.0,12807.0
2017-05-23 12:00:00,3390.0,3410.0,3385.0,3385.0,10854.0
2017-05-23 13:00:00,3345.0,3425.0,3345.0,3390.0,42511.0
2017-05-23 14:00:00,3385.0,3400.0,3380.0,3400.0,6727.0
2017-05-23 15:00:00,3315.0,3340.0,3310.0,3340.0,4581.0
2017-05-24 09:00:00,3365.0,3375.0,3360.0,3360.0,2506.0
2017-05-24 10:00:00,3365.0,3370.0,3365.0,3365.0,200.0
2017-05-24 11:00:00,3360.0,3385.0,3355.0,3385.0,3531.0
2017-05-24 12:00:00,3380.0,3390.0,3355.0,3375.0,1836.0
2017-05-24 13:00:00,3425.0,3425.0,3365.0,3365.0,9081.0
2017-05-24 14:00:00,3380.0,3380.0,3370.0,3370.0,439.0
2017-05-24 15:00:00,3365.0,3385.0,3360.0,3385.0,2904.0
2017-05-25 09:00:00,3375.0,3375.0,3345.0,3345.0,11580.0
2017-05-25 10:00:00,3345.0,3350.0,3335.0,3345.0,6186.0
2017-05-25 11:00:00,3340.0,3345.0,3325.0,3335.0,2921.0
2017-05-25 12:00:00,3330.0,3350.0,3325.0,3325.0,3779.0
2017-05-25 13:00:00,3325.0,3340.0,3310.0,3340.0,13194.0
2017-05-25 14:00:00,3325.0,3340.0,3320.0,3325.0,2421.0
2017-05-25 15:00:00,3325.0,3335.0,3315.0,3315.0,7656.0
2017-05-26 09:00:00,3315.0,3330.0,3310.0,3315.0,4186.0
2017-05-26 10:00:00,3330.0,3360.0,3330.0,3360.0,4873.0
2017-05-26 11:00:00,3350.0,3350.0,3315.0,3335.0,4634.0
2017-05-26 12:00:00,3350.0,3360.0,3335.0,3350.0,2344.0
2017-05-26 13:00:00,3315.0,3350.0,3300.0,3350.0,12480.0
2017-05-26 14:00:00,3340.0,3340.0,3315.0,3335.0,5019.0
2017-05-29 09:00:00,3360.0,3475.0,3355.0,3465.0,47767.0
2017-05-29 10:00:00,3465.0,3500.0,3430.0,3440.0,59516.0
2017-05-29 11:00:00,3445.0,3675.0,3445.0,3535.0,272358.0
2017-05-29 12:00:00,3530.0,3575.0,3505.0,3540.0,59730.0
2017-05-29 13:00:00,3540.0,3580.0,3525.0,3575.0,78311.0
2017-05-29 14:00:00,3570.0,3640.0,3555.0,3640.0,131377.0
2017-05-29 15:00:00,3635.0,3725.0,3585.0,3635.0,172337.0
2017-05-30 09:00:00,3755.0,3755.0,3735.0,3750.0,27279.0
2017-05-30 10:00:00,3730.0,3765.0,3715.0,3755.0,54543.0
2017-05-30 11:00:00,3740.0,3745.0,3705.0,3730.0,32912.0
2017-05-30 12:00:00,3630.0,3660.0,3565.0,3620.0,97284.0
2017-05-30 13:00:00,3685.0,3700.0,3650.0,3660.0,51311.0
2017-05-30 14:00:00,3625.0,3720.0,3625.0,3690.0,187622.0
2017-05-30 15:00:00,3665.0,3750.0,3665.0,3745.0,94486.0
2017-05-31 09:00:00,3845.0,3890.0,3830.0,3860.0,50966.0
2017-05-31 10:00:00,3870.0,3870.0,3810.0,3810.0,28421.0
2017-05-31 11:00:00,3755.0,3865.0,3750.0,3840.0,97112.0
2017-05-31 12:00:00,3750.0,3775.0,3705.0,3710.0,82016.0
2017-05-31 13:00:00,3755.0,3775.0,3720.0,3740.0,22794.0
2017-05-31 14:00:00,3715.0,3760.0,3680.0,3755.0,44557.0
2017-05-31 15:00:00,3755.0,3775.0,3745.0,3760.0,13948.0
2017-06-01 09:00:00,3810.0,3865.0,3790.0,3795.0,41603.0
2017-06-01 10:00:00,3815.0,3815.0,3760.0,3810.0,26649.0
2017-06-01 11:00:00,3810.0,3815.0,3770.0,3800.0,23852.0
2017-06-01 12:00:00,3795.0,3800.0,3775.0,3780.0,3118.0
2017-06-01 13:00:00,3780.0,3780.0,3735.0,3745.0,28695.0
2017-06-01 14:00:00,3745.0,3775.0,3735.0,3750.0,12920.0
2017-06-01 15:00:00,3755.0,3775.0,3730.0,3775.0,16249.0
2017-06-02 09:00:00,3790.0,3800.0,3785.0,3800.0,8762.0
2017-06-02 10:00:00,3770.0,3805.0,3770.0,3790.0,21964.0
2017-06-02 11:00:00,3785.0,3785.0,3740.0,3770.0,11719.0
2017-06-02 12:00:00,3735.0,3875.0,3730.0,3850.0,42028.0
2017-06-02 13:00:00,3800.0,3810.0,3775.0,3795.0,8283.0
2017-06-02 14:00:00,3840.0,3850.0,3775.0,3800.0,10026.0
2017-06-02 15:00:00,3795.0,3800.0,3745.0,3785.0,15208.0
2017-06-05 09:00:00,3800.0,3800.0,3760.0,3790.0,11420.0
2017-06-05 10:00:00,3790.0,3800.0,3770.0,3785.0,2576.0
2017-06-05 11:00:00,3785.0,3790.0,3760.0,3785.0,9728.0
2017-06-05 12:00:00,3785.0,3790.0,3760.0,3790.0,5371.0
2017-06-05 13:00:00,3790.0,3795.0,3765.0,3790.0,2989.0
2017-06-05 14:00:00,3790.0,3800.0,3760.0,3800.0,10069.0
2017-06-05 15:00:00,3795.0,3800.0,3760.0,3785.0,7414.0
2017-06-07 09:00:00,3990.0,4005.0,3965.0,4005.0,47414.0
2017-06-07 10:00:00,3950.0,3995.0,3945.0,3990.0,54699.0
2017-06-07 11:00:00,3935.0,3950.0,3920.0,3950.0,15981.0
2017-06-07 12:00:00,3950.0,3970.0,3915.0,3935.0,17730.0
2017-06-07 13:00:00,3885.0,4020.0,3880.0,3935.0,189448.0
2017-06-07 14:00:00,3790.0,3885.0,3790.0,3885.0,31093.0
2017-06-07 15:00:00,3810.0,3810.0,3735.0,3785.0,11981.0
2017-06-08 09:00:00,4020.0,4020.0,3940.0,3955.0,49104.0
2017-06-08 10:00:00,3955.0,4065.0,3930.0,4040.0,73242.0
2017-06-08 11:00:00,4040.0,4040.0,3975.0,3995.0,29072.0
2017-06-08 12:00:00,3995.0,4020.0,3995.0,4010.0,14975.0
2017-06-08 13:00:00,4010.0,4035.0,4005.0,4010.0,17723.0
2017-06-08 14:00:00,4005.0,4020.0,3955.0,3970.0,34679.0
2017-06-08 15:00:00,3975.0,4000.0,3935.0,3975.0,29961.0
2017-06-09 09:00:00,3915.0,3915.0,3885.0,3900.0,28771.0
2017-06-09 10:00:00,3905.0,3920.0,3895.0,3915.0,13274.0
2017-06-09 11:00:00,3900.0,3910.0,3880.0,3880.0,26011.0
2017-06-09 12:00:00,3900.0,3935.0,3880.0,3935.0,10633.0
2017-06-09 13:00:00,3895.0,3925.0,3875.0,3900.0,24369.0
2017-06-09 14:00:00,3975.0,3990.0,3890.0,3895.0,46531.0
2017-06-09 15:00:00,3935.0,3935.0,3885.0,3905.0,15253.0
2017-06-12 09:00:00,3880.0,3920.0,3840.0,3840.0,21503.0
2017-06-12 10:00:00,3840.0,3965.0,3835.0,3935.0,18874.0
2017-06-12 11:00:00,3935.0,3950.0,3920.0,3950.0,9994.0
2017-06-12 12:00:00,3930.0,4015.0,3930.0,3995.0,30225.0
2017-06-12 13:00:00,3990.0,3990.0,3940.0,3940.0,24720.0
2017-06-12 14:00:00,3940.0,3980.0,3930.0,3965.0,15479.0
2017-06-12 15:00:00,3975.0,3985.0,3965.0,3980.0,12553.0
2017-06-13 09:00:00,4085.0,4085.0,4060.0,4070.0,15074.0
2017-06-13 10:00:00,4090.0,4095.0,4065.0,4085.0,17842.0
2017-06-13 11:00:00,4070.0,4070.0,4020.0,4050.0,25901.0
2017-06-13 12:00:00,4080.0,4085.0,4065.0,4085.0,9871.0
2017-06-13 13:00:00,4080.0,4100.0,4065.0,4080.0,34514.0
2017-06-13 14:00:00,3985.0,4105.0,3950.0,4085.0,105784.0
2017-06-13 15:00:00,4085.0,4100.0,4085.0,4095.0,10336.0
2017-06-14 09:00:00,3990.0,4010.0,3970.0,3970.0,16051.0
2017-06-14 10:00:00,3995.0,4000.0,3980.0,3980.0,35983.0
2017-06-14 11:00:00,3985.0,3985.0,3940.0,3960.0,17925.0
2017-06-14 12:00:00,4045.0,4045.0,3990.0,3990.0,23275.0
2017-06-14 13:00:00,4040.0,4080.0,4015.0,4045.0,4698.0
2017-06-14 14:00:00,4030.0,4045.0,4005.0,4035.0,12111.0
2017-06-14 15:00:00,3995.0,4015.0,3995.0,4000.0,13215.0
2017-06-15 09:00:00,3940.0,3995.0,3920.0,3930.0,12936.0
2017-06-15 10:00:00,3930.0,3930.0,3840.0,3870.0,40828.0
2017-06-15 11:00:00,3870.0,3870.0,3820.0,3840.0,34395.0
2017-06-15 12:00:00,3845.0,3865.0,3815.0,3860.0,10817.0
2017-06-15 13:00:00,3860.0,3885.0,3855.0,3875.0,10373.0
2017-06-15 14:00:00,3880.0,3890.0,3865.0,3865.0,8390.0
2017-06-15 15:00:00,3885.0,3890.0,3865.0,3890.0,5889.0
2017-06-16 09:00:00,3835.0,3840.0,3810.0,3830.0,20567.0
2017-06-16 10:00:00,3890.0,3890.0,3810.0,3835.0,21026.0
2017-06-16 11:00:00,3845.0,3850.0,3810.0,3820.0,7333.0
2017-06-16 12:00:00,3835.0,3850.0,3810.0,3845.0,12899.0
2017-06-16 13:00:00,3840.0,3910.0,3840.0,3890.0,14852.0
2017-06-16 14:00:00,3830.0,3850.0,3815.0,3840.0,6533.0
2017-06-16 15:00:00,3915.0,3915.0,3830.0,3835.0,10661.0
2017-06-19 09:00:00,4080.0,4080.0,4060.0,4075.0,14009.0
2017-06-19 10:00:00,4080.0,4180.0,4060.0,4080.0,97394.0
2017-06-19 11:00:00,4055.0,4080.0,4025.0,4080.0,53328.0
2017-06-19 12:00:00,3820.0,3890.0,3795.0,3885.0,25828.0
2017-06-19 13:00:00,3955.0,3990.0,3940.0,3955.0,27246.0
2017-06-19 14:00:00,3850.0,3950.0,3850.0,3950.0,20857.0
2017-06-19 15:00:00,3965.0,4060.0,3960.0,4055.0,96811.0
2017-06-20 09:00:00,4100.0,4100.0,4005.0,4025.0,49418.0
2017-06-20 10:00:00,4010.0,4035.0,4000.0,4015.0,27548.0
2017-06-20 11:00:00,4025.0,4035.0,4000.0,4005.0,11392.0
2017-06-20 12:00:00,4005.0,4030.0,4000.0,4020.0,3919.0
2017-06-20 13:00:00,4010.0,4035.0,4010.0,4035.0,9438.0
2017-06-20 14:00:00,4030.0,4065.0,4025.0,4050.0,22788.0
2017-06-20 15:00:00,4045.0,4065.0,4045.0,4055.0,14721.0
2017-06-21 09:00:00,3970.0,3990.0,3960.0,3960.0,5332.0
2017-06-21 10:00:00,4030.0,4045.0,3960.0,3960.0,18508.0
2017-06-21 11:00:00,4055.0,4060.0,4025.0,4030.0,6078.0
2017-06-21 12:00:00,4000.0,4040.0,4000.0,4025.0,5331.0
2017-06-21 13:00:00,4015.0,4060.0,3950.0,3985.0,36092.0
2017-06-21 14:00:00,4005.0,4065.0,4000.0,4060.0,5182.0
2017-06-21 15:00:00,3990.0,4015.0,3980.0,4005.0,1631.0
2017-06-22 09:00:00,3960.0,3960.0,3895.0,3950.0,11458.0
2017-06-22 10:00:00,3945.0,4000.0,3915.0,3925.0,10552.0
2017-06-22 11:00:00,3955.0,3995.0,3925.0,3925.0,2632.0
2017-06-22 12:00:00,3925.0,3965.0,3925.0,3930.0,1593.0
2017-06-22 13:00:00,3935.0,3950.0,3930.0,3935.0,2013.0
2017-06-22 14:00:00,3945.0,4000.0,3935.0,3960.0,13179.0
2017-06-22 15:00:00,3980.0,4095.0,3960.0,4085.0,20793.0
2017-06-23 09:00:00,3995.0,4015.0,3960.0,3960.0,11972.0
2017-06-23 10:00:00,3955.0,4005.0,3955.0,4005.0,18379.0
2017-06-23 11:00:00,3960.0,3990.0,3925.0,3955.0,21390.0
2017-06-23 12:00:00,4000.0,4015.0,3955.0,3995.0,21755.0
2017-06-23 13:00:00,4030.0,4065.0,4005.0,4010.0,13193.0
2017-06-23 14:00:00,4010.0,4030.0,4000.0,4000.0,9734.0
2017-06-23 15:00:00,4075.0,4100.0,4000.0,4025.0,28383.0
2017-06-26 09:00:00,3970.0,4000.0,3940.0,3985.0,8982.0
2017-06-26 10:00:00,3985.0,3995.0,3960.0,3960.0,5086.0
2017-06-26 11:00:00,3960.0,4000.0,3955.0,3990.0,7041.0
2017-06-26 12:00:00,3995.0,4000.0,3975.0,3990.0,2332.0
2017-06-26 13:00:00,3990.0,3990.0,3970.0,3975.0,2048.0
2017-06-26 14:00:00,3975.0,3990.0,3955.0,3985.0,4526.0
2017-06-26 15:00:00,3975.0,3975.0,3945.0,3945.0,10338.0
2017-06-27 09:00:00,3915.0,3940.0,3895.0,3920.0,18693.0
2017-06-27 10:00:00,3945.0,3945.0,3905.0,3915.0,8516.0
2017-06-27 11:00:00,3920.0,3940.0,3885.0,3940.0,11915.0
2017-06-27 12:00:00,3940.0,3975.0,3930.0,3955.0,7512.0
2017-06-27 13:00:00,3985.0,3990.0,3905.0,3935.0,15996.0
2017-06-27 14:00:00,4025.0,4055.0,3975.0,3985.0,23212.0
2017-06-27 15:00:00,3955.0,3965.0,3925.0,3950.0,2891.0
2017-06-28 09:00:00,3840.0,3870.0,3810.0,3870.0,22072.0
2017-06-28 10:00:00,3900.0,3905.0,3845.0,3865.0,10850.0
2017-06-28 11:00:00,3850.0,3885.0,3845.0,3845.0,9091.0
2017-06-28 12:00:00,3840.0,3880.0,3830.0,3880.0,5551.0
2017-06-28 13:00:00,3875.0,3880.0,3830.0,3845.0,12966.0
2017-06-28 14:00:00,3875.0,3915.0,3875.0,3900.0,3040.0
2017-06-28 15:00:00,3935.0,3935.0,3850.0,3880.0,9317.0
2017-06-29 09:00:00,3810.0,3820.0,3770.0,3775.0,4225.0
2017-06-29 10:00:00,3860.0,3900.0,3850.0,3850.0,7060.0
2017-06-29 11:00:00,3850.0,3865.0,3800.0,3860.0,18803.0
2017-06-29 12:00:00,3860.0,3860.0,3800.0,3820.0,10289.0
2017-06-29 13:00:00,3820.0,3845.0,3785.0,3800.0,9434.0
2017-06-29 14:00:00,3800.0,3820.0,3775.0,3800.0,8732.0
2017-06-29 15:00:00,3800.0,3810.0,3740.0,3805.0,27087.0
2017-06-30 09:00:00,3845.0,3865.0,3830.0,3855.0,4358.0
2017-06-30 10:00:00,3865.0,3865.0,3845.0,3850.0,3766.0
2017-06-30 11:00:00,3855.0,3855.0,3835.0,3850.0,2223.0
2017-06-30 12:00:00,3840.0,3860.0,3820.0,3835.0,3542.0
2017-06-30 13:00:00,3830.0,3840.0,3795.0,3840.0,3741.0
2017-06-30 14:00:00,3815.0,3895.0,3790.0,3835.0,14173.0
2017-06-30 15:00:00,3840.0,3875.0,3840.0,3865.0,7595.0
2017-07-03 09:00:00,3850.0,3885.0,3800.0,3850.0,3669.0
2017-07-03 10:00:00,3815.0,3850.0,3810.0,3845.0,2075.0
2017-07-03 11:00:00,3845.0,3845.0,3825.0,3825.0,2042.0
2017-07-03 12:00:00,3820.0,3870.0,3810.0,3865.0,4379.0
2017-07-03 13:00:00,3865.0,3875.0,3830.0,3855.0,2710.0
2017-07-03 14:00:00,3860.0,3870.0,3835.0,3870.0,3284.0
2017-07-03 15:00:00,3870.0,3870.0,3825.0,3865.0,9424.0
2017-07-04 09:00:00,3765.0,3825.0,3765.0,3820.0,6759.0
2017-07-04 10:00:00,3760.0,3815.0,3755.0,3760.0,9301.0
2017-07-04 11:00:00,3825.0,3825.0,3755.0,3755.0,18481.0
2017-07-04 12:00:00,3830.0,3845.0,3795.0,3830.0,1010.0
2017-07-04 13:00:00,3825.0,3830.0,3770.0,3830.0,25220.0
2017-07-04 14:00:00,3830.0,3850.0,3775.0,3845.0,8816.0
2017-07-04 15:00:00,3865.0,3870.0,3825.0,3825.0,11511.0
2017-07-05 09:00:00,3825.0,3850.0,3775.0,3800.0,8077.0
2017-07-05 10:00:00,3800.0,3825.0,3775.0,3780.0,9154.0
2017-07-05 11:00:00,3800.0,3825.0,3785.0,3800.0,1952.0
2017-07-05 12:00:00,3800.0,3820.0,3755.0,3815.0,14068.0
2017-07-05 13:00:00,3795.0,3820.0,3785.0,3790.0,4034.0
2017-07-05 14:00:00,3790.0,3850.0,3790.0,3825.0,11187.0
2017-07-05 15:00:00,3815.0,3820.0,3775.0,3820.0,9900.0
2017-07-06 09:00:00,3795.0,3805.0,3750.0,3790.0,10428.0
2017-07-06 10:00:00,3795.0,3805.0,3780.0,3805.0,11086.0
2017-07-06 11:00:00,3785.0,3795.0,3755.0,3780.0,5408.0
2017-07-06 12:00:00,3745.0,3775.0,3715.0,3760.0,24824.0
2017-07-06 13:00:00,3775.0,3800.0,3745.0,3750.0,28225.0
2017-07-06 14:00:00,3800.0,3800.0,3765.0,3770.0,5914.0
2017-07-06 15:00:00,3770.0,3800.0,3770.0,3780.0,4226.0
2017-07-07 09:00:00,3805.0,3805.0,3775.0,3800.0,3381.0
2017-07-07 10:00:00,3795.0,3800.0,3790.0,3795.0,1670.0
2017-07-07 11:00:00,3795.0,3800.0,3780.0,3790.0,1200.0
2017-07-07 12:00:00,3790.0,3790.0,3750.0,3785.0,8954.0
2017-07-07 13:00:00,3785.0,3785.0,3740.0,3770.0,2285.0
2017-07-07 14:00:00,3775.0,3780.0,3735.0,3770.0,2215.0
2017-07-07 15:00:00,3770.0,3790.0,3755.0,3790.0,2681.0
2017-07-10 09:00:00,3735.0,3765.0,3730.0,3765.0,4577.0
2017-07-10 10:00:00,3760.0,3760.0,3740.0,3760.0,1705.0
2017-07-10 11:00:00,3765.0,3775.0,3735.0,3735.0,10975.0
2017-07-10 12:00:00,3750.0,3765.0,3720.0,3755.0,5543.0
2017-07-10 13:00:00,3755.0,3775.0,3745.0,3750.0,8319.0
2017-07-10 14:00:00,3790.0,3805.0,3750.0,3755.0,2525.0
2017-07-10 15:00:00,3755.0,3775.0,3755.0,3760.0,219.0
2017-07-11 09:00:00,3700.0,3715.0,3695.0,3715.0,6423.0
2017-07-11 10:00:00,3700.0,3715.0,3695.0,3700.0,5613.0
2017-07-11 11:00:00,3710.0,3735.0,3700.0,3735.0,2496.0
2017-07-11 12:00:00,3750.0,3770.0,3700.0,3710.0,9372.0
2017-07-11 13:00:00,3740.0,3775.0,3715.0,3775.0,7014.0
2017-07-11 14:00:00,3740.0,3785.0,3740.0,3740.0,1837.0
2017-07-11 15:00:00,3710.0,3725.0,3700.0,3700.0,6373.0
2017-07-12 09:00:00,3735.0,3815.0,3705.0,3755.0,3634.0
2017-07-12 10:00:00,3755.0,3780.0,3705.0,3705.0,6473.0
2017-07-12 11:00:00,3725.0,3745.0,3725.0,3730.0,2229.0
2017-07-12 12:00:00,3730.0,3755.0,3715.0,3715.0,2938.0
2017-07-12 13:00:00,3715.0,3735.0,3700.0,3715.0,7885.0
2017-07-12 14:00:00,3700.0,3730.0,3685.0,3690.0,5396.0
2017-07-12 15:00:00,3690.0,3715.0,3670.0,3715.0,10396.0
2017-07-13 09:00:00,3650.0,3650.0,3590.0,3605.0,19245.0
2017-07-13 10:00:00,3620.0,3650.0,3610.0,3650.0,5554.0
2017-07-13 11:00:00,3605.0,3645.0,3605.0,3645.0,4428.0
2017-07-13 12:00:00,3675.0,3675.0,3635.0,3640.0,14274.0
2017-07-13 13:00:00,3745.0,3745.0,3685.0,3690.0,5157.0
2017-07-13 14:00:00,3640.0,3650.0,3615.0,3620.0,10227.0
2017-07-13 15:00:00,3690.0,3710.0,3670.0,3680.0,8447.0
2017-07-14 09:00:00,3585.0,3625.0,3535.0,3545.0,22807.0
2017-07-14 10:00:00,3550.0,3600.0,3540.0,3570.0,9833.0
2017-07-14 11:00:00,3570.0,3595.0,3525.0,3525.0,14641.0
2017-07-14 12:00:00,3530.0,3565.0,3515.0,3515.0,7844.0
2017-07-14 13:00:00,3520.0,3540.0,3495.0,3500.0,16453.0
2017-07-14 14:00:00,3500.0,3515.0,3460.0,3475.0,18332.0
2017-07-14 15:00:00,3475.0,3495.0,3460.0,3480.0,30035.0
2017-07-17 09:00:00,3485.0,3490.0,3460.0,3460.0,6955.0
2017-07-17 10:00:00,3480.0,3485.0,3460.0,3485.0,2491.0
2017-07-17 11:00:00,3475.0,3490.0,3475.0,3485.0,1189.0
2017-07-17 12:00:00,3510.0,3540.0,3500.0,3530.0,11062.0
2017-07-17 13:00:00,3535.0,3535.0,3465.0,3495.0,18059.0
2017-07-17 14:00:00,3480.0,3510.0,3445.0,3510.0,11552.0
2017-07-17 15:00:00,3485.0,3495.0,3440.0,3475.0,18627.0
2017-07-18 09:00:00,3465.0,3470.0,3435.0,3460.0,3240.0
2017-07-18 10:00:00,3460.0,3465.0,3455.0,3465.0,3491.0
2017-07-18 11:00:00,3450.0,3475.0,3425.0,3465.0,4607.0
2017-07-18 12:00:00,3465.0,3475.0,3445.0,3475.0,6512.0
2017-07-18 13:00:00,3475.0,3495.0,3475.0,3480.0,4255.0
2017-07-18 14:00:00,3480.0,3485.0,3450.0,3450.0,9076.0
2017-07-18 15:00:00,3460.0,3490.0,3450.0,3465.0,9649.0
2017-07-19 09:00:00,3465.0,3495.0,3450.0,3475.0,6872.0
2017-07-19 10:00:00,3475.0,3500.0,3450.0,3500.0,5053.0
2017-07-19 11:00:00,3495.0,3510.0,3470.0,3505.0,6895.0
2017-07-19 12:00:00,3505.0,3515.0,3500.0,3510.0,3819.0
2017-07-19 13:00:00,3510.0,3510.0,3470.0,3490.0,4988.0
2017-07-19 14:00:00,3490.0,3490.0,3425.0,3490.0,42776.0
2017-07-19 15:00:00,3490.0,3500.0,3445.0,3500.0,11534.0
2017-07-20 09:00:00,3505.0,3565.0,3505.0,3535.0,13679.0
2017-07-20 10:00:00,3560.0,3600.0,3560.0,3595.0,6738.0
2017-07-20 11:00:00,3535.0,3560.0,3525.0,3560.0,13934.0
2017-07-20 12:00:00,3495.0,3505.0,3495.0,3505.0,7533.0
2017-07-20 13:00:00,3500.0,3500.0,3465.0,3495.0,2652.0
2017-07-20 14:00:00,3500.0,3520.0,3475.0,3500.0,10297.0
2017-07-20 15:00:00,3495.0,3500.0,3465.0,3495.0,3783.0
2017-07-21 09:00:00,3605.0,3605.0,3575.0,3605.0,2268.0
2017-07-21 10:00:00,3610.0,3610.0,3575.0,3590.0,4586.0
2017-07-21 11:00:00,3585.0,3610.0,3570.0,3605.0,6094.0
2017-07-21 12:00:00,3605.0,3605.0,3590.0,3595.0,2548.0
2017-07-21 13:00:00,3595.0,3595.0,3550.0,3575.0,4281.0
2017-07-21 14:00:00,3575.0,3700.0,3565.0,3610.0,135359.0
2017-07-21 15:00:00,3615.0,3630.0,3600.0,3630.0,14927.0
2017-07-24 09:00:00,3705.0,3705.0,3630.0,3630.0,45937.0
2017-07-24 10:00:00,3720.0,3735.0,3675.0,3710.0,31464.0
2017-07-24 11:00:00,3775.0,3775.0,3700.0,3715.0,31109.0
2017-07-24 12:00:00,3670.0,3950.0,3650.0,3815.0,566729.0
2017-07-24 13:00:00,3725.0,3775.0,3710.0,3750.0,21072.0
2017-07-24 14:00:00,3825.0,3840.0,3705.0,3705.0,95154.0
2017-07-24 15:00:00,3760.0,3790.0,3745.0,3780.0,14932.0
2017-07-25 09:00:00,3595.0,3605.0,3565.0,3570.0,14837.0
2017-07-25 10:00:00,3580.0,3585.0,3540.0,3550.0,25275.0
2017-07-25 11:00:00,3605.0,3605.0,3580.0,3590.0,4058.0
2017-07-25 12:00:00,3650.0,3700.0,3585.0,3620.0,35664.0
2017-07-25 13:00:00,3610.0,3610.0,3580.0,3605.0,13880.0
2017-07-25 14:00:00,3620.0,3620.0,3575.0,3605.0,18236.0
2017-07-25 15:00:00,3600.0,3605.0,3600.0,3605.0,4109.0
2017-07-26 09:00:00,3550.0,3590.0,3515.0,3520.0,13265.0
2017-07-26 10:00:00,3520.0,3550.0,3520.0,3550.0,6950.0
2017-07-26 11:00:00,3540.0,3545.0,3515.0,3515.0,8700.0
2017-07-26 12:00:00,3515.0,3535.0,3500.0,3505.0,16845.0
2017-07-26 13:00:00,3505.0,3520.0,3490.0,3505.0,13530.0
2017-07-26 14:00:00,3520.0,3520.0,3485.0,3520.0,9935.0
2017-07-26 15:00:00,3520.0,3520.0,3485.0,3520.0,14489.0
2017-07-27 09:00:00,3520.0,3525.0,3500.0,3525.0,3716.0
2017-07-27 10:00:00,3535.0,3540.0,3510.0,3510.0,2375.0
2017-07-27 11:00:00,3510.0,3535.0,3485.0,3520.0,11953.0
2017-07-27 12:00:00,3510.0,3530.0,3500.0,3530.0,1394.0
2017-07-27 13:00:00,3500.0,3560.0,3500.0,3555.0,9408.0
2017-07-27 14:00:00,3500.0,3555.0,3500.0,3540.0,4093.0
2017-07-27 15:00:00,3550.0,3550.0,3495.0,3525.0,7347.0
2017-07-28 09:00:00,3500.0,3565.0,3470.0,3490.0,10741.0
2017-07-28 10:00:00,3475.0,3490.0,3445.0,3455.0,15736.0
2017-07-28 11:00:00,3480.0,3480.0,3450.0,3475.0,3428.0
2017-07-28 12:00:00,3470.0,3480.0,3445.0,3445.0,5788.0
2017-07-28 13:00:00,3445.0,3475.0,3440.0,3470.0,4602.0
2017-07-28 14:00:00,3470.0,3485.0,3440.0,3480.0,6153.0
2017-07-28 15:00:00,3470.0,3480.0,3440.0,3480.0,6013.0
2017-07-31 09:00:00,3420.0,3420.0,3395.0,3395.0,6751.0
2017-07-31 10:00:00,3400.0,3420.0,3395.0,3420.0,6807.0
2017-07-31 11:00:00,3420.0,3425.0,3395.0,3415.0,14810.0
2017-07-31 12:00:00,3425.0,3450.0,3390.0,3430.0,15694.0
2017-07-31 13:00:00,3430.0,3430.0,3400.0,3430.0,8515.0
2017-07-31 14:00:00,3480.0,3480.0,3405.0,3450.0,5432.0
2017-07-31 15:00:00,3425.0,3425.0,3405.0,3410.0,709.0
2017-08-01 09:00:00,3390.0,3405.0,3385.0,3405.0,10820.0
2017-08-01 10:00:00,3405.0,3455.0,3390.0,3450.0,15359.0
2017-08-01 11:00:00,3430.0,3430.0,3390.0,3395.0,18759.0
2017-08-01 12:00:00,3420.0,3425.0,3380.0,3385.0,12124.0
2017-08-01 13:00:00,3385.0,3455.0,3385.0,3420.0,14543.0
2017-08-01 14:00:00,3415.0,3455.0,3395.0,3435.0,10893.0
2017-08-01 15:00:00,3395.0,3460.0,3395.0,3425.0,4369.0
2017-08-02 09:00:00,3450.0,3470.0,3405.0,3435.0,1683.0
2017-08-02 10:00:00,3410.0,3440.0,3405.0,3415.0,1199.0
2017-08-02 11:00:00,3415.0,3415.0,3395.0,3400.0,5955.0
2017-08-02 12:00:00,3400.0,3400.0,3395.0,3400.0,2364.0
2017-08-02 13:00:00,3400.0,3400.0,3390.0,3390.0,5141.0
2017-08-02 14:00:00,3390.0,3405.0,3390.0,3400.0,3334.0
2017-08-02 15:00:00,3405.0,3435.0,3360.0,3430.0,19594.0
2017-08-03 09:00:00,3330.0,3340.0,3315.0,3325.0,5521.0
2017-08-03 10:00:00,3285.0,3335.0,3285.0,3335.0,4326.0
2017-08-03 11:00:00,3315.0,3330.0,3280.0,3285.0,21074.0
2017-08-03 12:00:00,3305.0,3340.0,3305.0,3325.0,5853.0
2017-08-03 13:00:00,3380.0,3380.0,3300.0,3320.0,31158.0
2017-08-03 14:00:00,3425.0,3450.0,3375.0,3375.0,2294.0
2017-08-03 15:00:00,3315.0,3315.0,3280.0,3310.0,12636.0
2017-08-04 09:00:00,3335.0,3350.0,3310.0,3350.0,2689.0
2017-08-04 10:00:00,3320.0,3330.0,3300.0,3325.0,862.0
2017-08-04 11:00:00,3325.0,3325.0,3325.0,3325.0,30.0
2017-08-04 12:00:00,3325.0,3325.0,3300.0,3315.0,9374.0
2017-08-04 13:00:00,3310.0,3315.0,3300.0,3310.0,4801.0
2017-08-04 14:00:00,3310.0,3330.0,3290.0,3325.0,10219.0
2017-08-04 15:00:00,3325.0,3395.0,3325.0,3395.0,9509.0
2017-08-07 09:00:00,3355.0,3395.0,3355.0,3395.0,7251.0
2017-08-07 10:00:00,3355.0,3375.0,3355.0,3375.0,3189.0
2017-08-07 11:00:00,3380.0,3380.0,3350.0,3355.0,2763.0
2017-08-07 12:00:00,3375.0,3380.0,3345.0,3365.0,4587.0
2017-08-07 13:00:00,3395.0,3395.0,3370.0,3390.0,38.0
2017-08-07 14:00:00,3365.0,3410.0,3330.0,3405.0,10117.0
2017-08-07 15:00:00,3370.0,3395.0,3345.0,3350.0,1526.0
2017-08-08 09:00:00,3375.0,3400.0,3365.0,3365.0,4290.0
2017-08-08 10:00:00,3400.0,3410.0,3390.0,3400.0,5220.0
2017-08-08 11:00:00,3355.0,3405.0,3340.0,3400.0,18066.0
2017-08-08 12:00:00,3395.0,3410.0,3355.0,3355.0,7905.0
2017-08-08 13:00:00,3350.0,3365.0,3350.0,3360.0,3042.0
2017-08-08 14:00:00,3360.0,3400.0,3350.0,3365.0,4515.0
2017-08-08 15:00:00,3350.0,3375.0,3350.0,3360.0,1849.0
2017-08-09 09:00:00,3375.0,3420.0,3355.0,3370.0,2691.0
2017-08-09 10:00:00,3385.0,3385.0,3330.0,3330.0,20673.0
2017-08-09 11:00:00,3340.0,3365.0,3330.0,3350.0,2765.0
2017-08-09 12:00:00,3345.0,3360.0,3335.0,3360.0,8840.0
2017-08-09 13:00:00,3340.0,3360.0,3330.0,3350.0,9650.0
2017-08-09 14:00:00,3335.0,3360.0,3320.0,3325.0,16263.0
2017-08-09 15:00:00,3340.0,3345.0,3315.0,3345.0,5969.0
2017-08-10 09:00:00,3305.0,3315.0,3250.0,3305.0,8376.0
2017-08-10 10:00:00,3295.0,3315.0,3295.0,3315.0,7596.0
2017-08-10 11:00:00,3270.0,3300.0,3245.0,3300.0,11717.0
2017-08-10 12:00:00,3320.0,3330.0,3270.0,3275.0,18490.0
2017-08-10 13:00:00,3315.0,3325.0,3305.0,3320.0,2679.0
2017-08-10 14:00:00,3345.0,3350.0,3305.0,3320.0,5859.0
2017-08-10 15:00:00,3270.0,3275.0,3260.0,3270.0,4430.0
2017-08-11 09:00:00,3270.0,3275.0,3205.0,3235.0,16555.0
2017-08-11 10:00:00,3235.0,3275.0,3215.0,3215.0,8206.0
2017-08-11 11:00:00,3220.0,3225.0,3195.0,3195.0,12568.0
2017-08-11 12:00:00,3195.0,3220.0,3195.0,3220.0,3841.0
2017-08-11 13:00:00,3220.0,3220.0,3200.0,3215.0,1190.0
2017-08-11 14:00:00,3215.0,3225.0,3180.0,3210.0,7657.0
2017-08-11 15:00:00,3210.0,3210.0,3170.0,3210.0,17873.0
2017-08-14 09:00:00,3200.0,3200.0,3195.0,3195.0,3315.0
2017-08-14 10:00:00,3195.0,3205.0,3185.0,3200.0,2499.0
2017-08-14 11:00:00,3215.0,3215.0,3195.0,3195.0,603.0
2017-08-14 12:00:00,3210.0,3270.0,3210.0,3225.0,1991.0
2017-08-14 13:00:00,3215.0,3215.0,3170.0,3195.0,6390.0
2017-08-14 14:00:00,3215.0,3220.0,3200.0,3220.0,6881.0
2017-08-14 15:00:00,3175.0,3220.0,3170.0,3215.0,4635.0
2017-08-16 09:00:00,3190.0,3200.0,3185.0,3200.0,2137.0
2017-08-16 10:00:00,3195.0,3205.0,3195.0,3205.0,3228.0
2017-08-16 11:00:00,3190.0,3195.0,3185.0,3190.0,4415.0
2017-08-16 12:00:00,3200.0,3245.0,3185.0,3215.0,16823.0
2017-08-16 13:00:00,3195.0,3200.0,3185.0,3195.0,14514.0
2017-08-16 14:00:00,3215.0,3215.0,3185.0,3185.0,4079.0
2017-08-16 15:00:00,3190.0,3200.0,3190.0,3195.0,4161.0
2017-08-17 09:00:00,3190.0,3225.0,3175.0,3175.0,2089.0
2017-08-17 10:00:00,3175.0,3205.0,3165.0,3195.0,6467.0
2017-08-17 11:00:00,3185.0,3195.0,3165.0,3175.0,4390.0
2017-08-17 12:00:00,3175.0,3205.0,3175.0,3175.0,13065.0
2017-08-17 13:00:00,3175.0,3205.0,3160.0,3200.0,6890.0
2017-08-17 14:00:00,3195.0,3215.0,3170.0,3190.0,7602.0
2017-08-17 15:00:00,3190.0,3200.0,3175.0,3200.0,3053.0
2017-08-18 09:00:00,3025.0,3045.0,3010.0,3020.0,21769.0
2017-08-18 10:00:00,3045.0,3060.0,3015.0,3020.0,32254.0
2017-08-18 11:00:00,3090.0,3095.0,3040.0,3050.0,30431.0
2017-08-18 12:00:00,3120.0,3120.0,3075.0,3085.0,23073.0
2017-08-18 13:00:00,3145.0,3150.0,3080.0,3125.0,24999.0
2017-08-18 14:00:00,3190.0,3190.0,3130.0,3140.0,12199.0
2017-08-18 15:00:00,3085.0,3095.0,3075.0,3095.0,7208.0
2017-08-21 09:00:00,3010.0,3055.0,2985.0,3015.0,6836.0
2017-08-21 10:00:00,3010.0,3010.0,2990.0,3010.0,981.0
2017-08-21 11:00:00,3010.0,3010.0,2985.0,3000.0,2121.0
2017-08-21 12:00:00,3000.0,3015.0,2990.0,3015.0,2208.0
2017-08-21 13:00:00,3015.0,3030.0,3000.0,3025.0,7035.0
2017-08-21 14:00:00,3025.0,3025.0,2995.0,3015.0,11543.0
2017-08-21 15:00:00,3010.0,3015.0,2990.0,3015.0,10507.0
2017-08-22 09:00:00,3090.0,3125.0,3090.0,3115.0,3463.0
2017-08-22 10:00:00,3125.0,3125.0,3090.0,3090.0,3584.0
2017-08-22 11:00:00,3120.0,3120.0,3085.0,3100.0,2122.0
2017-08-22 12:00:00,3095.0,3140.0,3095.0,3135.0,14603.0
2017-08-22 13:00:00,3050.0,3125.0,3030.0,3100.0,11670.0
2017-08-22 14:00:00,3005.0,3050.0,3005.0,3050.0,9940.0
2017-08-22 15:00:00,3135.0,3135.0,3120.0,3125.0,2923.0
2017-08-23 09:00:00,3085.0,3110.0,3085.0,3105.0,2924.0
2017-08-23 10:00:00,3080.0,3095.0,3075.0,3095.0,2404.0
2017-08-23 11:00:00,3085.0,3100.0,3070.0,3095.0,3029.0
2017-08-23 12:00:00,3090.0,3100.0,3055.0,3065.0,6966.0
2017-08-23 13:00:00,3120.0,3125.0,3095.0,3095.0,7123.0
2017-08-23 14:00:00,3100.0,3165.0,3100.0,3120.0,6789.0
2017-08-23 15:00:00,3090.0,3090.0,3080.0,3090.0,33.0
2017-08-24 09:00:00,3090.0,3140.0,3065.0,3115.0,2841.0
2017-08-24 10:00:00,3105.0,3115.0,3065.0,3075.0,14369.0
2017-08-24 11:00:00,3100.0,3115.0,3095.0,3110.0,2849.0
2017-08-24 12:00:00,3105.0,3110.0,3090.0,3105.0,2548.0
2017-08-24 13:00:00,3100.0,3125.0,3085.0,3090.0,3341.0
2017-08-24 14:00:00,3090.0,3115.0,3090.0,3105.0,2725.0
2017-08-24 15:00:00,3090.0,3115.0,3090.0,3115.0,2501.0
2017-08-25 09:00:00,3055.0,3080.0,3020.0,3055.0,9959.0
2017-08-25 10:00:00,3110.0,3110.0,3060.0,3095.0,8545.0
2017-08-25 11:00:00,3060.0,3085.0,3055.0,3080.0,5120.0
2017-08-25 12:00:00,3095.0,3100.0,3025.0,3055.0,14917.0
2017-08-25 13:00:00,3095.0,3110.0,3090.0,3105.0,1889.0
2017-08-25 14:00:00,3105.0,3125.0,3095.0,3110.0,2131.0
2017-08-25 15:00:00,3095.0,3110.0,3085.0,3110.0,2474.0
2017-08-28 09:00:00,3060.0,3110.0,3060.0,3090.0,947.0
2017-08-28 10:00:00,3070.0,3090.0,3050.0,3080.0,3132.0
2017-08-28 11:00:00,3055.0,3080.0,3035.0,3065.0,6951.0
2017-08-28 12:00:00,3060.0,3065.0,3030.0,3055.0,6865.0
2017-08-28 13:00:00,3025.0,3050.0,3025.0,3025.0,4820.0
2017-08-28 14:00:00,3045.0,3055.0,3020.0,3040.0,9127.0
2017-08-28 15:00:00,3030.0,3055.0,3030.0,3055.0,3982.0
2017-08-29 09:00:00,2980.0,2990.0,2970.0,2985.0,5799.0
2017-08-29 10:00:00,2955.0,2990.0,2945.0,2990.0,8366.0
2017-08-29 11:00:00,2975.0,3000.0,2940.0,2955.0,33042.0
2017-08-29 12:00:00,3025.0,3070.0,3025.0,3060.0,2301.0
2017-08-29 13:00:00,3045.0,3060.0,3005.0,3005.0,16949.0
2017-08-29 14:00:00,3060.0,3070.0,3045.0,3060.0,1259.0
2017-08-29 15:00:00,3005.0,3020.0,2955.0,2970.0,41366.0
2017-08-30 09:00:00,2965.0,2980.0,2960.0,2975.0,5412.0
2017-08-30 10:00:00,2980.0,2980.0,2960.0,2980.0,3313.0
2017-08-30 11:00:00,2975.0,2980.0,2950.0,2970.0,1929.0
2017-08-30 12:00:00,2985.0,3015.0,2975.0,2990.0,12841.0
2017-08-30 13:00:00,2970.0,2975.0,2955.0,2970.0,1356.0
2017-08-30 14:00:00,2980.0,2980.0,2940.0,2960.0,13176.0
2017-08-30 15:00:00,2970.0,2980.0,2960.0,2975.0,4326.0
2017-08-31 09:00:00,2980.0,3000.0,2950.0,2975.0,4825.0
2017-08-31 10:00:00,2975.0,2980.0,2940.0,2980.0,7227.0
2017-08-31 11:00:00,2980.0,2980.0,2945.0,2965.0,2951.0
2017-08-31 12:00:00,2955.0,2990.0,2940.0,2990.0,15440.0
2017-08-31 13:00:00,2980.0,2990.0,2950.0,2990.0,4593.0
2017-08-31 14:00:00,2960.0,2985.0,2930.0,2960.0,10683.0
2017-08-31 15:00:00,2950.0,2960.0,2925.0,2960.0,8649.0
2017-09-01 09:00:00,2925.0,2930.0,2915.0,2920.0,2594.0
2017-09-01 10:00:00,2925.0,2935.0,2905.0,2905.0,16531.0
2017-09-01 11:00:00,2905.0,2935.0,2900.0,2925.0,7917.0
2017-09-01 12:00:00,2910.0,2915.0,2890.0,2900.0,4731.0
2017-09-01 13:00:00,2910.0,2935.0,2890.0,2915.0,14476.0
2017-09-01 14:00:00,2920.0,2940.0,2895.0,2935.0,18448.0
2017-09-01 15:00:00,2960.0,2975.0,2895.0,2905.0,44132.0
2017-09-04 09:00:00,2885.0,2885.0,2825.0,2855.0,31656.0
2017-09-04 10:00:00,2860.0,2885.0,2855.0,2865.0,6867.0
2017-09-04 11:00:00,2865.0,2870.0,2850.0,2855.0,7661.0
2017-09-04 12:00:00,2850.0,2865.0,2835.0,2845.0,7852.0
2017-09-04 13:00:00,2845.0,2860.0,2825.0,2835.0,20234.0
2017-09-04 14:00:00,2830.0,2860.0,2825.0,2860.0,10617.0
2017-09-04 15:00:00,2860.0,2870.0,2830.0,2865.0,6112.0
2017-09-05 09:00:00,2830.0,2860.0,2825.0,2855.0,22776.0
2017-09-05 10:00:00,2865.0,2890.0,2815.0,2825.0,47473.0
2017-09-05 11:00:00,2890.0,2890.0,2870.0,2870.0,3385.0
2017-09-05 12:00:00,2870.0,3090.0,2870.0,2965.0,111697.0
2017-09-05 13:00:00,2905.0,2940.0,2850.0,2850.0,48268.0
2017-09-05 14:00:00,2965.0,2965.0,2870.0,2910.0,49854.0
2017-09-05 15:00:00,2850.0,2905.0,2850.0,2890.0,3152.0
2017-09-06 09:00:00,2875.0,2905.0,2875.0,2905.0,7782.0
2017-09-06 10:00:00,2905.0,2920.0,2900.0,2920.0,5327.0
2017-09-06 11:00:00,2870.0,2920.0,2860.0,2875.0,10321.0
2017-09-06 12:00:00,2870.0,2925.0,2870.0,2905.0,25262.0
2017-09-06 13:00:00,2895.0,2910.0,2865.0,2870.0,12417.0
2017-09-06 14:00:00,2905.0,2965.0,2900.0,2900.0,36866.0
2017-09-06 15:00:00,2870.0,2875.0,2855.0,2865.0,5777.0
2017-09-07 09:00:00,2915.0,2945.0,2885.0,2905.0,11166.0
2017-09-07 10:00:00,2900.0,2920.0,2895.0,2900.0,5296.0
2017-09-07 11:00:00,2900.0,2905.0,2890.0,2890.0,5644.0
2017-09-07 12:00:00,2900.0,2900.0,2885.0,2890.0,8656.0
2017-09-07 13:00:00,2885.0,2910.0,2870.0,2910.0,10851.0
2017-09-07 14:00:00,2905.0,2935.0,2905.0,2925.0,6237.0
2017-09-07 15:00:00,2920.0,2925.0,2900.0,2925.0,14279.0
2017-09-08 09:00:00,2880.0,2890.0,2870.0,2880.0,7491.0
2017-09-08 10:00:00,2870.0,2900.0,2865.0,2895.0,8450.0
2017-09-08 11:00:00,2870.0,2905.0,2870.0,2880.0,7436.0
2017-09-08 12:00:00,2880.0,2890.0,2870.0,2870.0,4035.0
2017-09-08 13:00:00,2875.0,2895.0,2875.0,2875.0,3448.0
2017-09-08 14:00:00,2875.0,2895.0,2870.0,2890.0,2998.0
2017-09-08 15:00:00,2925.0,2945.0,2870.0,2870.0,5824.0
2017-09-11 09:00:00,2925.0,2925.0,2870.0,2910.0,7293.0
2017-09-11 10:00:00,2905.0,2935.0,2875.0,2880.0,24441.0
2017-09-11 11:00:00,2895.0,2915.0,2870.0,2895.0,15883.0
2017-09-11 12:00:00,2875.0,2905.0,2870.0,2895.0,5458.0
2017-09-11 13:00:00,2870.0,2905.0,2870.0,2885.0,8875.0
2017-09-11 14:00:00,2880.0,2890.0,2860.0,2870.0,16061.0
2017-09-11 15:00:00,2870.0,2880.0,2845.0,2875.0,15530.0
2017-09-12 09:00:00,2935.0,2950.0,2930.0,2950.0,10176.0
2017-09-12 10:00:00,2915.0,2940.0,2890.0,2940.0,10168.0
2017-09-12 11:00:00,2850.0,2960.0,2850.0,2915.0,21733.0
2017-09-12 12:00:00,2875.0,2905.0,2830.0,2850.0,6236.0
2017-09-12 13:00:00,2840.0,2855.0,2830.0,2855.0,5111.0
2017-09-12 14:00:00,2840.0,2850.0,2790.0,2840.0,29584.0
2017-09-12 15:00:00,2850.0,2860.0,2845.0,2855.0,4838.0
2017-09-13 09:00:00,2825.0,2865.0,2820.0,2830.0,16979.0
2017-09-13 10:00:00,2830.0,2855.0,2825.0,2850.0,5673.0
2017-09-13 11:00:00,2845.0,2875.0,2800.0,2830.0,56513.0
2017-09-13 12:00:00,2945.0,2950.0,2900.0,2920.0,2655.0
2017-09-13 13:00:00,2910.0,2910.0,2850.0,2885.0,22715.0
2017-09-13 14:00:00,2925.0,2950.0,2900.0,2920.0,7650.0
2017-09-13 15:00:00,2875.0,2880.0,2830.0,2850.0,14809.0
2017-09-14 09:00:00,2835.0,2865.0,2830.0,2855.0,8316.0
2017-09-14 10:00:00,2840.0,2850.0,2825.0,2845.0,3317.0
2017-09-14 11:00:00,2845.0,2845.0,2810.0,2810.0,1253.0
2017-09-14 12:00:00,2840.0,2840.0,2820.0,2820.0,2102.0
2017-09-14 13:00:00,2840.0,2840.0,2810.0,2835.0,7128.0
2017-09-14 14:00:00,2835.0,2835.0,2805.0,2830.0,3196.0
2017-09-14 15:00:00,2810.0,2840.0,2800.0,2835.0,5356.0
2017-09-15 09:00:00,2850.0,2860.0,2840.0,2855.0,14450.0
2017-09-15 10:00:00,2825.0,2850.0,2820.0,2850.0,11700.0
2017-09-15 11:00:00,2820.0,2850.0,2815.0,2840.0,12225.0
2017-09-15 12:00:00,2800.0,2845.0,2800.0,2825.0,4320.0
2017-09-15 13:00:00,2795.0,2825.0,2780.0,2820.0,11893.0
2017-09-15 14:00:00,2810.0,2825.0,2790.0,2800.0,12848.0
2017-09-15 15:00:00,2815.0,2820.0,2780.0,2820.0,3464.0
2017-09-18 09:00:00,2810.0,2850.0,2810.0,2845.0,10141.0
2017-09-18 10:00:00,2850.0,2850.0,2820.0,2845.0,1201.0
2017-09-18 11:00:00,2845.0,2845.0,2835.0,2845.0,334.0
2017-09-18 12:00:00,2845.0,2865.0,2835.0,2860.0,6330.0
2017-09-18 13:00:00,2855.0,2860.0,2835.0,2850.0,2678.0
2017-09-18 14:00:00,2835.0,2850.0,2830.0,2850.0,501.0
2017-09-18 15:00:00,2845.0,2850.0,2830.0,2835.0,3452.0
2017-09-19 09:00:00,2835.0,2840.0,2820.0,2840.0,3588.0
2017-09-19 10:00:00,2835.0,2850.0,2820.0,2835.0,9431.0
2017-09-19 11:00:00,2840.0,2845.0,2820.0,2820.0,6354.0
2017-09-19 12:00:00,2840.0,2855.0,2830.0,2850.0,3184.0
2017-09-19 13:00:00,2845.0,2855.0,2835.0,2855.0,2369.0
2017-09-19 14:00:00,2835.0,2865.0,2820.0,2845.0,6566.0
2017-09-19 15:00:00,2845.0,2845.0,2835.0,2840.0,2126.0
2017-09-20 09:00:00,2815.0,2840.0,2800.0,2840.0,3038.0
2017-09-20 10:00:00,2835.0,2835.0,2820.0,2835.0,1121.0
2017-09-20 11:00:00,2825.0,2835.0,2810.0,2820.0,1562.0
2017-09-20 12:00:00,2800.0,2840.0,2800.0,2830.0,7195.0
2017-09-20 13:00:00,2805.0,2845.0,2775.0,2845.0,12172.0
2017-09-20 14:00:00,2835.0,2845.0,2835.0,2840.0,48.0
2017-09-20 15:00:00,2840.0,2860.0,2800.0,2805.0,6074.0
2017-09-21 09:00:00,2790.0,2820.0,2765.0,2765.0,6563.0
2017-09-21 10:00:00,2840.0,2840.0,2795.0,2800.0,3319.0
2017-09-21 11:00:00,2795.0,2820.0,2795.0,2820.0,325.0
2017-09-21 12:00:00,2810.0,2815.0,2810.0,2810.0,259.0
2017-09-21 13:00:00,2815.0,2820.0,2805.0,2820.0,652.0
2017-09-21 14:00:00,2815.0,2815.0,2800.0,2810.0,851.0
2017-09-21 15:00:00,2805.0,2820.0,2760.0,2790.0,12507.0
2017-09-22 09:00:00,2685.0,2710.0,2685.0,2700.0,2739.0
2017-09-22 10:00:00,2700.0,2705.0,2680.0,2680.0,7611.0
2017-09-22 11:00:00,2685.0,2700.0,2680.0,2700.0,2572.0
2017-09-22 12:00:00,2755.0,2800.0,2745.0,2765.0,19473.0
2017-09-22 13:00:00,2745.0,2755.0,2740.0,2740.0,431.0
2017-09-22 14:00:00,2750.0,2770.0,2705.0,2750.0,17413.0
2017-09-22 15:00:00,2735.0,2735.0,2650.0,2700.0,18747.0
2017-09-25 09:00:00,2685.0,2700.0,2655.0,2690.0,9214.0
2017-09-25 10:00:00,2675.0,2690.0,2630.0,2635.0,12390.0
2017-09-25 11:00:00,2635.0,2655.0,2565.0,2590.0,23561.0
2017-09-25 12:00:00,2580.0,2595.0,2560.0,2585.0,7318.0
2017-09-25 13:00:00,2575.0,2590.0,2560.0,2585.0,7988.0
2017-09-25 14:00:00,2585.0,2610.0,2570.0,2585.0,3296.0
2017-09-25 15:00:00,2585.0,2600.0,2525.0,2525.0,16641.0
2017-09-26 09:00:00,2580.0,2615.0,2575.0,2615.0,10273.0
2017-09-26 10:00:00,2595.0,2600.0,2575.0,2580.0,8379.0
2017-09-26 11:00:00,2585.0,2600.0,2580.0,2595.0,8488.0
2017-09-26 12:00:00,2463.0,2545.0,2463.0,2545.0,34303.0
2017-09-26 13:00:00,2590.0,2620.0,2580.0,2605.0,3346.0
2017-09-26 14:00:00,2545.0,2610.0,2525.0,2590.0,8689.0
2017-09-26 15:00:00,2600.0,2600.0,2570.0,2585.0,1541.0
2017-09-27 09:00:00,2665.0,2685.0,2665.0,2685.0,4006.0
2017-09-27 10:00:00,2685.0,2695.0,2665.0,2665.0,1681.0
2017-09-27 11:00:00,2650.0,2670.0,2650.0,2665.0,2533.0
2017-09-27 12:00:00,2585.0,2635.0,2585.0,2635.0,10180.0
2017-09-27 13:00:00,2660.0,2670.0,2650.0,2650.0,1868.0
2017-09-27 14:00:00,2635.0,2670.0,2625.0,2670.0,3869.0
2017-09-27 15:00:00,2670.0,2670.0,2645.0,2670.0,714.0
2017-09-28 09:00:00,2695.0,2720.0,2665.0,2705.0,4732.0
2017-09-28 10:00:00,2705.0,2820.0,2705.0,2820.0,7082.0
2017-09-28 11:00:00,2810.0,2825.0,2765.0,2795.0,12142.0
2017-09-28 12:00:00,2795.0,2800.0,2790.0,2790.0,1264.0
2017-09-28 13:00:00,2795.0,2820.0,2785.0,2815.0,5304.0
2017-09-28 14:00:00,2785.0,2840.0,2785.0,2840.0,12226.0
2017-09-28 15:00:00,2840.0,2845.0,2810.0,2840.0,4333.0
2017-09-29 09:00:00,2900.0,2930.0,2875.0,2900.0,6635.0
2017-09-29 10:00:00,2810.0,2970.0,2810.0,2885.0,27587.0
2017-09-29 11:00:00,2800.0,2830.0,2800.0,2815.0,2790.0
2017-09-29 12:00:00,2790.0,2820.0,2735.0,2780.0,9067.0
2017-09-29 13:00:00,2810.0,2830.0,2810.0,2825.0,1121.0
2017-09-29 14:00:00,2815.0,2865.0,2800.0,2810.0,6573.0
2017-09-29 15:00:00,2825.0,2825.0,2800.0,2805.0,200.0
2017-10-10 09:00:00,2900.0,2905.0,2855.0,2885.0,7749.0
2017-10-10 10:00:00,2875.0,2890.0,2860.0,2885.0,2922.0
2017-10-10 11:00:00,2880.0,2920.0,2880.0,2890.0,3398.0
2017-10-10 12:00:00,2890.0,2900.0,2865.0,2900.0,4271.0
2017-10-10 13:00:00,2900.0,2900.0,2885.0,2890.0,1045.0
2017-10-10 14:00:00,2885.0,2885.0,2880.0,2880.0,2143.0
2017-10-10 15:00:00,2885.0,2900.0,2880.0,2900.0,1523.0
2017-10-11 09:00:00,2940.0,2955.0,2935.0,2940.0,7343.0
2017-10-11 10:00:00,2915.0,2930.0,2915.0,2920.0,2398.0
2017-10-11 11:00:00,2915.0,2950.0,2915.0,2940.0,14932.0
2017-10-11 12:00:00,2885.0,2940.0,2885.0,2920.0,10933.0
2017-10-11 13:00:00,2890.0,2900.0,2865.0,2890.0,12291.0
2017-10-11 14:00:00,2865.0,2925.0,2865.0,2900.0,3406.0
2017-10-11 15:00:00,2920.0,2930.0,2910.0,2930.0,4925.0
2017-10-12 09:00:00,2920.0,2955.0,2905.0,2955.0,7161.0
2017-10-12 10:00:00,2930.0,2960.0,2930.0,2960.0,6062.0
2017-10-12 11:00:00,2955.0,2955.0,2915.0,2915.0,9481.0
2017-10-12 12:00:00,2930.0,2930.0,2925.0,2925.0,5141.0
2017-10-12 13:00:00,2925.0,2970.0,2925.0,2930.0,4713.0
2017-10-12 14:00:00,2940.0,2940.0,2940.0,2940.0,618.0
2017-10-12 15:00:00,2940.0,2940.0,2915.0,2925.0,1430.0
2017-10-13 09:00:00,2940.0,2970.0,2920.0,2970.0,9476.0
2017-10-13 10:00:00,2980.0,2980.0,2920.0,2925.0,2489.0
2017-10-13 11:00:00,2925.0,2945.0,2915.0,2945.0,2234.0
2017-10-13 12:00:00,2945.0,2950.0,2935.0,2950.0,5860.0
2017-10-13 13:00:00,2950.0,2950.0,2935.0,2935.0,1606.0
2017-10-13 14:00:00,2950.0,2950.0,2915.0,2915.0,4526.0
2017-10-13 15:00:00,2915.0,2940.0,2915.0,2940.0,5952.0
2017-10-16 09:00:00,2895.0,2895.0,2855.0,2855.0,5589.0
2017-10-16 10:00:00,2880.0,2960.0,2835.0,2915.0,8571.0
2017-10-16 11:00:00,2890.0,2910.0,2875.0,2875.0,6619.0
2017-10-16 12:00:00,2975.0,2975.0,2855.0,2905.0,6090.0
2017-10-16 13:00:00,2890.0,2895.0,2885.0,2890.0,51.0
2017-10-16 14:00:00,2895.0,2895.0,2880.0,2895.0,818.0
2017-10-16 15:00:00,2890.0,2930.0,2890.0,2920.0,1130.0
2017-10-17 09:00:00,2915.0,2915.0,2850.0,2860.0,852.0
2017-10-17 10:00:00,2855.0,2860.0,2810.0,2820.0,4289.0
2017-10-17 11:00:00,2820.0,2825.0,2760.0,2765.0,5674.0
2017-10-17 12:00:00,2790.0,2800.0,2785.0,2800.0,513.0
2017-10-17 13:00:00,2800.0,2820.0,2770.0,2800.0,4296.0
2017-10-17 14:00:00,2775.0,2815.0,2770.0,2815.0,7917.0
2017-10-17 15:00:00,2785.0,2815.0,2775.0,2800.0,2392.0
2017-10-18 09:00:00,2740.0,2760.0,2730.0,2760.0,4061.0
2017-10-18 10:00:00,2735.0,2760.0,2730.0,2740.0,1355.0
2017-10-18 11:00:00,2735.0,2760.0,2735.0,2760.0,751.0
2017-10-18 12:00:00,2750.0,2790.0,2750.0,2775.0,2288.0
2017-10-18 13:00:00,2770.0,2770.0,2750.0,2770.0,58.0
2017-10-18 14:00:00,2775.0,2775.0,2750.0,2770.0,7762.0
2017-10-18 15:00:00,2765.0,2765.0,2725.0,2760.0,1223.0
2017-10-19 09:00:00,2765.0,2765.0,2745.0,2760.0,885.0
2017-10-19 10:00:00,2745.0,2745.0,2745.0,2745.0,712.0
2017-10-19 11:00:00,2720.0,2765.0,2705.0,2760.0,1998.0
2017-10-19 12:00:00,2700.0,2700.0,2665.0,2695.0,26025.0
2017-10-19 13:00:00,2695.0,2740.0,2685.0,2725.0,2862.0
2017-10-19 14:00:00,2695.0,2695.0,2675.0,2695.0,1706.0
2017-10-19 15:00:00,2715.0,2720.0,2700.0,2720.0,4061.0
2017-10-20 09:00:00,2750.0,2785.0,2740.0,2785.0,1913.0
2017-10-20 10:00:00,2785.0,2815.0,2770.0,2805.0,3600.0
2017-10-20 11:00:00,2795.0,2850.0,2795.0,2825.0,3092.0
2017-10-20 12:00:00,2845.0,2895.0,2830.0,2835.0,4853.0
2017-10-20 13:00:00,2850.0,2850.0,2840.0,2850.0,2732.0
2017-10-20 14:00:00,2840.0,2860.0,2840.0,2850.0,3564.0
2017-10-20 15:00:00,2850.0,2855.0,2850.0,2850.0,4097.0
2017-10-23 09:00:00,2825.0,2850.0,2825.0,2840.0,33.0
2017-10-23 10:00:00,2830.0,2840.0,2820.0,2840.0,2399.0
2017-10-23 11:00:00,2840.0,2855.0,2820.0,2825.0,1581.0
2017-10-23 12:00:00,2850.0,2875.0,2845.0,2860.0,2941.0
2017-10-23 13:00:00,2855.0,2855.0,2850.0,2850.0,269.0
2017-10-23 14:00:00,2860.0,2870.0,2860.0,2865.0,793.0
2017-10-23 15:00:00,2865.0,2865.0,2840.0,2840.0,222.0
2017-10-24 09:00:00,2840.0,2850.0,2820.0,2850.0,2588.0
2017-10-24 10:00:00,2850.0,2850.0,2820.0,2850.0,1252.0
2017-10-24 11:00:00,2825.0,2850.0,2810.0,2840.0,1427.0
2017-10-24 12:00:00,2840.0,2840.0,2840.0,2840.0,1550.0
2017-10-24 13:00:00,2840.0,2850.0,2840.0,2850.0,520.0
2017-10-24 14:00:00,2850.0,2850.0,2840.0,2840.0,200.0
2017-10-24 15:00:00,2840.0,2840.0,2840.0,2840.0,989.0
2017-10-25 09:00:00,2840.0,2855.0,2800.0,2855.0,17336.0
2017-10-25 10:00:00,2840.0,2860.0,2830.0,2845.0,3594.0
2017-10-25 11:00:00,2870.0,2875.0,2840.0,2865.0,12540.0
2017-10-25 12:00:00,2855.0,2870.0,2840.0,2865.0,6723.0
2017-10-25 13:00:00,2845.0,2855.0,2835.0,2855.0,7625.0
2017-10-25 14:00:00,2840.0,2850.0,2830.0,2850.0,726.0
2017-10-25 15:00:00,2865.0,2870.0,2850.0,2870.0,1835.0
2017-10-26 09:00:00,2885.0,2885.0,2820.0,2880.0,411.0
2017-10-26 10:00:00,2875.0,2880.0,2875.0,2875.0,420.0
2017-10-26 11:00:00,2875.0,2875.0,2875.0,2875.0,1298.0
2017-10-26 12:00:00,2855.0,2880.0,2850.0,2850.0,381.0
2017-10-26 13:00:00,2850.0,2865.0,2830.0,2860.0,2748.0
2017-10-26 14:00:00,2840.0,2855.0,2810.0,2810.0,4169.0
2017-10-26 15:00:00,2815.0,2850.0,2815.0,2850.0,1522.0
2017-10-27 09:00:00,2815.0,2815.0,2780.0,2800.0,9500.0
2017-10-27 10:00:00,2785.0,2840.0,2780.0,2810.0,9568.0
2017-10-27 11:00:00,2830.0,2840.0,2810.0,2810.0,7001.0
2017-10-27 12:00:00,2820.0,2835.0,2820.0,2835.0,36.0
2017-10-27 13:00:00,2840.0,2850.0,2840.0,2850.0,1026.0
2017-10-27 14:00:00,2860.0,2860.0,2810.0,2840.0,2556.0
2017-10-27 15:00:00,2850.0,2865.0,2825.0,2830.0,2600.0
2017-10-30 09:00:00,2820.0,2840.0,2790.0,2805.0,6471.0
2017-10-30 10:00:00,2805.0,2900.0,2795.0,2885.0,6887.0
2017-10-30 11:00:00,2870.0,2885.0,2865.0,2865.0,2474.0
2017-10-30 12:00:00,2880.0,2910.0,2870.0,2905.0,4301.0
2017-10-30 13:00:00,2905.0,2910.0,2895.0,2910.0,1556.0
2017-10-30 14:00:00,2910.0,2915.0,2860.0,2870.0,4875.0
2017-10-30 15:00:00,2870.0,2870.0,2835.0,2860.0,1762.0
2017-10-31 09:00:00,2895.0,2925.0,2895.0,2925.0,3252.0
2017-10-31 10:00:00,2905.0,2925.0,2885.0,2925.0,17216.0
2017-10-31 11:00:00,2910.0,2910.0,2890.0,2890.0,1068.0
2017-10-31 12:00:00,2825.0,2925.0,2825.0,2900.0,11019.0
2017-10-31 13:00:00,2925.0,2925.0,2880.0,2895.0,4553.0
2017-10-31 14:00:00,2900.0,2945.0,2900.0,2925.0,9968.0
2017-10-31 15:00:00,2905.0,2910.0,2885.0,2885.0,2351.0
2017-11-01 09:00:00,2905.0,2920.0,2900.0,2920.0,917.0
2017-11-01 10:00:00,2920.0,2925.0,2910.0,2910.0,794.0
2017-11-01 11:00:00,2915.0,2915.0,2905.0,2905.0,1045.0
2017-11-01 12:00:00,2925.0,2995.0,2925.0,2940.0,10557.0
2017-11-01 13:00:00,2910.0,2935.0,2905.0,2905.0,2047.0
2017-11-01 14:00:00,2940.0,2945.0,2915.0,2940.0,4511.0
2017-11-01 15:00:00,2905.0,2925.0,2900.0,2910.0,4474.0
2017-11-02 09:00:00,2900.0,2940.0,2900.0,2935.0,773.0
2017-11-02 10:00:00,2910.0,2925.0,2910.0,2925.0,21.0
2017-11-02 11:00:00,2910.0,2925.0,2900.0,2925.0,575.0
2017-11-02 12:00:00,2925.0,2925.0,2910.0,2920.0,233.0
2017-11-02 13:00:00,2920.0,2920.0,2905.0,2915.0,1197.0
2017-11-02 14:00:00,2915.0,2915.0,2900.0,2910.0,1910.0
2017-11-02 15:00:00,2910.0,2920.0,2905.0,2920.0,2678.0
2017-11-03 09:00:00,2920.0,2920.0,2905.0,2920.0,170.0
2017-11-03 10:00:00,2905.0,2920.0,2895.0,2900.0,4153.0
2017-11-03 11:00:00,2910.0,2920.0,2890.0,2920.0,1265.0
2017-11-03 12:00:00,2920.0,2925.0,2910.0,2915.0,607.0
2017-11-03 13:00:00,2925.0,2930.0,2910.0,2925.0,1030.0
2017-11-03 14:00:00,2880.0,2940.0,2875.0,2930.0,3446.0
2017-11-03 15:00:00,2920.0,2950.0,2880.0,2880.0,2728.0
2017-11-06 09:00:00,2850.0,2895.0,2835.0,2840.0,6991.0
2017-11-06 10:00:00,2865.0,2875.0,2860.0,2875.0,549.0
2017-11-06 11:00:00,2865.0,2870.0,2860.0,2865.0,261.0
2017-11-06 12:00:00,2870.0,2925.0,2870.0,2925.0,1418.0
2017-11-06 13:00:00,2915.0,2915.0,2890.0,2900.0,32.0
2017-11-06 14:00:00,2890.0,2915.0,2875.0,2915.0,4227.0
2017-11-06 15:00:00,2915.0,2920.0,2865.0,2905.0,818.0
2017-11-07 09:00:00,2885.0,2900.0,2875.0,2900.0,1418.0
2017-11-07 10:00:00,2910.0,2910.0,2890.0,2895.0,3038.0
2017-11-07 11:00:00,2905.0,2915.0,2895.0,2910.0,2135.0
2017-11-07 12:00:00,2905.0,2965.0,2895.0,2915.0,5647.0
2017-11-07 13:00:00,2905.0,2925.0,2905.0,2915.0,2362.0
2017-11-07 14:00:00,2915.0,2920.0,2900.0,2900.0,1181.0
2017-11-07 15:00:00,2925.0,2925.0,2910.0,2910.0,1197.0
2017-11-08 09:00:00,2860.0,2880.0,2855.0,2870.0,48.0
2017-11-08 10:00:00,2860.0,2920.0,2860.0,2900.0,4689.0
2017-11-08 11:00:00,2875.0,2875.0,2860.0,2860.0,2293.0
2017-11-08 12:00:00,2900.0,2900.0,2845.0,2845.0,4334.0
2017-11-08 13:00:00,2855.0,2880.0,2855.0,2880.0,1529.0
2017-11-08 14:00:00,2870.0,2870.0,2850.0,2870.0,1650.0
2017-11-08 15:00:00,2865.0,2880.0,2855.0,2875.0,2435.0
2017-11-09 09:00:00,2900.0,3070.0,2900.0,2945.0,64741.0
2017-11-09 10:00:00,2945.0,2950.0,2925.0,2940.0,3990.0
2017-11-09 11:00:00,2940.0,2940.0,2920.0,2940.0,2502.0
2017-11-09 12:00:00,2925.0,2940.0,2925.0,2925.0,1774.0
2017-11-09 13:00:00,2925.0,2975.0,2895.0,2925.0,19838.0
2017-11-09 14:00:00,2920.0,2925.0,2905.0,2915.0,1508.0
2017-11-09 15:00:00,2915.0,2935.0,2895.0,2895.0,2581.0
2017-11-10 09:00:00,2930.0,2930.0,2895.0,2895.0,1211.0
2017-11-10 10:00:00,2925.0,2940.0,2905.0,2935.0,2812.0
2017-11-10 11:00:00,2925.0,2945.0,2925.0,2935.0,3810.0
2017-11-10 12:00:00,2895.0,2955.0,2895.0,2945.0,1519.0
2017-11-10 13:00:00,2945.0,2945.0,2900.0,2925.0,4691.0
2017-11-10 14:00:00,2920.0,2925.0,2905.0,2925.0,820.0
2017-11-10 15:00:00,2900.0,2935.0,2900.0,2925.0,1349.0
2017-11-13 09:00:00,2900.0,2980.0,2900.0,2945.0,5671.0
2017-11-13 10:00:00,2925.0,2960.0,2925.0,2945.0,3265.0
2017-11-13 11:00:00,2940.0,2960.0,2895.0,2955.0,1175.0
2017-11-13 12:00:00,2925.0,2950.0,2920.0,2950.0,3201.0
2017-11-13 13:00:00,2950.0,2950.0,2935.0,2950.0,630.0
2017-11-13 14:00:00,2950.0,3020.0,2950.0,3005.0,24843.0
2017-11-13 15:00:00,3005.0,3005.0,2975.0,2995.0,2084.0
2017-11-14 09:00:00,2975.0,2985.0,2960.0,2960.0,3548.0
2017-11-14 10:00:00,2945.0,2980.0,2925.0,2960.0,8550.0
2017-11-14 11:00:00,2975.0,2975.0,2935.0,2975.0,10630.0
2017-11-14 12:00:00,2965.0,2995.0,2960.0,2990.0,1523.0
2017-11-14 13:00:00,2985.0,2990.0,2960.0,2975.0,8273.0
2017-11-14 14:00:00,2995.0,3000.0,2950.0,2995.0,8499.0
2017-11-14 15:00:00,2985.0,2990.0,2970.0,2990.0,1711.0
2017-11-15 09:00:00,2925.0,2935.0,2875.0,2875.0,9169.0
2017-11-15 10:00:00,2870.0,2915.0,2860.0,2880.0,2230.0
2017-11-15 11:00:00,2935.0,2940.0,2925.0,2935.0,3561.0
2017-11-15 12:00:00,2915.0,2990.0,2900.0,2970.0,7800.0
2017-11-15 13:00:00,2965.0,2975.0,2930.0,2930.0,8049.0
2017-11-15 14:00:00,2925.0,2935.0,2925.0,2930.0,1997.0
2017-11-15 15:00:00,2965.0,2975.0,2860.0,2900.0,18226.0
2017-11-16 09:00:00,2880.0,2920.0,2880.0,2915.0,10052.0
2017-11-16 10:00:00,2915.0,2955.0,2900.0,2955.0,1825.0
2017-11-16 11:00:00,2950.0,2955.0,2920.0,2950.0,1182.0
2017-11-16 12:00:00,2930.0,2940.0,2920.0,2935.0,2401.0
2017-11-16 13:00:00,2925.0,2945.0,2920.0,2945.0,1196.0
2017-11-16 14:00:00,2925.0,2945.0,2925.0,2940.0,1346.0
2017-11-16 15:00:00,2930.0,2940.0,2925.0,2940.0,1211.0
2017-11-17 09:00:00,3025.0,3065.0,2965.0,3000.0,23064.0
2017-11-17 10:00:00,2965.0,2990.0,2960.0,2990.0,4846.0
2017-11-17 11:00:00,2970.0,2995.0,2960.0,2985.0,2506.0
2017-11-17 12:00:00,2945.0,3030.0,2945.0,3025.0,26038.0
2017-11-17 13:00:00,2965.0,2965.0,2930.0,2955.0,3365.0
2017-11-17 14:00:00,2955.0,2955.0,2920.0,2955.0,3842.0
2017-11-17 15:00:00,2945.0,2985.0,2945.0,2970.0,5854.0
2017-11-20 09:00:00,3000.0,3035.0,2990.0,3010.0,7014.0
2017-11-20 10:00:00,3020.0,3025.0,2980.0,3000.0,7270.0
2017-11-20 11:00:00,3000.0,3020.0,3000.0,3020.0,761.0
2017-11-20 12:00:00,3025.0,3025.0,3005.0,3005.0,3477.0
2017-11-20 13:00:00,3010.0,3015.0,2985.0,2985.0,3458.0
2017-11-20 14:00:00,2985.0,3000.0,2985.0,2990.0,3948.0
2017-11-20 15:00:00,2990.0,2990.0,2980.0,2990.0,4833.0
2017-11-21 09:00:00,2985.0,2985.0,2950.0,2960.0,9866.0
2017-11-21 10:00:00,2980.0,2985.0,2980.0,2985.0,1167.0
2017-11-21 11:00:00,2950.0,2985.0,2940.0,2960.0,5216.0
2017-11-21 12:00:00,2965.0,2985.0,2965.0,2975.0,1352.0
2017-11-21 13:00:00,2985.0,2985.0,2955.0,2980.0,580.0
2017-11-21 14:00:00,3000.0,3020.0,2950.0,2955.0,9502.0
2017-11-21 15:00:00,2975.0,2985.0,2955.0,2985.0,5657.0
2017-11-22 09:00:00,2905.0,2915.0,2885.0,2885.0,5398.0
2017-11-22 10:00:00,2915.0,2920.0,2885.0,2910.0,4684.0
2017-11-22 11:00:00,2915.0,2925.0,2885.0,2905.0,5674.0
2017-11-22 12:00:00,2900.0,2935.0,2900.0,2935.0,1531.0
2017-11-22 13:00:00,2955.0,2955.0,2885.0,2915.0,3899.0
2017-11-22 14:00:00,2910.0,2930.0,2895.0,2905.0,3293.0
2017-11-22 15:00:00,2960.0,2985.0,2925.0,2955.0,1974.0
2017-11-23 09:00:00,2910.0,2915.0,2880.0,2880.0,869.0
2017-11-23 10:00:00,2885.0,2915.0,2850.0,2880.0,6289.0
2017-11-23 11:00:00,2875.0,2880.0,2865.0,2880.0,290.0
2017-11-23 12:00:00,2880.0,2895.0,2880.0,2895.0,1932.0
2017-11-23 13:00:00,2890.0,2905.0,2890.0,2905.0,2990.0
2017-11-23 14:00:00,2905.0,2915.0,2900.0,2900.0,5635.0
2017-11-23 15:00:00,2900.0,2920.0,2855.0,2915.0,10868.0
2017-11-24 09:00:00,2955.0,2955.0,2915.0,2955.0,4825.0
2017-11-24 10:00:00,2950.0,3025.0,2950.0,3015.0,33529.0
2017-11-24 11:00:00,2945.0,2955.0,2915.0,2955.0,7322.0
2017-11-24 12:00:00,2915.0,2940.0,2910.0,2915.0,1660.0
2017-11-24 13:00:00,2900.0,2955.0,2895.0,2955.0,19184.0
2017-11-24 14:00:00,2915.0,2915.0,2880.0,2885.0,3366.0
2017-11-24 15:00:00,2955.0,2975.0,2935.0,2935.0,1487.0
2017-11-27 09:00:00,3090.0,3190.0,3015.0,3025.0,168672.0
2017-11-27 10:00:00,3020.0,3035.0,2950.0,2985.0,41311.0
2017-11-27 11:00:00,2985.0,2995.0,2970.0,2975.0,10781.0
2017-11-27 12:00:00,2970.0,2980.0,2940.0,2940.0,22250.0
2017-11-27 13:00:00,2940.0,2970.0,2930.0,2930.0,11937.0
2017-11-27 14:00:00,2935.0,2950.0,2920.0,2935.0,6540.0
2017-11-27 15:00:00,2930.0,2940.0,2925.0,2940.0,1604.0
2017-11-28 09:00:00,2880.0,2905.0,2865.0,2900.0,7867.0
2017-11-28 10:00:00,2880.0,2895.0,2875.0,2890.0,3302.0
2017-11-28 11:00:00,2885.0,2895.0,2870.0,2875.0,4524.0
2017-11-28 12:00:00,2970.0,2990.0,2920.0,2960.0,26223.0
2017-11-28 13:00:00,2915.0,2920.0,2890.0,2900.0,22930.0
2017-11-28 14:00:00,2960.0,3065.0,2850.0,2910.0,102449.0
2017-11-28 15:00:00,2895.0,2900.0,2870.0,2870.0,15693.0
2017-11-29 09:00:00,2880.0,2885.0,2880.0,2880.0,1547.0
2017-11-29 10:00:00,2885.0,2900.0,2880.0,2900.0,2473.0
2017-11-29 11:00:00,2885.0,2885.0,2880.0,2880.0,1241.0
2017-11-29 12:00:00,2900.0,2900.0,2870.0,2870.0,8746.0
2017-11-29 13:00:00,2885.0,2895.0,2885.0,2895.0,1617.0
2017-11-29 14:00:00,2870.0,2885.0,2870.0,2885.0,2691.0
2017-11-29 15:00:00,2895.0,2900.0,2880.0,2880.0,9641.0
2017-11-30 09:00:00,2875.0,2895.0,2860.0,2860.0,5505.0
2017-11-30 10:00:00,2880.0,2885.0,2860.0,2880.0,4485.0
2017-11-30 11:00:00,2885.0,2900.0,2875.0,2900.0,3500.0
2017-11-30 12:00:00,2880.0,2900.0,2875.0,2875.0,4814.0
2017-11-30 13:00:00,2900.0,2900.0,2865.0,2870.0,2136.0
2017-11-30 14:00:00,2875.0,2875.0,2850.0,2855.0,15515.0
2017-11-30 15:00:00,2860.0,2860.0,2845.0,2850.0,10326.0
2017-12-01 09:00:00,2860.0,2860.0,2825.0,2860.0,3989.0
2017-12-01 10:00:00,2845.0,2850.0,2820.0,2850.0,6757.0
2017-12-01 11:00:00,2865.0,2865.0,2850.0,2850.0,1914.0
2017-12-01 12:00:00,2850.0,2880.0,2815.0,2825.0,5366.0
2017-12-01 13:00:00,2870.0,2875.0,2840.0,2870.0,434.0
2017-12-01 14:00:00,2870.0,2875.0,2830.0,2865.0,1611.0
2017-12-01 15:00:00,2850.0,2865.0,2845.0,2865.0,3467.0
2017-12-04 09:00:00,2830.0,2890.0,2830.0,2850.0,2849.0
2017-12-04 10:00:00,2845.0,2885.0,2845.0,2885.0,3158.0
2017-12-04 11:00:00,2855.0,2885.0,2850.0,2860.0,2966.0
2017-12-04 12:00:00,2860.0,2875.0,2855.0,2870.0,600.0
2017-12-04 13:00:00,2850.0,2865.0,2830.0,2835.0,9667.0
2017-12-04 14:00:00,2835.0,2840.0,2835.0,2835.0,2609.0
2017-12-04 15:00:00,2835.0,2840.0,2830.0,2835.0,2329.0
2017-12-05 09:00:00,2825.0,2825.0,2805.0,2825.0,2039.0
2017-12-05 10:00:00,2810.0,2835.0,2800.0,2805.0,6456.0
2017-12-05 11:00:00,2830.0,2830.0,2800.0,2830.0,1870.0
2017-12-05 12:00:00,2835.0,2840.0,2810.0,2815.0,2921.0
2017-12-05 13:00:00,2850.0,2850.0,2800.0,2840.0,6293.0
2017-12-05 14:00:00,2835.0,2865.0,2815.0,2850.0,1800.0
2017-12-05 15:00:00,2815.0,2830.0,2800.0,2810.0,6590.0
2017-12-06 09:00:00,2860.0,2860.0,2830.0,2830.0,4336.0
2017-12-06 10:00:00,2875.0,2910.0,2845.0,2845.0,6005.0
2017-12-06 11:00:00,2880.0,2880.0,2850.0,2860.0,182.0
2017-12-06 12:00:00,2800.0,2875.0,2785.0,2875.0,11365.0
2017-12-06 13:00:00,2820.0,2825.0,2780.0,2800.0,7006.0
2017-12-06 14:00:00,2870.0,2925.0,2835.0,2850.0,12205.0
2017-12-06 15:00:00,2825.0,2850.0,2765.0,2815.0,11316.0
2017-12-07 09:00:00,2800.0,2800.0,2775.0,2790.0,5293.0
2017-12-07 10:00:00,2830.0,2860.0,2790.0,2835.0,7095.0
2017-12-07 11:00:00,2805.0,2835.0,2800.0,2835.0,1594.0
2017-12-07 12:00:00,2835.0,2835.0,2805.0,2825.0,224.0
2017-12-07 13:00:00,2805.0,2820.0,2775.0,2780.0,7043.0
2017-12-07 14:00:00,2795.0,2795.0,2765.0,2795.0,1070.0
2017-12-07 15:00:00,2775.0,2800.0,2770.0,2800.0,3031.0
2017-12-08 09:00:00,2715.0,2735.0,2685.0,2720.0,12925.0
2017-12-08 10:00:00,2715.0,2730.0,2710.0,2730.0,2948.0
2017-12-08 11:00:00,2735.0,2750.0,2715.0,2740.0,7360.0
2017-12-08 12:00:00,2790.0,2805.0,2765.0,2795.0,4708.0
2017-12-08 13:00:00,2760.0,2765.0,2725.0,2760.0,1690.0
2017-12-08 14:00:00,2790.0,2790.0,2725.0,2760.0,16597.0
2017-12-08 15:00:00,2735.0,2755.0,2725.0,2755.0,4812.0
2017-12-11 09:00:00,2730.0,2770.0,2690.0,2720.0,1877.0
2017-12-11 10:00:00,2735.0,2735.0,2690.0,2725.0,2648.0
2017-12-11 11:00:00,2715.0,2730.0,2700.0,2725.0,406.0
2017-12-11 12:00:00,2715.0,2725.0,2670.0,2715.0,4008.0
2017-12-11 13:00:00,2700.0,2700.0,2680.0,2680.0,1979.0
2017-12-11 14:00:00,2695.0,2725.0,2695.0,2715.0,1811.0
2017-12-11 15:00:00,2695.0,2715.0,2690.0,2715.0,580.0
2017-12-12 09:00:00,2680.0,2690.0,2675.0,2690.0,593.0
2017-12-12 10:00:00,2670.0,2690.0,2670.0,2675.0,2153.0
2017-12-12 11:00:00,2685.0,2685.0,2665.0,2675.0,6394.0
2017-12-12 12:00:00,2715.0,2720.0,2690.0,2690.0,3898.0
2017-12-12 13:00:00,2720.0,2720.0,2670.0,2680.0,2054.0
2017-12-12 14:00:00,2690.0,2745.0,2690.0,2745.0,1082.0
2017-12-12 15:00:00,2680.0,2705.0,2680.0,2690.0,2015.0
2017-12-13 09:00:00,2700.0,2700.0,2670.0,2690.0,9671.0
2017-12-13 10:00:00,2685.0,2700.0,2675.0,2695.0,2418.0
2017-12-13 11:00:00,2700.0,2700.0,2675.0,2680.0,418.0
2017-12-13 12:00:00,2675.0,2690.0,2650.0,2680.0,5232.0
2017-12-13 13:00:00,2705.0,2720.0,2700.0,2700.0,198.0
2017-12-13 14:00:00,2680.0,2725.0,2670.0,2705.0,4000.0
2017-12-13 15:00:00,2700.0,2700.0,2670.0,2700.0,2586.0
2017-12-14 09:00:00,2695.0,2725.0,2685.0,2690.0,1760.0
2017-12-14 10:00:00,2690.0,2725.0,2690.0,2725.0,1238.0
2017-12-14 11:00:00,2715.0,2735.0,2690.0,2730.0,1495.0
2017-12-14 12:00:00,2725.0,2725.0,2690.0,2700.0,1247.0
2017-12-14 13:00:00,2705.0,2710.0,2690.0,2700.0,1639.0
2017-12-14 14:00:00,2700.0,2730.0,2690.0,2725.0,1165.0
2017-12-14 15:00:00,2725.0,2725.0,2700.0,2725.0,373.0
2017-12-15 09:00:00,2675.0,2685.0,2665.0,2665.0,2351.0
2017-12-15 10:00:00,2665.0,2700.0,2665.0,2675.0,2067.0
2017-12-15 11:00:00,2685.0,2685.0,2655.0,2675.0,3718.0
2017-12-15 12:00:00,2725.0,2750.0,2670.0,2725.0,9565.0
2017-12-15 13:00:00,2695.0,2700.0,2650.0,2675.0,17698.0
2017-12-15 14:00:00,2725.0,2730.0,2675.0,2690.0,5695.0
2017-12-15 15:00:00,2675.0,2690.0,2675.0,2690.0,2629.0
2017-12-18 09:00:00,2665.0,2690.0,2650.0,2675.0,2217.0
2017-12-18 10:00:00,2675.0,2700.0,2675.0,2695.0,1454.0
2017-12-18 11:00:00,2675.0,2700.0,2675.0,2700.0,792.0
2017-12-18 12:00:00,2700.0,2705.0,2700.0,2705.0,3485.0
2017-12-18 13:00:00,2710.0,2725.0,2695.0,2695.0,3383.0
2017-12-18 14:00:00,2685.0,2710.0,2685.0,2710.0,661.0
2017-12-18 15:00:00,2690.0,2705.0,2690.0,2705.0,1866.0
2017-12-19 09:00:00,2640.0,2670.0,2635.0,2670.0,767.0
2017-12-19 10:00:00,2640.0,2660.0,2625.0,2635.0,4253.0
2017-12-19 11:00:00,2655.0,2670.0,2640.0,2640.0,8626.0
2017-12-19 12:00:00,2650.0,2655.0,2650.0,2655.0,3905.0
2017-12-19 13:00:00,2675.0,2675.0,2650.0,2650.0,9859.0
2017-12-19 14:00:00,2730.0,2730.0,2660.0,2695.0,1343.0
2017-12-19 15:00:00,2650.0,2655.0,2650.0,2650.0,3151.0
2017-12-20 09:00:00,2670.0,2705.0,2605.0,2645.0,7416.0
2017-12-20 10:00:00,2645.0,2670.0,2605.0,2645.0,2247.0
2017-12-20 11:00:00,2645.0,2650.0,2640.0,2650.0,939.0
2017-12-20 12:00:00,2655.0,2655.0,2635.0,2635.0,2526.0
2017-12-20 13:00:00,2640.0,2645.0,2630.0,2630.0,3508.0
2017-12-20 14:00:00,2630.0,2640.0,2630.0,2630.0,2105.0
2017-12-20 15:00:00,2630.0,2645.0,2595.0,2625.0,7939.0
2017-12-21 09:00:00,2615.0,2625.0,2615.0,2615.0,1118.0
2017-12-21 10:00:00,2625.0,2625.0,2620.0,2620.0,473.0
2017-12-21 11:00:00,2615.0,2640.0,2600.0,2635.0,2606.0
2017-12-21 12:00:00,2575.0,2650.0,2575.0,2650.0,7019.0
2017-12-21 13:00:00,2620.0,2620.0,2605.0,2615.0,2756.0
2017-12-21 14:00:00,2625.0,2645.0,2610.0,2610.0,2573.0
2017-12-22 09:00:00,2615.0,2640.0,2550.0,2630.0,13151.0
2017-12-22 10:00:00,2630.0,2640.0,2615.0,2640.0,2020.0
2017-12-22 11:00:00,2635.0,2685.0,2630.0,2685.0,8542.0
2017-12-22 12:00:00,2650.0,2665.0,2625.0,2635.0,3199.0
2017-12-22 13:00:00,2635.0,2665.0,2635.0,2655.0,2633.0
2017-12-22 14:00:00,2655.0,2655.0,2635.0,2640.0,2557.0
2017-12-22 15:00:00,2640.0,2650.0,2620.0,2645.0,2238.0
2017-12-26 09:00:00,2630.0,2640.0,2630.0,2640.0,5785.0
2017-12-26 10:00:00,2630.0,2630.0,2615.0,2630.0,643.0
2017-12-26 11:00:00,2640.0,2670.0,2610.0,2625.0,13186.0
2017-12-26 12:00:00,2665.0,2665.0,2615.0,2650.0,6903.0
2017-12-26 13:00:00,2650.0,2650.0,2625.0,2645.0,357.0
2017-12-26 14:00:00,2645.0,2670.0,2590.0,2635.0,4663.0
2017-12-26 15:00:00,2640.0,2650.0,2625.0,2650.0,604.0
2017-12-27 09:00:00,2675.0,2765.0,2675.0,2750.0,12575.0
2017-12-27 10:00:00,2745.0,2760.0,2725.0,2760.0,9171.0
2017-12-27 11:00:00,2645.0,2685.0,2645.0,2680.0,2790.0
2017-12-27 12:00:00,2625.0,2660.0,2610.0,2640.0,10060.0
2017-12-27 13:00:00,2640.0,2670.0,2635.0,2665.0,2702.0
2017-12-27 14:00:00,2665.0,2670.0,2600.0,2650.0,3014.0
2017-12-27 15:00:00,2660.0,2665.0,2640.0,2650.0,72.0
2017-12-28 09:00:00,2765.0,2775.0,2715.0,2760.0,1751.0
2017-12-28 10:00:00,2750.0,2800.0,2750.0,2785.0,3632.0
2017-12-28 11:00:00,2790.0,2810.0,2760.0,2760.0,2923.0
2017-12-28 12:00:00,2795.0,2800.0,2750.0,2775.0,2351.0
2017-12-28 13:00:00,2760.0,2800.0,2760.0,2775.0,1463.0
2017-12-28 14:00:00,2760.0,2800.0,2760.0,2795.0,5126.0
2017-12-28 15:00:00,2790.0,2795.0,2700.0,2700.0,3972.0
2018-01-02 09:00:00,2785.0,2835.0,2785.0,2835.0,3240.0
2018-01-02 10:00:00,2835.0,2850.0,2805.0,2830.0,1881.0
2018-01-02 11:00:00,2805.0,2830.0,2745.0,2810.0,1878.0
2018-01-02 12:00:00,2680.0,2750.0,2680.0,2750.0,7712.0
2018-01-02 13:00:00,2745.0,2795.0,2745.0,2795.0,3766.0
2018-01-02 14:00:00,2795.0,2850.0,2785.0,2850.0,6590.0
2018-01-03 09:00:00,2835.0,2900.0,2800.0,2860.0,7275.0
2018-01-03 10:00:00,2855.0,2860.0,2830.0,2850.0,5243.0
2018-01-03 11:00:00,2860.0,2860.0,2835.0,2855.0,2268.0
2018-01-03 12:00:00,2855.0,2865.0,2840.0,2845.0,4278.0
2018-01-03 13:00:00,2850.0,2860.0,2825.0,2850.0,5345.0
2018-01-03 14:00:00,2830.0,2860.0,2830.0,2850.0,3118.0
2018-01-03 15:00:00,2850.0,2860.0,2830.0,2860.0,6965.0
2018-01-04 09:00:00,2880.0,2910.0,2865.0,2895.0,8767.0
2018-01-04 10:00:00,2880.0,2885.0,2840.0,2880.0,10130.0
2018-01-04 11:00:00,2895.0,2895.0,2870.0,2895.0,4855.0
2018-01-04 12:00:00,2840.0,2915.0,2840.0,2870.0,17417.0
2018-01-04 13:00:00,2875.0,2875.0,2825.0,2840.0,11264.0
2018-01-04 14:00:00,2860.0,2900.0,2855.0,2875.0,9870.0
2018-01-04 15:00:00,2875.0,2885.0,2870.0,2880.0,2940.0
2018-01-05 09:00:00,2890.0,2905.0,2885.0,2905.0,16753.0
2018-01-05 10:00:00,2885.0,2900.0,2875.0,2895.0,5063.0
2018-01-05 11:00:00,2895.0,2895.0,2870.0,2895.0,13587.0
2018-01-05 12:00:00,2900.0,2900.0,2880.0,2895.0,9725.0
2018-01-05 13:00:00,2895.0,2895.0,2875.0,2895.0,8631.0
2018-01-05 14:00:00,2885.0,2900.0,2885.0,2895.0,3149.0
2018-01-05 15:00:00,2910.0,2920.0,2865.0,2895.0,5905.0
2018-01-08 09:00:00,2905.0,2910.0,2900.0,2910.0,1979.0
2018-01-08 10:00:00,2925.0,2995.0,2890.0,2940.0,10197.0
2018-01-08 11:00:00,2940.0,2955.0,2910.0,2935.0,6300.0
2018-01-08 12:00:00,2915.0,2930.0,2900.0,2930.0,5566.0
2018-01-08 13:00:00,2925.0,2930.0,2895.0,2910.0,5737.0
2018-01-08 14:00:00,2910.0,2920.0,2890.0,2915.0,6368.0
2018-01-08 15:00:00,2915.0,2915.0,2905.0,2905.0,3557.0
2018-01-09 09:00:00,2915.0,2930.0,2895.0,2930.0,3886.0
2018-01-09 10:00:00,2935.0,2935.0,2900.0,2930.0,796.0
2018-01-09 11:00:00,2920.0,2920.0,2900.0,2900.0,750.0
2018-01-09 12:00:00,2900.0,2925.0,2875.0,2920.0,12189.0
2018-01-09 13:00:00,2905.0,2905.0,2885.0,2900.0,3935.0
2018-01-09 14:00:00,2915.0,2945.0,2900.0,2935.0,8618.0
2018-01-09 15:00:00,2910.0,2935.0,2865.0,2905.0,2429.0
2018-01-10 09:00:00,2930.0,2940.0,2905.0,2935.0,14360.0
2018-01-10 10:00:00,2935.0,2945.0,2935.0,2940.0,7769.0
2018-01-10 11:00:00,2935.0,2970.0,2930.0,2965.0,24904.0
2018-01-10 12:00:00,2960.0,2965.0,2950.0,2955.0,2480.0
2018-01-10 13:00:00,2960.0,2975.0,2955.0,2970.0,7482.0
2018-01-10 14:00:00,2970.0,2975.0,2935.0,2955.0,15437.0
2018-01-10 15:00:00,2955.0,2970.0,2955.0,2970.0,4752.0
2018-01-11 09:00:00,3145.0,3175.0,3145.0,3165.0,29380.0
2018-01-11 10:00:00,3060.0,3145.0,3060.0,3145.0,40479.0
2018-01-11 11:00:00,3055.0,3085.0,3045.0,3080.0,3968.0
2018-01-11 12:00:00,3010.0,3020.0,2985.0,3015.0,5114.0
2018-01-11 13:00:00,3015.0,3120.0,3015.0,3080.0,34270.0
2018-01-11 14:00:00,2975.0,3030.0,2975.0,3005.0,24053.0
2018-01-11 15:00:00,3080.0,3100.0,3060.0,3060.0,7740.0
2018-01-12 09:00:00,3255.0,3270.0,3215.0,3220.0,24468.0
2018-01-12 10:00:00,3220.0,3240.0,3215.0,3240.0,3274.0
2018-01-12 11:00:00,3285.0,3285.0,3250.0,3255.0,3178.0
2018-01-12 12:00:00,3225.0,3280.0,3215.0,3260.0,29945.0
2018-01-12 13:00:00,3270.0,3290.0,3205.0,3225.0,16490.0
2018-01-12 14:00:00,3225.0,3290.0,3205.0,3280.0,15426.0
2018-01-12 15:00:00,3170.0,3310.0,3170.0,3225.0,66899.0
2018-01-15 09:00:00,3310.0,3310.0,3240.0,3270.0,5837.0
2018-01-15 10:00:00,3270.0,3310.0,3265.0,3285.0,13986.0
2018-01-15 11:00:00,3285.0,3285.0,3225.0,3245.0,14231.0
2018-01-15 12:00:00,3250.0,3255.0,3230.0,3245.0,5737.0
2018-01-15 13:00:00,3240.0,3245.0,3225.0,3225.0,7110.0
2018-01-15 14:00:00,3225.0,3280.0,3215.0,3250.0,9195.0
2018-01-15 15:00:00,3260.0,3265.0,3220.0,3220.0,8552.0
2018-01-16 09:00:00,3245.0,3250.0,3215.0,3240.0,2062.0
2018-01-16 10:00:00,3240.0,3250.0,3220.0,3250.0,5358.0
2018-01-16 11:00:00,3230.0,3250.0,3215.0,3220.0,3998.0
2018-01-16 12:00:00,3210.0,3245.0,3210.0,3245.0,14298.0
2018-01-16 13:00:00,3200.0,3225.0,3180.0,3215.0,7683.0
2018-01-16 14:00:00,3270.0,3270.0,3165.0,3200.0,16760.0
2018-01-16 15:00:00,3225.0,3245.0,3210.0,3215.0,6585.0
2018-01-17 09:00:00,3250.0,3255.0,3215.0,3220.0,4528.0
2018-01-17 10:00:00,3220.0,3245.0,3220.0,3245.0,3077.0
2018-01-17 11:00:00,3245.0,3250.0,3230.0,3250.0,2632.0
2018-01-17 12:00:00,3250.0,3265.0,3250.0,3265.0,4167.0
2018-01-17 13:00:00,3265.0,3265.0,3250.0,3255.0,2959.0
2018-01-17 14:00:00,3260.0,3260.0,3245.0,3255.0,7418.0
2018-01-17 15:00:00,3255.0,3275.0,3255.0,3275.0,7772.0
2018-01-18 09:00:00,3280.0,3280.0,3260.0,3260.0,1861.0
2018-01-18 10:00:00,3260.0,3285.0,3210.0,3280.0,10451.0
2018-01-18 11:00:00,3275.0,3275.0,3245.0,3265.0,3127.0
2018-01-18 12:00:00,3275.0,3320.0,3245.0,3245.0,8914.0
2018-01-18 13:00:00,3265.0,3265.0,3240.0,3255.0,3267.0
2018-01-18 14:00:00,3245.0,3270.0,3230.0,3265.0,2446.0
2018-01-18 15:00:00,3255.0,3275.0,3215.0,3275.0,5099.0
2018-01-19 09:00:00,3260.0,3265.0,3250.0,3250.0,1253.0
2018-01-19 10:00:00,3250.0,3260.0,3250.0,3260.0,967.0
2018-01-19 11:00:00,3255.0,3265.0,3250.0,3260.0,2082.0
2018-01-19 12:00:00,3260.0,3295.0,3220.0,3265.0,3888.0
2018-01-19 13:00:00,3255.0,3260.0,3240.0,3255.0,1471.0
2018-01-19 14:00:00,3265.0,3270.0,3225.0,3255.0,1935.0
2018-01-19 15:00:00,3240.0,3260.0,3240.0,3250.0,1720.0
2018-01-22 09:00:00,3275.0,3290.0,3205.0,3265.0,6065.0
2018-01-22 10:00:00,3265.0,3285.0,3225.0,3260.0,4689.0
2018-01-22 11:00:00,3260.0,3270.0,3260.0,3270.0,845.0
2018-01-22 12:00:00,3270.0,3270.0,3260.0,3260.0,270.0
2018-01-22 13:00:00,3260.0,3265.0,3255.0,3265.0,566.0
2018-01-22 14:00:00,3265.0,3275.0,3260.0,3260.0,4447.0
2018-01-22 15:00:00,3260.0,3270.0,3255.0,3270.0,1665.0
2018-01-23 09:00:00,3265.0,3270.0,3260.0,3270.0,3925.0
2018-01-23 10:00:00,3280.0,3280.0,3225.0,3270.0,5570.0
2018-01-23 11:00:00,3275.0,3280.0,3265.0,3280.0,7282.0
2018-01-23 12:00:00,3270.0,3285.0,3245.0,3275.0,4621.0
2018-01-23 13:00:00,3280.0,3285.0,3235.0,3280.0,5825.0
2018-01-23 14:00:00,3270.0,3280.0,3225.0,3280.0,8183.0
2018-01-23 15:00:00,3270.0,3300.0,3245.0,3275.0,4394.0
2018-01-24 09:00:00,3280.0,3310.0,3280.0,3310.0,14853.0
2018-01-24 10:00:00,3310.0,3335.0,3310.0,3335.0,12913.0
2018-01-24 11:00:00,3335.0,3500.0,3325.0,3410.0,51572.0
2018-01-24 12:00:00,3425.0,3440.0,3350.0,3395.0,23072.0
2018-01-24 13:00:00,3395.0,3395.0,3350.0,3380.0,14334.0
2018-01-24 14:00:00,3380.0,3395.0,3375.0,3390.0,8843.0
2018-01-24 15:00:00,3310.0,3315.0,3270.0,3290.0,2807.0
2018-01-25 09:00:00,3360.0,3400.0,3275.0,3350.0,19491.0
2018-01-25 10:00:00,3400.0,3400.0,3330.0,3365.0,12365.0
2018-01-25 11:00:00,3395.0,3410.0,3350.0,3400.0,6664.0
2018-01-25 12:00:00,3395.0,3415.0,3390.0,3415.0,2272.0
2018-01-25 13:00:00,3445.0,3445.0,3350.0,3405.0,14298.0
2018-01-25 14:00:00,3360.0,3450.0,3345.0,3445.0,12153.0
2018-01-25 15:00:00,3410.0,3410.0,3365.0,3400.0,7835.0
2018-01-26 09:00:00,3430.0,3445.0,3350.0,3395.0,18747.0
2018-01-26 10:00:00,3385.0,3430.0,3385.0,3430.0,7979.0
2018-01-26 11:00:00,3425.0,3450.0,3415.0,3430.0,4761.0
2018-01-26 12:00:00,3335.0,3415.0,3335.0,3405.0,13371.0
2018-01-26 13:00:00,3380.0,3415.0,3380.0,3405.0,3021.0
2018-01-26 14:00:00,3305.0,3375.0,3300.0,3355.0,17331.0
2018-01-26 15:00:00,3400.0,3465.0,3400.0,3440.0,12321.0
2018-01-29 09:00:00,3475.0,3475.0,3405.0,3425.0,5642.0
2018-01-29 10:00:00,3410.0,3425.0,3405.0,3410.0,5799.0
2018-01-29 11:00:00,3420.0,3505.0,3420.0,3480.0,23968.0
2018-01-29 12:00:00,3480.0,3510.0,3470.0,3475.0,15269.0
2018-01-29 13:00:00,3475.0,3475.0,3425.0,3450.0,14602.0
2018-01-29 14:00:00,3450.0,3470.0,3430.0,3450.0,5252.0
2018-01-29 15:00:00,3450.0,3470.0,3450.0,3470.0,4467.0
2018-01-30 09:00:00,3430.0,3445.0,3425.0,3435.0,2419.0
2018-01-30 10:00:00,3465.0,3490.0,3400.0,3415.0,6925.0
2018-01-30 11:00:00,3420.0,3455.0,3395.0,3445.0,3341.0
2018-01-30 12:00:00,3465.0,3475.0,3455.0,3475.0,2945.0
2018-01-30 13:00:00,3470.0,3505.0,3425.0,3425.0,25861.0
2018-01-30 14:00:00,3430.0,3470.0,3425.0,3465.0,4462.0
2018-01-30 15:00:00,3475.0,3490.0,3445.0,3445.0,3341.0
2018-01-31 09:00:00,3430.0,3430.0,3370.0,3390.0,7558.0
2018-01-31 10:00:00,3390.0,3390.0,3335.0,3375.0,10464.0
2018-01-31 11:00:00,3375.0,3375.0,3365.0,3370.0,1156.0
2018-01-31 12:00:00,3365.0,3370.0,3360.0,3370.0,1230.0
2018-01-31 13:00:00,3375.0,3375.0,3320.0,3345.0,13020.0
2018-01-31 14:00:00,3340.0,3350.0,3255.0,3315.0,27275.0
2018-01-31 15:00:00,3330.0,3370.0,3330.0,3360.0,6484.0
2018-02-01 09:00:00,3440.0,3465.0,3430.0,3465.0,3019.0
2018-02-01 10:00:00,3470.0,3475.0,3420.0,3435.0,6010.0
2018-02-01 11:00:00,3485.0,3485.0,3450.0,3450.0,2994.0
2018-02-01 12:00:00,3360.0,3455.0,3360.0,3455.0,16275.0
2018-02-01 13:00:00,3440.0,3475.0,3440.0,3475.0,3314.0
2018-02-01 14:00:00,3440.0,3505.0,3440.0,3470.0,30804.0
2018-02-01 15:00:00,3460.0,3490.0,3460.0,3485.0,2910.0
2018-02-02 09:00:00,3370.0,3380.0,3315.0,3370.0,16953.0
2018-02-02 10:00:00,3335.0,3425.0,3315.0,3425.0,9498.0
2018-02-02 11:00:00,3350.0,3370.0,3325.0,3335.0,5859.0
2018-02-02 12:00:00,3465.0,3470.0,3380.0,3380.0,9695.0
2018-02-02 13:00:00,3380.0,3415.0,3340.0,3365.0,4927.0
2018-02-02 14:00:00,3380.0,3400.0,3350.0,3385.0,7140.0
2018-02-02 15:00:00,3345.0,3375.0,3320.0,3320.0,11569.0
2018-02-05 09:00:00,3325.0,3355.0,3290.0,3345.0,8302.0
2018-02-05 10:00:00,3315.0,3325.0,3300.0,3305.0,3553.0
2018-02-05 11:00:00,3310.0,3310.0,3240.0,3255.0,14295.0
2018-02-05 12:00:00,3265.0,3265.0,3175.0,3265.0,32514.0
2018-02-05 13:00:00,3225.0,3270.0,3220.0,3245.0,7202.0
2018-02-05 14:00:00,3230.0,3240.0,3210.0,3235.0,6823.0
2018-02-05 15:00:00,3230.0,3235.0,3160.0,3160.0,20029.0
2018-02-06 09:00:00,3000.0,3025.0,2975.0,3025.0,7487.0
2018-02-06 10:00:00,2990.0,3015.0,2975.0,3000.0,14966.0
2018-02-06 11:00:00,2960.0,2990.0,2950.0,2990.0,17269.0
2018-02-06 12:00:00,2965.0,3045.0,2945.0,2990.0,24727.0
2018-02-06 13:00:00,2975.0,2985.0,2925.0,2975.0,6314.0
2018-02-06 14:00:00,2960.0,2975.0,2950.0,2970.0,4676.0
2018-02-06 15:00:00,2965.0,3050.0,2965.0,2965.0,26773.0
2018-02-07 09:00:00,3050.0,3060.0,3025.0,3060.0,4731.0
2018-02-07 10:00:00,3060.0,3060.0,3030.0,3030.0,8692.0
2018-02-07 11:00:00,3030.0,3050.0,3020.0,3045.0,7552.0
2018-02-07 12:00:00,3035.0,3040.0,3005.0,3020.0,8016.0
2018-02-07 13:00:00,3015.0,3020.0,3000.0,3015.0,3117.0
2018-02-07 14:00:00,3000.0,3020.0,2950.0,2950.0,5868.0
2018-02-07 15:00:00,3025.0,3105.0,3020.0,3050.0,9536.0
2018-02-08 09:00:00,3075.0,3080.0,3065.0,3080.0,1445.0
2018-02-08 10:00:00,3055.0,3080.0,3030.0,3080.0,6275.0
2018-02-08 11:00:00,3040.0,3055.0,3040.0,3055.0,1589.0
2018-02-08 12:00:00,3070.0,3075.0,3025.0,3040.0,3473.0
2018-02-08 13:00:00,3015.0,3070.0,3015.0,3070.0,13401.0
2018-02-08 14:00:00,2965.0,3020.0,2950.0,3015.0,13089.0
2018-02-08 15:00:00,3040.0,3040.0,3010.0,3010.0,936.0
2018-02-09 09:00:00,3045.0,3045.0,3010.0,3035.0,1810.0
2018-02-09 10:00:00,3035.0,3045.0,2995.0,3040.0,5112.0
2018-02-09 11:00:00,3005.0,3040.0,3005.0,3040.0,9271.0
2018-02-09 12:00:00,3025.0,3025.0,3015.0,3015.0,228.0
2018-02-09 13:00:00,3040.0,3040.0,3030.0,3030.0,180.0
2018-02-09 14:00:00,3005.0,3045.0,2930.0,3040.0,4753.0
2018-02-09 15:00:00,3015.0,3015.0,2960.0,3000.0,11225.0
2018-02-12 09:00:00,3040.0,3050.0,2995.0,3040.0,1847.0
2018-02-12 10:00:00,3040.0,3040.0,3000.0,3035.0,1197.0
2018-02-12 11:00:00,3010.0,3030.0,3000.0,3025.0,1604.0
2018-02-12 12:00:00,3015.0,3050.0,3010.0,3050.0,1947.0
2018-02-12 13:00:00,3045.0,3050.0,3015.0,3040.0,2661.0
2018-02-12 14:00:00,3030.0,3040.0,3010.0,3010.0,3344.0
2018-02-12 15:00:00,3010.0,3035.0,3005.0,3035.0,693.0
2018-02-13 09:00:00,3035.0,3035.0,3025.0,3025.0,1450.0
2018-02-13 10:00:00,3025.0,3030.0,3025.0,3030.0,109.0
2018-02-13 11:00:00,3045.0,3045.0,3035.0,3035.0,2106.0
2018-02-13 12:00:00,3050.0,3070.0,3010.0,3045.0,634.0
2018-02-13 13:00:00,3045.0,3060.0,3045.0,3045.0,1673.0
2018-02-13 14:00:00,3040.0,3045.0,3015.0,3045.0,1273.0
2018-02-13 15:00:00,3035.0,3095.0,3020.0,3050.0,5517.0
2018-02-14 09:00:00,3030.0,3050.0,3030.0,3050.0,2024.0
2018-02-14 10:00:00,3045.0,3075.0,3025.0,3075.0,8012.0
2018-02-14 11:00:00,3050.0,3090.0,3045.0,3085.0,1208.0
2018-02-14 12:00:00,3055.0,3080.0,3035.0,3055.0,3594.0
2018-02-14 13:00:00,3050.0,3195.0,3035.0,3130.0,47129.0
2018-02-14 14:00:00,3130.0,3135.0,3035.0,3095.0,15710.0
2018-02-14 15:00:00,3055.0,3065.0,3030.0,3050.0,2213.0
2018-02-19 09:00:00,3135.0,3150.0,3120.0,3145.0,3401.0
2018-02-19 10:00:00,3130.0,3160.0,3120.0,3160.0,6020.0
2018-02-19 11:00:00,3155.0,3155.0,3130.0,3140.0,3505.0
2018-02-19 12:00:00,3110.0,3140.0,3100.0,3110.0,7565.0
2018-02-19 13:00:00,3090.0,3125.0,3075.0,3125.0,7060.0
2018-02-19 14:00:00,3100.0,3150.0,3050.0,3090.0,10988.0
2018-02-19 15:00:00,3120.0,3130.0,3100.0,3130.0,6000.0
2018-02-20 09:00:00,3190.0,3190.0,3120.0,3145.0,2903.0
2018-02-20 10:00:00,3150.0,3150.0,3100.0,3145.0,6571.0
2018-02-20 11:00:00,3140.0,3145.0,3090.0,3090.0,731.0
2018-02-20 12:00:00,3100.0,3140.0,3095.0,3140.0,262.0
2018-02-20 13:00:00,3130.0,3150.0,3125.0,3150.0,2677.0
2018-02-20 14:00:00,3150.0,3155.0,3115.0,3140.0,1191.0
2018-02-20 15:00:00,3140.0,3165.0,3140.0,3165.0,2854.0
2018-02-21 09:00:00,3160.0,3235.0,3160.0,3235.0,14767.0
2018-02-21 10:00:00,3195.0,3225.0,3165.0,3165.0,8230.0
2018-02-21 11:00:00,3170.0,3195.0,3135.0,3195.0,4257.0
2018-02-21 12:00:00,3125.0,3170.0,3120.0,3170.0,8593.0
2018-02-21 13:00:00,3165.0,3165.0,3120.0,3150.0,1395.0
2018-02-21 14:00:00,3170.0,3235.0,3030.0,3030.0,13846.0
2018-02-21 15:00:00,3125.0,3160.0,3125.0,3125.0,3813.0
2018-02-22 09:00:00,3330.0,3820.0,3330.0,3500.0,741977.0
2018-02-22 10:00:00,3500.0,3650.0,3480.0,3620.0,181507.0
2018-02-22 11:00:00,3630.0,3725.0,3565.0,3600.0,182401.0
2018-02-22 12:00:00,3615.0,3865.0,3610.0,3720.0,360833.0
2018-02-22 13:00:00,3725.0,4060.0,3720.0,3985.0,1026450.0
2018-02-22 14:00:00,3990.0,4040.0,3785.0,4020.0,591681.0
2018-02-22 15:00:00,4020.0,4100.0,3700.0,3735.0,498248.0
2018-02-23 09:00:00,3860.0,3890.0,3850.0,3890.0,29245.0
2018-02-23 10:00:00,3880.0,3900.0,3835.0,3860.0,39101.0
2018-02-23 11:00:00,3860.0,3905.0,3835.0,3875.0,35893.0
2018-02-23 12:00:00,3820.0,3975.0,3780.0,3845.0,313181.0
2018-02-23 13:00:00,3845.0,3875.0,3755.0,3860.0,89954.0
2018-02-23 14:00:00,3835.0,3860.0,3685.0,3825.0,301096.0
2018-02-23 15:00:00,3860.0,3885.0,3825.0,3865.0,29650.0
2018-02-26 09:00:00,4040.0,4115.0,4005.0,4115.0,91118.0
2018-02-26 10:00:00,4115.0,4175.0,4085.0,4155.0,156362.0
2018-02-26 11:00:00,4015.0,4070.0,3985.0,4040.0,58092.0
2018-02-26 12:00:00,4015.0,4065.0,3995.0,4015.0,66329.0
2018-02-26 13:00:00,4015.0,4035.0,3955.0,3960.0,87804.0
2018-02-26 14:00:00,4040.0,4210.0,3975.0,4000.0,480246.0
2018-02-26 15:00:00,3960.0,4015.0,3960.0,4015.0,32462.0
2018-02-27 09:00:00,4155.0,4370.0,4135.0,4210.0,387208.0
2018-02-27 10:00:00,4195.0,4280.0,4170.0,4250.0,87136.0
2018-02-27 11:00:00,4250.0,4260.0,4160.0,4160.0,34229.0
2018-02-27 12:00:00,4165.0,4200.0,4165.0,4195.0,27848.0
2018-02-27 13:00:00,4195.0,4195.0,4105.0,4105.0,60828.0
2018-02-27 14:00:00,4105.0,4145.0,3985.0,4145.0,91928.0
2018-02-27 15:00:00,4130.0,4155.0,4110.0,4115.0,36593.0
2018-02-28 09:00:00,4235.0,4240.0,4190.0,4220.0,14241.0
2018-02-28 10:00:00,4140.0,4200.0,4110.0,4185.0,24806.0
2018-02-28 11:00:00,4185.0,4235.0,4160.0,4230.0,23074.0
2018-02-28 12:00:00,4215.0,4225.0,4110.0,4175.0,49258.0
2018-02-28 13:00:00,4040.0,4335.0,4015.0,4270.0,195881.0
2018-02-28 14:00:00,4270.0,4345.0,4200.0,4215.0,109374.0
2018-02-28 15:00:00,4185.0,4200.0,4105.0,4140.0,41528.0
2018-03-02 09:00:00,4195.0,4300.0,4100.0,4180.0,104409.0
2018-03-02 10:00:00,4180.0,4230.0,4160.0,4165.0,21994.0
2018-03-02 11:00:00,4170.0,4185.0,4100.0,4160.0,36576.0
2018-03-02 12:00:00,4170.0,4185.0,4105.0,4185.0,23847.0
2018-03-02 13:00:00,4185.0,4215.0,4175.0,4195.0,22983.0
2018-03-02 14:00:00,4190.0,4210.0,4160.0,4185.0,29840.0
2018-03-02 15:00:00,4185.0,4190.0,4160.0,4180.0,18771.0
2018-03-05 09:00:00,3890.0,3910.0,3870.0,3870.0,27104.0
2018-03-05 10:00:00,3920.0,3920.0,3850.0,3890.0,81438.0
2018-03-05 11:00:00,3935.0,3945.0,3890.0,3920.0,51303.0
2018-03-05 12:00:00,4160.0,4170.0,3985.0,3990.0,96532.0
2018-03-05 13:00:00,4000.0,4015.0,3940.0,3955.0,31062.0
2018-03-05 14:00:00,3990.0,4045.0,3945.0,4005.0,56308.0
2018-03-05 15:00:00,3945.0,3965.0,3925.0,3935.0,40079.0
2018-03-06 09:00:00,3895.0,3900.0,3870.0,3885.0,29294.0
2018-03-06 10:00:00,3885.0,3885.0,3850.0,3870.0,22658.0
2018-03-06 11:00:00,3870.0,3905.0,3870.0,3895.0,19491.0
2018-03-06 12:00:00,3880.0,3975.0,3880.0,3900.0,44999.0
2018-03-06 13:00:00,3865.0,3875.0,3850.0,3870.0,9357.0
2018-03-06 14:00:00,3900.0,3920.0,3825.0,3865.0,50382.0
2018-03-06 15:00:00,3870.0,3880.0,3860.0,3870.0,1869.0
2018-03-07 09:00:00,3950.0,3950.0,3805.0,3870.0,35387.0
2018-03-07 10:00:00,3865.0,3940.0,3860.0,3935.0,18646.0
2018-03-07 11:00:00,3905.0,3960.0,3875.0,3950.0,13759.0
2018-03-07 12:00:00,3950.0,3950.0,3890.0,3920.0,13230.0
2018-03-07 13:00:00,3920.0,3925.0,3885.0,3905.0,10252.0
2018-03-07 14:00:00,3900.0,3970.0,3875.0,3970.0,33077.0
2018-03-07 15:00:00,3965.0,4000.0,3965.0,3985.0,26215.0
2018-03-08 09:00:00,3990.0,3990.0,3955.0,3980.0,7863.0
2018-03-08 10:00:00,3980.0,3985.0,3975.0,3985.0,5991.0
2018-03-08 11:00:00,3995.0,4005.0,3960.0,3995.0,8615.0
2018-03-08 12:00:00,4000.0,4050.0,3970.0,3990.0,24498.0
2018-03-08 13:00:00,4015.0,4030.0,3970.0,3970.0,6668.0
2018-03-08 14:00:00,3950.0,4095.0,3950.0,4000.0,61891.0
2018-03-08 15:00:00,3975.0,3995.0,3975.0,3990.0,5496.0
2018-03-09 09:00:00,3995.0,4375.0,3995.0,4240.0,360751.0
2018-03-09 10:00:00,4245.0,4245.0,4045.0,4090.0,112476.0
2018-03-09 11:00:00,4090.0,4165.0,4085.0,4100.0,51937.0
2018-03-09 12:00:00,4105.0,4120.0,4035.0,4055.0,48477.0
2018-03-09 13:00:00,4060.0,4095.0,4030.0,4085.0,26661.0
2018-03-09 14:00:00,4050.0,4230.0,4030.0,4090.0,60021.0
2018-03-09 15:00:00,4080.0,4110.0,4065.0,4075.0,16777.0
2018-03-12 09:00:00,3910.0,3935.0,3875.0,3875.0,54282.0
2018-03-12 10:00:00,3900.0,3945.0,3885.0,3910.0,23519.0
2018-03-12 11:00:00,3940.0,3940.0,3900.0,3900.0,43392.0
2018-03-12 12:00:00,4020.0,4110.0,3880.0,4035.0,82063.0
2018-03-12 13:00:00,3965.0,3995.0,3935.0,3980.0,24061.0
2018-03-12 14:00:00,4035.0,4040.0,3960.0,3965.0,25838.0
2018-03-12 15:00:00,3985.0,3990.0,3930.0,3940.0,10464.0
2018-03-13 09:00:00,3900.0,3915.0,3815.0,3840.0,31621.0
2018-03-13 10:00:00,3840.0,3855.0,3820.0,3855.0,14548.0
2018-03-13 11:00:00,3890.0,3915.0,3860.0,3915.0,16665.0
2018-03-13 12:00:00,3905.0,4065.0,3875.0,4000.0,83644.0
2018-03-13 13:00:00,3985.0,3985.0,3930.0,3935.0,10123.0
2018-03-13 14:00:00,3990.0,4045.0,3985.0,3985.0,48501.0
2018-03-13 15:00:00,3935.0,3940.0,3890.0,3900.0,13406.0
2018-03-14 09:00:00,3855.0,3855.0,3805.0,3835.0,21641.0
2018-03-14 10:00:00,3840.0,3840.0,3775.0,3775.0,22466.0
2018-03-14 11:00:00,3780.0,3820.0,3770.0,3820.0,8604.0
2018-03-14 12:00:00,3820.0,3840.0,3780.0,3820.0,10203.0
2018-03-14 13:00:00,3810.0,3850.0,3800.0,3850.0,9575.0
2018-03-14 14:00:00,3850.0,3915.0,3835.0,3870.0,35159.0
2018-03-14 15:00:00,3870.0,3870.0,3840.0,3840.0,9759.0
2018-03-15 09:00:00,3830.0,3935.0,3825.0,3935.0,47078.0
2018-03-15 10:00:00,3935.0,4030.0,3915.0,4010.0,65973.0
2018-03-15 11:00:00,3855.0,3870.0,3830.0,3830.0,8300.0
2018-03-15 12:00:00,3910.0,3985.0,3850.0,3910.0,37495.0
2018-03-15 13:00:00,3780.0,3860.0,3775.0,3830.0,18158.0
2018-03-15 14:00:00,3900.0,3920.0,3775.0,3775.0,61060.0
2018-03-15 15:00:00,3850.0,3860.0,3835.0,3850.0,10226.0
2018-03-16 09:00:00,4015.0,4040.0,3930.0,3970.0,62874.0
2018-03-16 10:00:00,3945.0,3965.0,3920.0,3945.0,28127.0
2018-03-16 11:00:00,3940.0,3940.0,3900.0,3910.0,24191.0
2018-03-16 12:00:00,3910.0,3915.0,3875.0,3890.0,16294.0
2018-03-16 13:00:00,3890.0,3910.0,3885.0,3895.0,3948.0
2018-03-16 14:00:00,3900.0,3910.0,3870.0,3880.0,17074.0
2018-03-16 15:00:00,3885.0,3895.0,3870.0,3895.0,18459.0
2018-03-19 09:00:00,3815.0,3830.0,3785.0,3800.0,22853.0
2018-03-19 10:00:00,3815.0,3835.0,3810.0,3815.0,13248.0
2018-03-19 11:00:00,3805.0,3820.0,3795.0,3815.0,21534.0
2018-03-19 12:00:00,3815.0,3820.0,3805.0,3805.0,9392.0
2018-03-19 13:00:00,3835.0,3835.0,3810.0,3810.0,17155.0
2018-03-19 14:00:00,3895.0,3920.0,3815.0,3830.0,28575.0
2018-03-19 15:00:00,3810.0,3835.0,3800.0,3815.0,14551.0
2018-03-20 09:00:00,3750.0,3820.0,3745.0,3805.0,17566.0
2018-03-20 10:00:00,3800.0,3890.0,3800.0,3820.0,24786.0
2018-03-20 11:00:00,3820.0,3840.0,3800.0,3820.0,6608.0
2018-03-20 12:00:00,3820.0,3840.0,3800.0,3815.0,5230.0
2018-03-20 13:00:00,3815.0,3850.0,3800.0,3830.0,14968.0
2018-03-20 14:00:00,3820.0,3970.0,3815.0,3965.0,41357.0
2018-03-20 15:00:00,3955.0,3970.0,3915.0,3950.0,33803.0
2018-03-21 09:00:00,4375.0,4645.0,4375.0,4645.0,317509.0
2018-03-21 10:00:00,4290.0,4580.0,4265.0,4500.0,282610.0
2018-03-21 11:00:00,4535.0,4565.0,4315.0,4375.0,236818.0
2018-03-21 12:00:00,4060.0,4285.0,4055.0,4280.0,278420.0
2018-03-21 13:00:00,4280.0,4580.0,4225.0,4295.0,448322.0
2018-03-21 14:00:00,4040.0,4090.0,4020.0,4055.0,73788.0
2018-03-21 15:00:00,3900.0,4050.0,3850.0,4040.0,75202.0
2018-03-22 09:00:00,4415.0,4435.0,4385.0,4415.0,57495.0
2018-03-22 10:00:00,4545.0,4545.0,4400.0,4415.0,97226.0
2018-03-22 11:00:00,4510.0,4540.0,4500.0,4520.0,33629.0
2018-03-22 12:00:00,4600.0,4695.0,4460.0,4500.0,274017.0
2018-03-22 13:00:00,4545.0,4560.0,4510.0,4560.0,19599.0
2018-03-22 14:00:00,4500.0,4590.0,4475.0,4550.0,100050.0
2018-03-22 15:00:00,4545.0,4560.0,4510.0,4510.0,27293.0
2018-03-23 09:00:00,4225.0,4365.0,4125.0,4320.0,123002.0
2018-03-23 10:00:00,4315.0,4315.0,4195.0,4215.0,80651.0
2018-03-23 11:00:00,4220.0,4255.0,4200.0,4255.0,22607.0
2018-03-23 12:00:00,4255.0,4320.0,4240.0,4300.0,10365.0
2018-03-23 13:00:00,4300.0,4390.0,4255.0,4345.0,62428.0
2018-03-23 14:00:00,4325.0,4345.0,4180.0,4205.0,79269.0
2018-03-23 15:00:00,4200.0,4300.0,4160.0,4300.0,39405.0
2018-03-26 09:00:00,4420.0,4450.0,4390.0,4450.0,26623.0
2018-03-26 10:00:00,4425.0,4460.0,4405.0,4420.0,35412.0
2018-03-26 11:00:00,4400.0,4445.0,4390.0,4425.0,15573.0
2018-03-26 12:00:00,4295.0,4440.0,4255.0,4405.0,198644.0
2018-03-26 13:00:00,4455.0,4515.0,4410.0,4415.0,69047.0
2018-03-26 14:00:00,4400.0,4470.0,4370.0,4455.0,133200.0
2018-03-26 15:00:00,4410.0,4420.0,4355.0,4400.0,35334.0
2018-03-27 09:00:00,4475.0,4485.0,4430.0,4440.0,40695.0
2018-03-27 10:00:00,4435.0,4460.0,4415.0,4415.0,16115.0
2018-03-27 11:00:00,4490.0,4505.0,4450.0,4450.0,18856.0
2018-03-27 12:00:00,4520.0,4555.0,4400.0,4400.0,102448.0
2018-03-27 13:00:00,4470.0,4475.0,4430.0,4445.0,9381.0
2018-03-27 14:00:00,4400.0,4475.0,4400.0,4475.0,17140.0
2018-03-27 15:00:00,4455.0,4500.0,4445.0,4480.0,14623.0
2018-03-28 09:00:00,4525.0,4635.0,4415.0,4510.0,262182.0
2018-03-28 10:00:00,4510.0,4695.0,4505.0,4670.0,158218.0
2018-03-28 11:00:00,4670.0,4710.0,4585.0,4600.0,65184.0
2018-03-28 12:00:00,4595.0,4645.0,4550.0,4635.0,23116.0
2018-03-28 13:00:00,4635.0,4640.0,4540.0,4565.0,36283.0
2018-03-28 14:00:00,4565.0,4605.0,4505.0,4555.0,17783.0
2018-03-28 15:00:00,4555.0,4650.0,4540.0,4650.0,32523.0
2018-03-29 09:00:00,4620.0,4620.0,4595.0,4610.0,8734.0
2018-03-29 10:00:00,4610.0,4645.0,4610.0,4645.0,6954.0
2018-03-29 11:00:00,4670.0,4685.0,4605.0,4615.0,10518.0
2018-03-29 12:00:00,4700.0,4700.0,4530.0,4645.0,48853.0
2018-03-29 13:00:00,4740.0,4745.0,4635.0,4675.0,15565.0
2018-03-29 14:00:00,4640.0,4770.0,4640.0,4740.0,76839.0
2018-03-29 15:00:00,4675.0,4685.0,4625.0,4670.0,10092.0
2018-03-30 09:00:00,4650.0,4690.0,4565.0,4615.0,43755.0
2018-03-30 10:00:00,4615.0,4630.0,4570.0,4590.0,20129.0
2018-03-30 11:00:00,4590.0,4660.0,4590.0,4660.0,17393.0
2018-03-30 12:00:00,4655.0,4775.0,4640.0,4715.0,37126.0
2018-03-30 13:00:00,4710.0,4750.0,4700.0,4710.0,13224.0
2018-03-30 14:00:00,4720.0,4745.0,4710.0,4740.0,22147.0
2018-03-30 15:00:00,4740.0,4740.0,4690.0,4710.0,11744.0
2018-04-02 09:00:00,4895.0,4935.0,4885.0,4935.0,23924.0
2018-04-02 10:00:00,4885.0,4965.0,4860.0,4890.0,48865.0
2018-04-02 11:00:00,4925.0,4970.0,4880.0,4890.0,57481.0
2018-04-02 12:00:00,4830.0,4925.0,4825.0,4920.0,66691.0
2018-04-02 13:00:00,4735.0,4840.0,4710.0,4760.0,64431.0
2018-04-02 14:00:00,4745.0,4745.0,4650.0,4740.0,56288.0
2018-04-02 15:00:00,4760.0,4850.0,4750.0,4830.0,69609.0
2018-04-03 09:00:00,4915.0,5275.0,4845.0,5150.0,225667.0
2018-04-03 10:00:00,5125.0,5525.0,5075.0,5500.0,227413.0
2018-04-03 11:00:00,5500.0,5650.0,5325.0,5425.0,299664.0
2018-04-03 12:00:00,5425.0,5650.0,5375.0,5500.0,133727.0
2018-04-03 13:00:00,5500.0,5650.0,5425.0,5600.0,135892.0
2018-04-03 14:00:00,5575.0,5600.0,5425.0,5550.0,88721.0
2018-04-03 15:00:00,5550.0,5725.0,5475.0,5725.0,114481.0
2018-04-04 09:00:00,5550.0,5650.0,5525.0,5575.0,47747.0
2018-04-04 10:00:00,5725.0,5725.0,5550.0,5575.0,33576.0
2018-04-04 11:00:00,5575.0,5675.0,5550.0,5650.0,24185.0
2018-04-04 12:00:00,5625.0,5650.0,5525.0,5550.0,51350.0
2018-04-04 13:00:00,5775.0,5850.0,5575.0,5650.0,132049.0
2018-04-04 14:00:00,5725.0,5950.0,5650.0,5775.0,288978.0
2018-04-04 15:00:00,5550.0,5725.0,5550.0,5725.0,45994.0
2018-04-05 09:00:00,5650.0,6050.0,5600.0,6000.0,212259.0
2018-04-05 10:00:00,6000.0,6225.0,5950.0,6000.0,284314.0
2018-04-05 11:00:00,6025.0,6125.0,5925.0,6075.0,89625.0
2018-04-05 12:00:00,6075.0,6150.0,6025.0,6100.0,40516.0
2018-04-05 13:00:00,6100.0,6450.0,6075.0,6350.0,288627.0
2018-04-05 14:00:00,6325.0,6450.0,5850.0,5975.0,284512.0
2018-04-05 15:00:00,5975.0,6000.0,5850.0,6000.0,101952.0
2018-04-06 09:00:00,6050.0,6050.0,5925.0,5950.0,45679.0
2018-04-06 10:00:00,6025.0,6075.0,6000.0,6050.0,39232.0
2018-04-06 11:00:00,6075.0,6125.0,6000.0,6000.0,19005.0
2018-04-06 12:00:00,6025.0,6100.0,5875.0,6050.0,99508.0
2018-04-06 13:00:00,6050.0,6075.0,6000.0,6000.0,13884.0
2018-04-06 14:00:00,6050.0,6150.0,5975.0,6050.0,46331.0
2018-04-06 15:00:00,6000.0,6100.0,5975.0,6100.0,14905.0
2018-04-09 09:00:00,5800.0,5800.0,5675.0,5775.0,104321.0
2018-04-09 10:00:00,5800.0,5800.0,5700.0,5750.0,37225.0
2018-04-09 11:00:00,5675.0,5800.0,5600.0,5800.0,115417.0
2018-04-09 12:00:00,5950.0,6050.0,5900.0,5925.0,56857.0
2018-04-09 13:00:00,5700.0,5850.0,5675.0,5825.0,34574.0
2018-04-09 14:00:00,5925.0,5950.0,5650.0,5700.0,114611.0
2018-04-09 15:00:00,5825.0,5825.0,5650.0,5675.0,78934.0
2018-04-10 09:00:00,5775.0,6175.0,5725.0,6175.0,224952.0
2018-04-10 10:00:00,6175.0,6225.0,5975.0,6125.0,159451.0
2018-04-10 11:00:00,6100.0,6150.0,6050.0,6150.0,55074.0
2018-04-10 12:00:00,6150.0,6225.0,6125.0,6225.0,50993.0
2018-04-10 13:00:00,6225.0,6375.0,6175.0,6375.0,157169.0
2018-04-10 14:00:00,6375.0,6675.0,6250.0,6425.0,317457.0
2018-04-10 15:00:00,6425.0,6500.0,6375.0,6475.0,71924.0
2018-04-11 09:00:00,6400.0,6425.0,6350.0,6350.0,34431.0
2018-04-11 10:00:00,6450.0,6475.0,6325.0,6400.0,37307.0
2018-04-11 11:00:00,6350.0,6475.0,6325.0,6450.0,45044.0
2018-04-11 12:00:00,6275.0,6325.0,6250.0,6250.0,26377.0
2018-04-11 13:00:00,6250.0,6425.0,6225.0,6300.0,60808.0
2018-04-11 14:00:00,6425.0,6475.0,6225.0,6225.0,140784.0
2018-04-11 15:00:00,6275.0,6350.0,6275.0,6350.0,10915.0
2018-04-12 09:00:00,6325.0,6575.0,6250.0,6350.0,94179.0
2018-04-12 10:00:00,6350.0,6350.0,6175.0,6300.0,44612.0
2018-04-12 11:00:00,6300.0,6325.0,6200.0,6275.0,38196.0
2018-04-12 12:00:00,6250.0,6400.0,6250.0,6350.0,16438.0
2018-04-12 13:00:00,6350.0,6375.0,6300.0,6350.0,8711.0
2018-04-12 14:00:00,6350.0,6375.0,6150.0,6175.0,36800.0
2018-04-12 15:00:00,6175.0,6250.0,6125.0,6225.0,27164.0
2018-04-13 09:00:00,6300.0,6400.0,6275.0,6325.0,24015.0
2018-04-13 10:00:00,6350.0,6400.0,6250.0,6300.0,22747.0
2018-04-13 11:00:00,6325.0,6350.0,6250.0,6300.0,18344.0
2018-04-13 12:00:00,6325.0,6400.0,6300.0,6375.0,16348.0
2018-04-13 13:00:00,6375.0,6475.0,6275.0,6350.0,53383.0
2018-04-13 14:00:00,6275.0,6425.0,6200.0,6350.0,78744.0
2018-04-13 15:00:00,6375.0,6400.0,6275.0,6350.0,18553.0
2018-04-16 09:00:00,6325.0,6350.0,6275.0,6325.0,8689.0
2018-04-16 10:00:00,6275.0,6350.0,6250.0,6350.0,13952.0
2018-04-16 11:00:00,6350.0,6350.0,6250.0,6325.0,10073.0
2018-04-16 12:00:00,6275.0,6300.0,6250.0,6275.0,11144.0
2018-04-16 13:00:00,6350.0,6350.0,6250.0,6250.0,14752.0
2018-04-16 14:00:00,6325.0,6350.0,6200.0,6350.0,25322.0
2018-04-16 15:00:00,6250.0,6300.0,6100.0,6275.0,26454.0
2018-04-17 09:00:00,6425.0,6425.0,6175.0,6225.0,40799.0
2018-04-17 10:00:00,6225.0,6225.0,5875.0,6075.0,128382.0
2018-04-17 11:00:00,6100.0,6150.0,6050.0,6125.0,20705.0
2018-04-17 12:00:00,6125.0,6175.0,6100.0,6100.0,17033.0
2018-04-17 13:00:00,6100.0,6150.0,6100.0,6100.0,19262.0
2018-04-17 14:00:00,6125.0,6250.0,6100.0,6175.0,25926.0
2018-04-17 15:00:00,6200.0,6225.0,6150.0,6225.0,14928.0
2018-04-18 09:00:00,6250.0,6300.0,6225.0,6250.0,23749.0
2018-04-18 10:00:00,6275.0,6300.0,6200.0,6250.0,15939.0
2018-04-18 11:00:00,6275.0,6325.0,6200.0,6250.0,22299.0
2018-04-18 12:00:00,6375.0,6375.0,6175.0,6200.0,34036.0
2018-04-18 13:00:00,6250.0,6325.0,6175.0,6325.0,15912.0
2018-04-18 14:00:00,6225.0,6350.0,6150.0,6225.0,35333.0
2018-04-18 15:00:00,6300.0,6350.0,6250.0,6275.0,21614.0
2018-04-19 09:00:00,6250.0,6250.0,5975.0,6025.0,58858.0
2018-04-19 10:00:00,6025.0,6150.0,5975.0,6075.0,34314.0
2018-04-19 11:00:00,6050.0,6075.0,5825.0,5850.0,70691.0
2018-04-19 12:00:00,5850.0,5925.0,5800.0,5900.0,33570.0
2018-04-19 13:00:00,5900.0,6050.0,5850.0,5875.0,63477.0
2018-04-19 14:00:00,5900.0,6025.0,5850.0,5925.0,26961.0
2018-04-19 15:00:00,5950.0,6000.0,5900.0,5900.0,20323.0
2018-04-20 09:00:00,6100.0,6100.0,5975.0,6000.0,22719.0
2018-04-20 10:00:00,6150.0,6175.0,6075.0,6100.0,20811.0
2018-04-20 11:00:00,6150.0,6175.0,6125.0,6150.0,12115.0
2018-04-20 12:00:00,5975.0,6025.0,5850.0,6000.0,41934.0
2018-04-20 13:00:00,6150.0,6175.0,6050.0,6150.0,27331.0
2018-04-20 14:00:00,6000.0,6225.0,5975.0,6175.0,75660.0
2018-04-20 15:00:00,6150.0,6200.0,6100.0,6150.0,12579.0
2018-04-23 09:00:00,6175.0,6250.0,6125.0,6225.0,118641.0
2018-04-23 10:00:00,6225.0,6225.0,6125.0,6200.0,28107.0
2018-04-23 11:00:00,6125.0,6150.0,6050.0,6150.0,54408.0
2018-04-23 12:00:00,5925.0,6050.0,5775.0,5850.0,45109.0
2018-04-23 13:00:00,5900.0,6000.0,5900.0,6000.0,16615.0
2018-04-23 14:00:00,5825.0,5950.0,5775.0,5900.0,25376.0
2018-04-23 15:00:00,6000.0,6125.0,5975.0,6125.0,39852.0
2018-04-24 09:00:00,6175.0,6300.0,6075.0,6100.0,56333.0
2018-04-24 10:00:00,6075.0,6150.0,6025.0,6075.0,27372.0
2018-04-24 11:00:00,6075.0,6125.0,6050.0,6125.0,6399.0
2018-04-24 12:00:00,6125.0,6175.0,6050.0,6150.0,15399.0
2018-04-24 13:00:00,6150.0,6150.0,6100.0,6125.0,3098.0
2018-04-24 14:00:00,6125.0,6125.0,5975.0,6075.0,33672.0
2018-04-24 15:00:00,6000.0,6025.0,5900.0,5900.0,13855.0
2018-04-25 09:00:00,5700.0,5725.0,5550.0,5575.0,59347.0
2018-04-25 10:00:00,5575.0,5650.0,5575.0,5625.0,21458.0
2018-04-25 11:00:00,5675.0,5750.0,5625.0,5725.0,17966.0
2018-04-25 12:00:00,5750.0,5750.0,5600.0,5675.0,21610.0
2018-04-25 13:00:00,5800.0,5800.0,5675.0,5750.0,39435.0
2018-04-25 14:00:00,5900.0,5950.0,5800.0,5800.0,33904.0
2018-04-25 15:00:00,5800.0,6000.0,5775.0,5875.0,19950.0
2018-04-26 09:00:00,5625.0,5675.0,5525.0,5650.0,32310.0
2018-04-26 10:00:00,5650.0,5650.0,5600.0,5625.0,12462.0
2018-04-26 11:00:00,5625.0,5625.0,5575.0,5600.0,5699.0
2018-04-26 12:00:00,5625.0,5750.0,5600.0,5750.0,13301.0
2018-04-26 13:00:00,5725.0,5750.0,5625.0,5625.0,17483.0
2018-04-26 14:00:00,5650.0,5675.0,5575.0,5600.0,19103.0
2018-04-26 15:00:00,5600.0,5675.0,5575.0,5650.0,12208.0
2018-04-27 09:00:00,5950.0,6000.0,5925.0,5975.0,13041.0
2018-04-27 10:00:00,5975.0,5975.0,5925.0,5950.0,24801.0
2018-04-27 11:00:00,5950.0,5975.0,5925.0,5950.0,13312.0
2018-04-27 12:00:00,5650.0,5725.0,5625.0,5725.0,13421.0
2018-04-27 13:00:00,5850.0,6025.0,5850.0,5975.0,46773.0
2018-04-27 14:00:00,5725.0,5875.0,5700.0,5850.0,26891.0
2018-04-27 15:00:00,5975.0,6025.0,5925.0,5925.0,19794.0
2018-04-30 09:00:00,5475.0,5575.0,5425.0,5475.0,27200.0
2018-04-30 10:00:00,5475.0,5525.0,5475.0,5475.0,10848.0
2018-04-30 11:00:00,5525.0,5550.0,5325.0,5475.0,64780.0
2018-04-30 12:00:00,5875.0,5900.0,5525.0,5650.0,41940.0
2018-04-30 13:00:00,5550.0,5700.0,5525.0,5650.0,13637.0
2018-04-30 14:00:00,5650.0,5725.0,5500.0,5575.0,70838.0
2018-04-30 15:00:00,5650.0,5675.0,5550.0,5550.0,19322.0
2018-05-02 09:00:00,5300.0,5425.0,5225.0,5300.0,76286.0
2018-05-02 10:00:00,5300.0,5650.0,5250.0,5650.0,117110.0
2018-05-02 11:00:00,5650.0,5800.0,5625.0,5775.0,47009.0
2018-05-02 12:00:00,5750.0,5875.0,5750.0,5875.0,36774.0
2018-05-02 13:00:00,5875.0,5875.0,5625.0,5700.0,25288.0
2018-05-02 14:00:00,5700.0,5725.0,5625.0,5675.0,11771.0
2018-05-02 15:00:00,5675.0,5725.0,5600.0,5625.0,14223.0
2018-05-03 09:00:00,5925.0,5925.0,5850.0,5925.0,3632.0
2018-05-03 10:00:00,5875.0,5975.0,5875.0,5900.0,26666.0
2018-05-03 11:00:00,6000.0,6000.0,5825.0,5875.0,11647.0
2018-05-03 12:00:00,5650.0,5825.0,5650.0,5775.0,20166.0
2018-05-03 13:00:00,5775.0,5950.0,5750.0,5950.0,35122.0
2018-05-03 14:00:00,5975.0,6000.0,5900.0,5975.0,18737.0
2018-05-03 15:00:00,5925.0,6000.0,5925.0,5975.0,30763.0
2018-05-04 09:00:00,5825.0,5900.0,5750.0,5850.0,20170.0
2018-05-04 10:00:00,5850.0,5850.0,5675.0,5750.0,19494.0
2018-05-04 11:00:00,5750.0,5850.0,5725.0,5800.0,4268.0
2018-05-04 12:00:00,5800.0,5875.0,5750.0,5875.0,7011.0
2018-05-04 13:00:00,5875.0,5900.0,5850.0,5875.0,11174.0
2018-05-04 14:00:00,5875.0,5875.0,5725.0,5775.0,20684.0
2018-05-04 15:00:00,5750.0,5775.0,5625.0,5750.0,19466.0
2018-05-08 09:00:00,5675.0,5700.0,5650.0,5700.0,12294.0
2018-05-08 10:00:00,5850.0,5850.0,5675.0,5700.0,12555.0
2018-05-08 11:00:00,5750.0,5850.0,5750.0,5825.0,26736.0
2018-05-08 12:00:00,5600.0,5650.0,5575.0,5650.0,10300.0
2018-05-08 13:00:00,5650.0,5825.0,5625.0,5800.0,28477.0
2018-05-08 14:00:00,5750.0,5800.0,5575.0,5600.0,20362.0
2018-05-08 15:00:00,5775.0,5800.0,5750.0,5800.0,15991.0
2018-05-09 09:00:00,5725.0,5875.0,5700.0,5800.0,29710.0
2018-05-09 10:00:00,5825.0,5825.0,5725.0,5800.0,7279.0
2018-05-09 11:00:00,5500.0,5750.0,5475.0,5725.0,28116.0
2018-05-09 12:00:00,5525.0,5575.0,5500.0,5525.0,6086.0
2018-05-09 13:00:00,5500.0,5575.0,5450.0,5575.0,8059.0
2018-05-09 14:00:00,5550.0,5550.0,5475.0,5500.0,4688.0
2018-05-09 15:00:00,5700.0,5750.0,5475.0,5525.0,28462.0
2018-05-10 09:00:00,5825.0,5825.0,5650.0,5800.0,10556.0
2018-05-10 10:00:00,5800.0,6100.0,5800.0,6050.0,56316.0
2018-05-10 11:00:00,6050.0,6200.0,6000.0,6150.0,52068.0
2018-05-10 12:00:00,6150.0,6375.0,6150.0,6325.0,145814.0
2018-05-10 13:00:00,6325.0,6375.0,6225.0,6375.0,78829.0
2018-05-10 14:00:00,6375.0,6375.0,6175.0,6250.0,64967.0
2018-05-10 15:00:00,6275.0,6300.0,6200.0,6250.0,23740.0
2018-05-11 09:00:00,6275.0,6450.0,6275.0,6450.0,56252.0
2018-05-11 10:00:00,6425.0,6425.0,6375.0,6400.0,25341.0
2018-05-11 11:00:00,6450.0,6525.0,6400.0,6425.0,72939.0
2018-05-11 12:00:00,6275.0,6300.0,6250.0,6300.0,8356.0
2018-05-11 13:00:00,6250.0,6300.0,6200.0,6250.0,20796.0
2018-05-11 14:00:00,6250.0,6275.0,6150.0,6250.0,15619.0
2018-05-11 15:00:00,6200.0,6275.0,6125.0,6250.0,35423.0
2018-05-14 09:00:00,6350.0,6400.0,6200.0,6250.0,45346.0
2018-05-14 10:00:00,6250.0,6275.0,6175.0,6275.0,29419.0
2018-05-14 11:00:00,6275.0,6425.0,6275.0,6400.0,18755.0
2018-05-14 12:00:00,6400.0,6550.0,6400.0,6425.0,17920.0
2018-05-14 13:00:00,6425.0,6425.0,6275.0,6350.0,17684.0
2018-05-14 14:00:00,6350.0,6350.0,6200.0,6275.0,13020.0
2018-05-14 15:00:00,6275.0,6325.0,6250.0,6250.0,4874.0
2018-05-15 09:00:00,6300.0,6300.0,5775.0,5900.0,93145.0
2018-05-15 10:00:00,6375.0,6375.0,6100.0,6300.0,115564.0
2018-05-15 11:00:00,5900.0,5900.0,5700.0,5750.0,65114.0
2018-05-15 12:00:00,6475.0,6825.0,6350.0,6425.0,190305.0
2018-05-15 13:00:00,6550.0,6550.0,6375.0,6475.0,53507.0
2018-05-15 14:00:00,6225.0,6650.0,6150.0,6550.0,116952.0
2018-05-15 15:00:00,6450.0,6475.0,6350.0,6375.0,60751.0
2018-05-16 09:00:00,5275.0,5450.0,5250.0,5425.0,59424.0
2018-05-16 10:00:00,5525.0,5550.0,5500.0,5550.0,16267.0
2018-05-16 11:00:00,5525.0,5575.0,5200.0,5250.0,83965.0
2018-05-16 12:00:00,5625.0,5625.0,5475.0,5500.0,12975.0
2018-05-16 13:00:00,5550.0,5625.0,5375.0,5625.0,53100.0
2018-05-16 14:00:00,5500.0,5525.0,5450.0,5525.0,12905.0
2018-05-16 15:00:00,5750.0,5800.0,5425.0,5550.0,101934.0
2018-05-17 09:00:00,5425.0,5500.0,5400.0,5450.0,6971.0
2018-05-17 10:00:00,5500.0,5500.0,5350.0,5400.0,29429.0
2018-05-17 11:00:00,5425.0,5525.0,5350.0,5500.0,28662.0
2018-05-17 12:00:00,5500.0,5525.0,5400.0,5475.0,13994.0
2018-05-17 13:00:00,5500.0,5550.0,5475.0,5500.0,4379.0
2018-05-17 14:00:00,5525.0,5525.0,5450.0,5500.0,11314.0
2018-05-17 15:00:00,5475.0,5500.0,5350.0,5425.0,20520.0
2018-05-18 09:00:00,5475.0,5550.0,5350.0,5450.0,31433.0
2018-05-18 10:00:00,5450.0,5500.0,5425.0,5500.0,11108.0
2018-05-18 11:00:00,5350.0,5475.0,5250.0,5475.0,43363.0
2018-05-18 12:00:00,5500.0,5550.0,5300.0,5450.0,20991.0
2018-05-18 13:00:00,5325.0,5375.0,5300.0,5350.0,16309.0
2018-05-18 14:00:00,5450.0,5450.0,5325.0,5325.0,10695.0
2018-05-18 15:00:00,5350.0,5400.0,5275.0,5350.0,8799.0
2018-05-21 09:00:00,5425.0,5550.0,5425.0,5500.0,23700.0
2018-05-21 10:00:00,5500.0,5525.0,5425.0,5450.0,22353.0
2018-05-21 11:00:00,5475.0,5475.0,5375.0,5400.0,14731.0
2018-05-21 12:00:00,5375.0,5400.0,5300.0,5375.0,18440.0
2018-05-21 13:00:00,5375.0,5450.0,5350.0,5450.0,14636.0
2018-05-21 14:00:00,5450.0,5500.0,5425.0,5450.0,14465.0
2018-05-21 15:00:00,5475.0,5475.0,5400.0,5450.0,10500.0
2018-05-23 09:00:00,5500.0,5525.0,5475.0,5525.0,5943.0
2018-05-23 10:00:00,5500.0,5550.0,5425.0,5500.0,48253.0
2018-05-23 11:00:00,5525.0,5525.0,5475.0,5500.0,12486.0
2018-05-23 12:00:00,5450.0,5550.0,5325.0,5475.0,34776.0
2018-05-23 13:00:00,5400.0,5500.0,5400.0,5500.0,8438.0
2018-05-23 14:00:00,5500.0,5500.0,5400.0,5400.0,16566.0
2018-05-23 15:00:00,5500.0,5525.0,5425.0,5525.0,9639.0
2018-05-24 09:00:00,4995.0,5100.0,4955.0,5050.0,159308.0
2018-05-24 10:00:00,5075.0,5075.0,5000.0,5050.0,26215.0
2018-05-24 11:00:00,5175.0,5225.0,4995.0,4995.0,175990.0
2018-05-24 12:00:00,5500.0,5625.0,5500.0,5575.0,14013.0
2018-05-24 13:00:00,5400.0,5450.0,5100.0,5200.0,98632.0
2018-05-24 14:00:00,5550.0,5575.0,5375.0,5425.0,33016.0
2018-05-24 15:00:00,5200.0,5200.0,5100.0,5175.0,59125.0
2018-05-25 09:00:00,5050.0,5125.0,4955.0,5075.0,60124.0
2018-05-25 10:00:00,5050.0,5125.0,4975.0,5125.0,33032.0
2018-05-25 11:00:00,5125.0,5150.0,5025.0,5025.0,11586.0
2018-05-25 12:00:00,5025.0,5075.0,5025.0,5075.0,5997.0
2018-05-25 13:00:00,5050.0,5100.0,5025.0,5050.0,22813.0
2018-05-25 14:00:00,5050.0,5125.0,5025.0,5125.0,13954.0
2018-05-25 15:00:00,5100.0,5125.0,5025.0,5075.0,4352.0
2018-05-28 09:00:00,5100.0,5125.0,5050.0,5100.0,10148.0
2018-05-28 10:00:00,5050.0,5125.0,5025.0,5100.0,17140.0
2018-05-28 11:00:00,5050.0,5075.0,5000.0,5050.0,17011.0
2018-05-28 12:00:00,5100.0,5125.0,4980.0,5050.0,41087.0
2018-05-28 13:00:00,5075.0,5075.0,5000.0,5050.0,14057.0
2018-05-28 14:00:00,5000.0,5075.0,5000.0,5050.0,9713.0
2018-05-28 15:00:00,5050.0,5100.0,5025.0,5075.0,5000.0
2018-05-29 09:00:00,5075.0,5100.0,4995.0,5025.0,24169.0
2018-05-29 10:00:00,5025.0,5050.0,4900.0,4940.0,32910.0
2018-05-29 11:00:00,4935.0,4945.0,4920.0,4935.0,7920.0
2018-05-29 12:00:00,4935.0,4970.0,4930.0,4965.0,5139.0
2018-05-29 13:00:00,4960.0,4995.0,4935.0,4985.0,8973.0
2018-05-29 14:00:00,4985.0,4985.0,4930.0,4940.0,4479.0
2018-05-29 15:00:00,4940.0,5000.0,4930.0,5000.0,7598.0
2018-05-30 09:00:00,4895.0,4955.0,4875.0,4955.0,8750.0
2018-05-30 10:00:00,4860.0,4955.0,4855.0,4930.0,18111.0
2018-05-30 11:00:00,4930.0,4930.0,4880.0,4885.0,1483.0
2018-05-30 12:00:00,4875.0,4875.0,4820.0,4835.0,10861.0
2018-05-30 13:00:00,4975.0,4975.0,4860.0,4870.0,10300.0
2018-05-30 14:00:00,5025.0,5025.0,4940.0,4975.0,2924.0
2018-05-30 15:00:00,4835.0,4860.0,4800.0,4860.0,23085.0
2018-05-31 09:00:00,5000.0,5025.0,4985.0,5000.0,3337.0
2018-05-31 10:00:00,5025.0,5075.0,5000.0,5050.0,7299.0
2018-05-31 11:00:00,5050.0,5050.0,4995.0,5000.0,7517.0
2018-05-31 12:00:00,5100.0,5100.0,5000.0,5050.0,8284.0
2018-05-31 13:00:00,4965.0,5150.0,4945.0,5100.0,30907.0
2018-05-31 14:00:00,5025.0,5050.0,5000.0,5000.0,3740.0
2018-05-31 15:00:00,4955.0,4985.0,4905.0,4965.0,13755.0
2018-06-01 09:00:00,4940.0,4945.0,4895.0,4920.0,7239.0
2018-06-01 10:00:00,5000.0,5050.0,4950.0,5025.0,7780.0
2018-06-01 11:00:00,4995.0,5025.0,4975.0,4975.0,2127.0
2018-06-01 12:00:00,4995.0,5000.0,4965.0,4990.0,3977.0
2018-06-01 13:00:00,4990.0,4995.0,4960.0,4970.0,875.0
2018-06-01 14:00:00,4970.0,4990.0,4900.0,4945.0,17574.0
2018-06-01 15:00:00,4940.0,4945.0,4910.0,4940.0,2874.0
2018-06-04 09:00:00,4855.0,4865.0,4780.0,4800.0,12901.0
2018-06-04 10:00:00,4830.0,4875.0,4800.0,4875.0,4088.0
2018-06-04 11:00:00,4760.0,4870.0,4760.0,4860.0,7660.0
2018-06-04 12:00:00,4970.0,5025.0,4900.0,4940.0,13313.0
2018-06-04 13:00:00,4870.0,4905.0,4840.0,4840.0,11873.0
2018-06-04 14:00:00,4940.0,4960.0,4850.0,4875.0,15188.0
2018-06-04 15:00:00,4845.0,4850.0,4750.0,4785.0,12297.0
2018-06-05 09:00:00,4850.0,4900.0,4760.0,4770.0,14493.0
2018-06-05 10:00:00,4775.0,4850.0,4750.0,4750.0,13694.0
2018-06-05 11:00:00,4750.0,4785.0,4720.0,4730.0,12606.0
2018-06-05 12:00:00,4765.0,4765.0,4695.0,4705.0,13849.0
2018-06-05 13:00:00,4705.0,4720.0,4635.0,4685.0,23561.0
2018-06-05 14:00:00,4685.0,4765.0,4685.0,4765.0,12414.0
2018-06-05 15:00:00,4760.0,4765.0,4735.0,4765.0,4464.0
2018-06-07 09:00:00,4850.0,4895.0,4840.0,4895.0,7198.0
2018-06-07 10:00:00,4870.0,4895.0,4830.0,4850.0,24290.0
2018-06-07 11:00:00,4790.0,4905.0,4775.0,4870.0,11715.0
2018-06-07 12:00:00,4835.0,4835.0,4740.0,4765.0,28676.0
2018-06-07 13:00:00,4805.0,4845.0,4785.0,4805.0,7054.0
2018-06-07 14:00:00,4760.0,4815.0,4750.0,4795.0,6613.0
2018-06-07 15:00:00,4805.0,4825.0,4785.0,4810.0,2215.0
2018-06-08 09:00:00,4590.0,4590.0,4550.0,4555.0,42340.0
2018-06-08 10:00:00,4560.0,4590.0,4550.0,4590.0,16523.0
2018-06-08 11:00:00,4645.0,4650.0,4520.0,4590.0,80316.0
2018-06-08 12:00:00,4900.0,4950.0,4800.0,4850.0,21883.0
2018-06-08 13:00:00,4775.0,4780.0,4670.0,4745.0,27076.0
2018-06-08 14:00:00,4885.0,4890.0,4735.0,4800.0,37442.0
2018-06-08 15:00:00,4740.0,4740.0,4645.0,4645.0,34192.0
2018-06-11 09:00:00,4605.0,4775.0,4560.0,4770.0,42063.0
2018-06-11 10:00:00,4765.0,4765.0,4700.0,4735.0,17262.0
2018-06-11 11:00:00,4700.0,4700.0,4650.0,4650.0,6981.0
2018-06-11 12:00:00,4650.0,4675.0,4630.0,4635.0,3336.0
2018-06-11 13:00:00,4635.0,4650.0,4610.0,4625.0,10901.0
2018-06-11 14:00:00,4625.0,4630.0,4565.0,4595.0,16872.0
2018-06-11 15:00:00,4590.0,4615.0,4585.0,4615.0,5245.0
2018-06-12 09:00:00,4720.0,4725.0,4645.0,4655.0,6479.0
2018-06-12 10:00:00,4650.0,4725.0,4640.0,4725.0,4302.0
2018-06-12 11:00:00,4700.0,4735.0,4700.0,4720.0,5035.0
2018-06-12 12:00:00,4620.0,4720.0,4620.0,4660.0,11897.0
2018-06-12 13:00:00,4710.0,4775.0,4685.0,4685.0,9314.0
2018-06-12 14:00:00,4670.0,4710.0,4650.0,4700.0,5668.0
2018-06-12 15:00:00,4730.0,4730.0,4685.0,4700.0,1003.0
2018-06-14 09:00:00,4695.0,4700.0,4620.0,4630.0,12312.0
2018-06-14 10:00:00,4630.0,4645.0,4590.0,4620.0,7190.0
2018-06-14 11:00:00,4620.0,4620.0,4535.0,4555.0,7626.0
2018-06-14 12:00:00,4550.0,4595.0,4550.0,4555.0,3398.0
2018-06-14 13:00:00,4565.0,4590.0,4555.0,4590.0,6428.0
2018-06-14 14:00:00,4590.0,4675.0,4555.0,4645.0,24124.0
2018-06-14 15:00:00,4645.0,4645.0,4615.0,4640.0,3695.0
2018-06-15 09:00:00,4855.0,4900.0,4815.0,4885.0,26192.0
2018-06-15 10:00:00,4880.0,4880.0,4815.0,4865.0,26225.0
2018-06-15 11:00:00,4720.0,4890.0,4720.0,4880.0,34231.0
2018-06-15 12:00:00,4705.0,4725.0,4680.0,4720.0,2609.0
2018-06-15 13:00:00,4735.0,4735.0,4675.0,4700.0,3848.0
2018-06-15 14:00:00,4600.0,4750.0,4600.0,4735.0,13938.0
2018-06-15 15:00:00,4705.0,4730.0,4675.0,4705.0,3625.0
2018-06-18 09:00:00,4945.0,4945.0,4455.0,4645.0,34025.0
2018-06-18 10:00:00,4645.0,4710.0,4625.0,4630.0,27136.0
2018-06-18 11:00:00,4630.0,4705.0,4605.0,4690.0,9201.0
2018-06-18 12:00:00,4690.0,4695.0,4635.0,4670.0,3234.0
2018-06-18 13:00:00,4670.0,4740.0,4575.0,4595.0,22511.0
2018-06-18 14:00:00,4595.0,4715.0,4510.0,4700.0,16827.0
2018-06-18 15:00:00,4705.0,4730.0,4690.0,4730.0,12115.0
2018-06-19 09:00:00,4755.0,4800.0,4740.0,4790.0,9861.0
2018-06-19 10:00:00,4710.0,4780.0,4680.0,4755.0,13439.0
2018-06-19 11:00:00,4690.0,4725.0,4660.0,4715.0,5698.0
2018-06-19 12:00:00,4730.0,4850.0,4675.0,4770.0,15714.0
2018-06-19 13:00:00,4685.0,4730.0,4675.0,4715.0,5930.0
2018-06-19 14:00:00,4765.0,4775.0,4690.0,4690.0,7493.0
2018-06-19 15:00:00,4710.0,4730.0,4680.0,4695.0,4801.0
2018-06-20 09:00:00,4805.0,4870.0,4755.0,4760.0,16722.0
2018-06-20 10:00:00,4760.0,4815.0,4720.0,4730.0,4732.0
2018-06-20 11:00:00,4730.0,4795.0,4720.0,4770.0,1870.0
2018-06-20 12:00:00,4770.0,4800.0,4770.0,4795.0,1673.0
2018-06-20 13:00:00,4795.0,4815.0,4750.0,4755.0,10527.0
2018-06-20 14:00:00,4755.0,4760.0,4720.0,4750.0,9243.0
2018-06-20 15:00:00,4745.0,4790.0,4720.0,4790.0,7383.0
2018-06-21 09:00:00,4515.0,4515.0,4480.0,4500.0,8172.0
2018-06-21 10:00:00,4510.0,4570.0,4500.0,4505.0,16720.0
2018-06-21 11:00:00,4580.0,4610.0,4495.0,4515.0,27844.0
2018-06-21 12:00:00,4630.0,4680.0,4580.0,4580.0,17475.0
2018-06-21 13:00:00,4700.0,4705.0,4630.0,4630.0,6540.0
2018-06-21 14:00:00,4650.0,4755.0,4645.0,4695.0,4101.0
2018-06-21 15:00:00,4765.0,4765.0,4605.0,4680.0,8240.0
2018-06-22 09:00:00,4475.0,4475.0,4335.0,4335.0,27935.0
2018-06-22 10:00:00,4350.0,4380.0,4300.0,4345.0,10813.0
2018-06-22 11:00:00,4340.0,4355.0,4265.0,4285.0,25940.0
2018-06-22 12:00:00,4280.0,4330.0,4245.0,4260.0,27089.0
2018-06-22 13:00:00,4260.0,4295.0,4165.0,4170.0,35138.0
2018-06-22 14:00:00,4175.0,4290.0,4150.0,4250.0,31900.0
2018-06-22 15:00:00,4250.0,4270.0,4235.0,4250.0,4022.0
2018-06-25 09:00:00,4485.0,4490.0,4390.0,4460.0,15484.0
2018-06-25 10:00:00,4550.0,4555.0,4485.0,4485.0,7988.0
2018-06-25 11:00:00,4445.0,4530.0,4445.0,4530.0,3344.0
2018-06-25 12:00:00,4465.0,4595.0,4405.0,4585.0,20099.0
2018-06-25 13:00:00,4325.0,4470.0,4315.0,4465.0,28436.0
2018-06-25 14:00:00,4250.0,4325.0,4170.0,4325.0,11496.0
2018-06-25 15:00:00,4585.0,4600.0,4500.0,4565.0,8678.0
2018-06-26 09:00:00,4515.0,4515.0,4375.0,4375.0,10847.0
2018-06-26 10:00:00,4375.0,4375.0,4310.0,4335.0,8763.0
2018-06-26 11:00:00,4315.0,4335.0,4280.0,4290.0,11882.0
2018-06-26 12:00:00,4285.0,4310.0,4280.0,4300.0,4011.0
2018-06-26 13:00:00,4300.0,4310.0,4255.0,4270.0,7031.0
2018-06-26 14:00:00,4265.0,4325.0,4260.0,4325.0,4820.0
2018-06-26 15:00:00,4325.0,4335.0,4310.0,4335.0,3626.0
2018-06-27 09:00:00,4400.0,4425.0,4400.0,4425.0,3021.0
2018-06-27 10:00:00,4390.0,4405.0,4375.0,4400.0,1367.0
2018-06-27 11:00:00,4420.0,4420.0,4330.0,4360.0,1019.0
2018-06-27 12:00:00,4365.0,4400.0,4345.0,4400.0,3525.0
2018-06-27 13:00:00,4380.0,4390.0,4350.0,4370.0,2130.0
2018-06-27 14:00:00,4425.0,4425.0,4335.0,4380.0,3934.0
2018-06-27 15:00:00,4400.0,4420.0,4375.0,4390.0,2134.0
2018-06-28 09:00:00,4345.0,4400.0,4285.0,4400.0,5542.0
2018-06-28 10:00:00,4395.0,4410.0,4350.0,4350.0,3184.0
2018-06-28 11:00:00,4375.0,4395.0,4335.0,4395.0,1411.0
2018-06-28 12:00:00,4435.0,4460.0,4395.0,4395.0,1467.0
2018-06-28 13:00:00,4395.0,4455.0,4335.0,4435.0,4098.0
2018-06-28 14:00:00,4255.0,4485.0,4255.0,4420.0,10246.0
2018-06-28 15:00:00,4395.0,4435.0,4395.0,4400.0,724.0
2018-06-29 09:00:00,4355.0,4475.0,4260.0,4280.0,9676.0
2018-06-29 10:00:00,4275.0,4325.0,4270.0,4270.0,3775.0
2018-06-29 11:00:00,4275.0,4320.0,4240.0,4305.0,3188.0
2018-06-29 12:00:00,4265.0,4305.0,4250.0,4300.0,2924.0
2018-06-29 13:00:00,4270.0,4295.0,4260.0,4280.0,4145.0
2018-06-29 14:00:00,4285.0,4465.0,4285.0,4435.0,9306.0
2018-06-29 15:00:00,4435.0,4445.0,4415.0,4415.0,2885.0
2018-07-02 09:00:00,4260.0,4275.0,4215.0,4215.0,2694.0
2018-07-02 10:00:00,4230.0,4300.0,4215.0,4260.0,4929.0
2018-07-02 11:00:00,4225.0,4285.0,4150.0,4280.0,15541.0
2018-07-02 12:00:00,4265.0,4445.0,4230.0,4285.0,14397.0
2018-07-02 13:00:00,4435.0,4450.0,4255.0,4260.0,11290.0
2018-07-02 14:00:00,4285.0,4285.0,4230.0,4230.0,6269.0
2018-07-02 15:00:00,4255.0,4330.0,4255.0,4260.0,10106.0
2018-07-03 09:00:00,4290.0,4340.0,4145.0,4170.0,9726.0
2018-07-03 10:00:00,4165.0,4325.0,4165.0,4320.0,5644.0
2018-07-03 11:00:00,4275.0,4300.0,4230.0,4230.0,2294.0
2018-07-03 12:00:00,4230.0,4285.0,4155.0,4165.0,11693.0
2018-07-03 13:00:00,4165.0,4215.0,4120.0,4145.0,14196.0
2018-07-03 14:00:00,4145.0,4220.0,4145.0,4170.0,3883.0
2018-07-03 15:00:00,4170.0,4205.0,4135.0,4200.0,4094.0
2018-07-04 09:00:00,4170.0,4240.0,4165.0,4240.0,1779.0
2018-07-04 10:00:00,4165.0,4220.0,4155.0,4220.0,4020.0
2018-07-04 11:00:00,4170.0,4200.0,4145.0,4155.0,3285.0
2018-07-04 12:00:00,4175.0,4240.0,4170.0,4180.0,5446.0
2018-07-04 13:00:00,4210.0,4210.0,4150.0,4160.0,2502.0
2018-07-04 14:00:00,4160.0,4250.0,4125.0,4175.0,3206.0
2018-07-04 15:00:00,4170.0,4220.0,4140.0,4170.0,4587.0
2018-07-05 09:00:00,4210.0,4320.0,4180.0,4310.0,20505.0
2018-07-05 10:00:00,4305.0,4305.0,4250.0,4285.0,1343.0
2018-07-05 11:00:00,4200.0,4215.0,4170.0,4190.0,22287.0
2018-07-05 12:00:00,4150.0,4200.0,4110.0,4175.0,8139.0
2018-07-05 13:00:00,4175.0,4200.0,4175.0,4185.0,6383.0
2018-07-05 14:00:00,4175.0,4205.0,4175.0,4195.0,7283.0
2018-07-05 15:00:00,4180.0,4220.0,4150.0,4150.0,33779.0
2018-07-06 09:00:00,4325.0,4325.0,4210.0,4235.0,6170.0
2018-07-06 10:00:00,4235.0,4265.0,4235.0,4265.0,937.0
2018-07-06 11:00:00,4265.0,4275.0,4215.0,4275.0,9666.0
2018-07-06 12:00:00,4270.0,4275.0,4235.0,4265.0,2325.0
2018-07-06 13:00:00,4265.0,4305.0,4260.0,4305.0,4131.0
2018-07-06 14:00:00,4305.0,4375.0,4305.0,4365.0,5903.0
2018-07-06 15:00:00,4335.0,4375.0,4335.0,4370.0,4993.0
2018-07-09 09:00:00,4485.0,4485.0,4440.0,4460.0,5726.0
2018-07-09 10:00:00,4495.0,4500.0,4470.0,4490.0,9493.0
2018-07-09 11:00:00,4460.0,4495.0,4415.0,4495.0,8697.0
2018-07-09 12:00:00,4440.0,4490.0,4400.0,4485.0,6787.0
2018-07-09 13:00:00,4360.0,4435.0,4330.0,4405.0,10597.0
2018-07-09 14:00:00,4400.0,4415.0,4305.0,4360.0,13514.0
2018-07-09 15:00:00,4430.0,4510.0,4410.0,4470.0,12207.0
2018-07-10 09:00:00,4485.0,4485.0,4355.0,4410.0,20061.0
2018-07-10 10:00:00,4410.0,4430.0,4375.0,4390.0,3286.0
2018-07-10 11:00:00,4390.0,4420.0,4375.0,4385.0,2783.0
2018-07-10 12:00:00,4385.0,4415.0,4385.0,4415.0,1815.0
2018-07-10 13:00:00,4385.0,4415.0,4385.0,4390.0,1695.0
2018-07-10 14:00:00,4390.0,4415.0,4345.0,4345.0,11992.0
2018-07-10 15:00:00,4350.0,4415.0,4325.0,4390.0,9471.0
2018-07-11 09:00:00,4165.0,4185.0,4135.0,4170.0,7801.0
2018-07-11 10:00:00,4165.0,4185.0,4125.0,4165.0,20029.0
2018-07-11 11:00:00,4160.0,4180.0,4155.0,4170.0,11000.0
2018-07-11 12:00:00,4385.0,4385.0,4165.0,4200.0,40936.0
2018-07-11 13:00:00,4215.0,4240.0,4160.0,4230.0,28637.0
2018-07-11 14:00:00,4205.0,4265.0,4195.0,4240.0,17171.0
2018-07-11 15:00:00,4175.0,4225.0,4160.0,4160.0,10566.0
2018-07-12 09:00:00,4265.0,4275.0,4215.0,4230.0,9601.0
2018-07-12 10:00:00,4230.0,4280.0,4205.0,4280.0,6880.0
2018-07-12 11:00:00,4275.0,4280.0,4255.0,4270.0,3133.0
2018-07-12 12:00:00,4170.0,4245.0,4165.0,4240.0,8279.0
2018-07-12 13:00:00,4280.0,4295.0,4260.0,4280.0,6072.0
2018-07-12 14:00:00,4230.0,4300.0,4205.0,4275.0,13048.0
2018-07-12 15:00:00,4285.0,4290.0,4265.0,4275.0,1907.0
2018-07-13 09:00:00,4280.0,4345.0,4275.0,4280.0,8565.0
2018-07-13 10:00:00,4280.0,4280.0,4235.0,4275.0,2952.0
2018-07-13 11:00:00,4275.0,4315.0,4240.0,4310.0,3667.0
2018-07-13 12:00:00,4300.0,4310.0,4240.0,4240.0,5925.0
2018-07-13 13:00:00,4250.0,4300.0,4160.0,4185.0,14983.0
2018-07-13 14:00:00,4180.0,4260.0,4150.0,4190.0,27161.0
2018-07-13 15:00:00,4180.0,4210.0,4140.0,4200.0,35036.0
2018-07-16 09:00:00,4125.0,4170.0,4125.0,4125.0,2412.0
2018-07-16 10:00:00,4150.0,4155.0,4090.0,4100.0,10846.0
2018-07-16 11:00:00,4105.0,4175.0,4075.0,4125.0,5372.0
2018-07-16 12:00:00,4205.0,4205.0,4155.0,4195.0,5424.0
2018-07-16 13:00:00,4165.0,4190.0,4125.0,4155.0,5069.0
2018-07-16 14:00:00,4210.0,4215.0,4170.0,4205.0,3306.0
2018-07-16 15:00:00,4200.0,4220.0,4185.0,4215.0,2196.0
2018-07-17 09:00:00,4085.0,4130.0,4080.0,4130.0,3217.0
2018-07-17 10:00:00,4105.0,4130.0,4070.0,4100.0,7491.0
2018-07-17 11:00:00,4170.0,4170.0,4100.0,4125.0,1897.0
2018-07-17 12:00:00,4160.0,4160.0,4055.0,4125.0,3131.0
2018-07-17 13:00:00,4140.0,4185.0,4115.0,4145.0,8871.0
2018-07-17 14:00:00,4125.0,4145.0,4115.0,4140.0,2919.0
2018-07-17 15:00:00,4145.0,4175.0,4115.0,4170.0,1180.0
2018-07-18 09:00:00,4170.0,4170.0,3955.0,4030.0,22079.0
2018-07-18 10:00:00,4020.0,4075.0,3990.0,3995.0,14269.0
2018-07-18 11:00:00,3995.0,4020.0,3920.0,3970.0,30420.0
2018-07-18 12:00:00,3970.0,4035.0,3935.0,3945.0,30375.0
2018-07-18 13:00:00,3950.0,3980.0,3805.0,3840.0,85750.0
2018-07-18 14:00:00,3840.0,3930.0,3835.0,3895.0,17989.0
2018-07-18 15:00:00,3875.0,3900.0,3850.0,3885.0,11064.0
2018-07-19 09:00:00,3985.0,4045.0,3915.0,3990.0,21251.0
2018-07-19 10:00:00,4010.0,4055.0,3940.0,3985.0,45801.0
2018-07-19 11:00:00,3995.0,4050.0,3965.0,4020.0,34854.0
2018-07-19 12:00:00,3880.0,4045.0,3875.0,4035.0,34152.0
2018-07-19 13:00:00,4000.0,4025.0,3945.0,4000.0,57646.0
2018-07-19 14:00:00,4005.0,4050.0,4000.0,4000.0,13090.0
2018-07-19 15:00:00,4000.0,4030.0,3960.0,3995.0,28706.0
2018-07-20 09:00:00,3990.0,4025.0,3970.0,4000.0,10422.0
2018-07-20 10:00:00,4000.0,4020.0,3980.0,4020.0,6563.0
2018-07-20 11:00:00,4015.0,4060.0,3945.0,4025.0,61428.0
2018-07-20 12:00:00,3970.0,4050.0,3950.0,4040.0,27379.0
2018-07-20 13:00:00,4030.0,4100.0,4020.0,4040.0,37742.0
2018-07-20 14:00:00,4020.0,4095.0,3985.0,4030.0,43863.0
2018-07-20 15:00:00,4035.0,4110.0,4005.0,4055.0,30022.0
2018-07-23 09:00:00,4020.0,4020.0,3805.0,3830.0,16623.0
2018-07-23 10:00:00,3830.0,3840.0,3770.0,3780.0,10188.0
2018-07-23 11:00:00,3795.0,3800.0,3750.0,3770.0,15853.0
2018-07-23 12:00:00,3770.0,3810.0,3705.0,3755.0,18851.0
2018-07-23 13:00:00,3755.0,3795.0,3735.0,3770.0,4492.0
2018-07-23 14:00:00,3780.0,3795.0,3600.0,3640.0,56703.0
2018-07-23 15:00:00,3640.0,3670.0,3600.0,3630.0,15557.0
2018-07-24 09:00:00,3815.0,3850.0,3800.0,3850.0,7521.0
2018-07-24 10:00:00,3850.0,3850.0,3780.0,3780.0,3305.0
2018-07-24 11:00:00,3795.0,3840.0,3760.0,3820.0,8367.0
2018-07-24 12:00:00,3670.0,3680.0,3575.0,3650.0,11825.0
2018-07-24 13:00:00,3670.0,3765.0,3670.0,3745.0,12612.0
2018-07-24 14:00:00,3650.0,3690.0,3560.0,3690.0,22335.0
2018-07-24 15:00:00,3735.0,3815.0,3695.0,3810.0,13585.0
2018-07-25 09:00:00,3800.0,3840.0,3725.0,3765.0,5418.0
2018-07-25 10:00:00,3760.0,3840.0,3760.0,3830.0,7021.0
2018-07-25 11:00:00,3780.0,3830.0,3775.0,3815.0,1373.0
2018-07-25 12:00:00,3780.0,3815.0,3770.0,3775.0,4011.0
2018-07-25 13:00:00,3775.0,3815.0,3775.0,3785.0,5994.0
2018-07-25 14:00:00,3815.0,3815.0,3760.0,3795.0,4720.0
2018-07-25 15:00:00,3780.0,3820.0,3760.0,3820.0,5617.0
2018-07-26 09:00:00,4045.0,4085.0,4040.0,4085.0,6782.0
2018-07-26 10:00:00,4030.0,4065.0,4030.0,4045.0,11698.0
2018-07-26 11:00:00,4010.0,4055.0,4010.0,4030.0,10417.0
2018-07-26 12:00:00,3980.0,4040.0,3980.0,4035.0,4610.0
2018-07-26 13:00:00,3950.0,4055.0,3950.0,4000.0,26089.0
2018-07-26 14:00:00,3785.0,3965.0,3780.0,3950.0,20741.0
2018-07-26 15:00:00,3995.0,4000.0,3975.0,3995.0,1532.0
2018-07-27 09:00:00,4100.0,4120.0,3985.0,4005.0,17791.0
2018-07-27 10:00:00,4005.0,4080.0,3995.0,4075.0,7993.0
2018-07-27 11:00:00,4080.0,4080.0,4000.0,4065.0,3767.0
2018-07-27 12:00:00,4020.0,4075.0,4010.0,4075.0,4966.0
2018-07-27 13:00:00,4035.0,4085.0,4010.0,4040.0,18869.0
2018-07-27 14:00:00,4040.0,4100.0,4035.0,4040.0,5824.0
2018-07-27 15:00:00,4045.0,4085.0,4035.0,4075.0,3321.0
2018-07-30 09:00:00,4025.0,4035.0,4015.0,4035.0,267.0
2018-07-30 10:00:00,4040.0,4040.0,4020.0,4035.0,507.0
2018-07-30 11:00:00,4030.0,4035.0,4025.0,4035.0,1496.0
2018-07-30 12:00:00,4045.0,4050.0,4020.0,4040.0,503.0
2018-07-30 13:00:00,4000.0,4070.0,4000.0,4055.0,543.0
2018-07-30 14:00:00,4070.0,4070.0,3980.0,4065.0,2989.0
2018-07-30 15:00:00,4040.0,4050.0,4030.0,4050.0,144.0
2018-07-31 09:00:00,4035.0,4095.0,4000.0,4055.0,2962.0
2018-07-31 10:00:00,4050.0,4065.0,4015.0,4060.0,4722.0
2018-07-31 11:00:00,4060.0,4060.0,4035.0,4035.0,1563.0
2018-07-31 12:00:00,4060.0,4065.0,4030.0,4055.0,1281.0
2018-07-31 13:00:00,4050.0,4090.0,4015.0,4060.0,13164.0
2018-07-31 14:00:00,4040.0,4075.0,4040.0,4075.0,1513.0
2018-07-31 15:00:00,4060.0,4075.0,4045.0,4075.0,5000.0
2018-08-01 09:00:00,4095.0,4100.0,4055.0,4095.0,2868.0
2018-08-01 10:00:00,4105.0,4110.0,4085.0,4100.0,1535.0
2018-08-01 11:00:00,4090.0,4110.0,4085.0,4105.0,2151.0
2018-08-01 12:00:00,4100.0,4100.0,3990.0,4085.0,6387.0
2018-08-01 13:00:00,4080.0,4115.0,4080.0,4080.0,3441.0
2018-08-01 14:00:00,4085.0,4095.0,4055.0,4090.0,6426.0
2018-08-01 15:00:00,4090.0,4110.0,4080.0,4105.0,3777.0
2018-08-02 09:00:00,4285.0,4290.0,4215.0,4265.0,6597.0
2018-08-02 10:00:00,4265.0,4285.0,4235.0,4285.0,3508.0
2018-08-02 11:00:00,4255.0,4295.0,4205.0,4285.0,20858.0
2018-08-02 12:00:00,4100.0,4160.0,4095.0,4150.0,8863.0
2018-08-02 13:00:00,4275.0,4460.0,4230.0,4380.0,84811.0
2018-08-02 14:00:00,4150.0,4300.0,4100.0,4275.0,36899.0
2018-08-02 15:00:00,4355.0,4420.0,4230.0,4255.0,56860.0
2018-08-03 09:00:00,4285.0,4325.0,4175.0,4285.0,20544.0
2018-08-03 10:00:00,4285.0,4290.0,4255.0,4290.0,11776.0
2018-08-03 11:00:00,4285.0,4300.0,4265.0,4295.0,3120.0
2018-08-03 12:00:00,4300.0,4350.0,4290.0,4340.0,7676.0
2018-08-03 13:00:00,4335.0,4345.0,4290.0,4310.0,5273.0
2018-08-03 14:00:00,4325.0,4380.0,4325.0,4370.0,6932.0
2018-08-03 15:00:00,4365.0,4395.0,4340.0,4395.0,6762.0
2018-08-06 09:00:00,4230.0,4300.0,4215.0,4300.0,8890.0
2018-08-06 10:00:00,4290.0,4320.0,4225.0,4240.0,13364.0
2018-08-06 11:00:00,4330.0,4340.0,4265.0,4305.0,6951.0
2018-08-06 12:00:00,4360.0,4400.0,4315.0,4345.0,11123.0
2018-08-06 13:00:00,4345.0,4400.0,4310.0,4360.0,5694.0
2018-08-06 14:00:00,4395.0,4395.0,4305.0,4345.0,7578.0
2018-08-06 15:00:00,4350.0,4360.0,4330.0,4330.0,1002.0
2018-08-07 09:00:00,4190.0,4290.0,4000.0,4070.0,35570.0
2018-08-07 10:00:00,4070.0,4220.0,4050.0,4165.0,16649.0
2018-08-07 11:00:00,4170.0,4175.0,4140.0,4150.0,11186.0
2018-08-07 12:00:00,4150.0,4175.0,4135.0,4160.0,6801.0
2018-08-07 13:00:00,4150.0,4165.0,4130.0,4145.0,12611.0
2018-08-07 14:00:00,4140.0,4170.0,4140.0,4165.0,8028.0
2018-08-07 15:00:00,4160.0,4175.0,4150.0,4175.0,7015.0
2018-08-08 09:00:00,4160.0,4170.0,4110.0,4140.0,25852.0
2018-08-08 10:00:00,4145.0,4175.0,4135.0,4165.0,5766.0
2018-08-08 11:00:00,4135.0,4200.0,4120.0,4200.0,12217.0
2018-08-08 12:00:00,4145.0,4150.0,4105.0,4140.0,4119.0
2018-08-08 13:00:00,4135.0,4175.0,4125.0,4145.0,4619.0
2018-08-08 14:00:00,4140.0,4175.0,4115.0,4135.0,3748.0
2018-08-08 15:00:00,4140.0,4165.0,4135.0,4140.0,2703.0
2018-08-09 09:00:00,4235.0,4265.0,4200.0,4255.0,8267.0
2018-08-09 10:00:00,4255.0,4270.0,4230.0,4270.0,5718.0
2018-08-09 11:00:00,4265.0,4290.0,4220.0,4250.0,4922.0
2018-08-09 12:00:00,4235.0,4260.0,4220.0,4255.0,8675.0
2018-08-09 13:00:00,4225.0,4245.0,4200.0,4230.0,6246.0
2018-08-09 14:00:00,4175.0,4245.0,4145.0,4240.0,4603.0
2018-08-09 15:00:00,4255.0,4260.0,4225.0,4255.0,3036.0
2018-08-10 09:00:00,4250.0,4305.0,4170.0,4170.0,2044.0
2018-08-10 10:00:00,4170.0,4185.0,4115.0,4155.0,3196.0
2018-08-10 11:00:00,4160.0,4225.0,4140.0,4145.0,3607.0
2018-08-10 12:00:00,4140.0,4180.0,4130.0,4155.0,8882.0
2018-08-10 13:00:00,4150.0,4205.0,4135.0,4155.0,6895.0
2018-08-10 14:00:00,4155.0,4230.0,4130.0,4165.0,8184.0
2018-08-10 15:00:00,4165.0,4225.0,4160.0,4205.0,4902.0
2018-08-13 09:00:00,4005.0,4040.0,3960.0,3990.0,14328.0
2018-08-13 10:00:00,3990.0,4000.0,3930.0,3970.0,4895.0
2018-08-13 11:00:00,4090.0,4090.0,3985.0,4010.0,6552.0
2018-08-13 12:00:00,4150.0,4200.0,4035.0,4060.0,11888.0
2018-08-13 13:00:00,4010.0,4100.0,3975.0,4095.0,8512.0
2018-08-13 14:00:00,4060.0,4110.0,3975.0,4000.0,22438.0
2018-08-13 15:00:00,4020.0,4095.0,4020.0,4095.0,3908.0
2018-08-14 09:00:00,3850.0,3980.0,3850.0,3980.0,17523.0
2018-08-14 10:00:00,3975.0,4020.0,3975.0,3995.0,913.0
2018-08-14 11:00:00,3995.0,3995.0,3975.0,3990.0,175.0
2018-08-14 12:00:00,3990.0,3990.0,3905.0,3950.0,1887.0
2018-08-14 13:00:00,3915.0,3950.0,3840.0,3890.0,13411.0
2018-08-14 14:00:00,3890.0,3970.0,3830.0,3885.0,16663.0
2018-08-14 15:00:00,3925.0,3970.0,3855.0,3890.0,22596.0
2018-08-16 09:00:00,3830.0,3850.0,3810.0,3850.0,3140.0
2018-08-16 10:00:00,3825.0,3840.0,3795.0,3830.0,2819.0
2018-08-16 11:00:00,3815.0,3830.0,3795.0,3825.0,3391.0
2018-08-16 12:00:00,3805.0,3875.0,3740.0,3800.0,18486.0
2018-08-16 13:00:00,3830.0,3870.0,3750.0,3785.0,12916.0
2018-08-16 14:00:00,3800.0,3860.0,3790.0,3830.0,10692.0
2018-08-16 15:00:00,3760.0,3845.0,3760.0,3800.0,2922.0
2018-08-17 09:00:00,4200.0,4215.0,4165.0,4210.0,18342.0
2018-08-17 10:00:00,4210.0,4215.0,4165.0,4165.0,4865.0
2018-08-17 11:00:00,4195.0,4250.0,4140.0,4200.0,26995.0
2018-08-17 12:00:00,3870.0,4255.0,3870.0,4045.0,58610.0
2018-08-17 13:00:00,4080.0,4130.0,4060.0,4110.0,11505.0
2018-08-17 14:00:00,4050.0,4080.0,4020.0,4075.0,3099.0
2018-08-17 15:00:00,4105.0,4200.0,4055.0,4195.0,30358.0
2018-08-20 09:00:00,4170.0,4240.0,4130.0,4165.0,17487.0
2018-08-20 10:00:00,4165.0,4210.0,4150.0,4175.0,7806.0
2018-08-20 11:00:00,4175.0,4210.0,4175.0,4190.0,1563.0
2018-08-20 12:00:00,4175.0,4195.0,4175.0,4190.0,3001.0
2018-08-20 13:00:00,4195.0,4215.0,4185.0,4210.0,3520.0
2018-08-20 14:00:00,4210.0,4225.0,4205.0,4215.0,3489.0
2018-08-20 15:00:00,4215.0,4225.0,4210.0,4210.0,2264.0
2018-08-21 09:00:00,4380.0,4400.0,4375.0,4395.0,3654.0
2018-08-21 10:00:00,4385.0,4400.0,4380.0,4380.0,1737.0
2018-08-21 11:00:00,4390.0,4405.0,4380.0,4380.0,3477.0
2018-08-21 12:00:00,4385.0,4395.0,4375.0,4390.0,1481.0
2018-08-21 13:00:00,4360.0,4390.0,4350.0,4385.0,4248.0
2018-08-21 14:00:00,4395.0,4435.0,4350.0,4360.0,18462.0
2018-08-21 15:00:00,4245.0,4445.0,4215.0,4395.0,29489.0
2018-08-22 09:00:00,4415.0,4435.0,4380.0,4405.0,6360.0
2018-08-22 10:00:00,4405.0,4420.0,4375.0,4420.0,3603.0
2018-08-22 11:00:00,4405.0,4420.0,4380.0,4400.0,4236.0
2018-08-22 12:00:00,4395.0,4430.0,4390.0,4425.0,4207.0
2018-08-22 13:00:00,4425.0,4440.0,4400.0,4425.0,8712.0
2018-08-22 14:00:00,4420.0,4450.0,4410.0,4420.0,3913.0
2018-08-22 15:00:00,4425.0,4440.0,4420.0,4440.0,587.0
2018-08-23 09:00:00,4475.0,4500.0,4465.0,4480.0,7547.0
2018-08-23 10:00:00,4445.0,4480.0,4445.0,4465.0,3094.0
2018-08-23 11:00:00,4440.0,4460.0,4440.0,4450.0,4039.0
2018-08-23 12:00:00,4470.0,4510.0,4400.0,4460.0,15002.0
2018-08-23 13:00:00,4420.0,4460.0,4410.0,4435.0,9314.0
2018-08-23 14:00:00,4460.0,4465.0,4420.0,4420.0,5035.0
2018-08-23 15:00:00,4445.0,4460.0,4435.0,4440.0,1272.0
2018-08-24 09:00:00,4770.0,4835.0,4730.0,4835.0,26288.0
2018-08-24 10:00:00,4835.0,4855.0,4755.0,4755.0,24654.0
2018-08-24 11:00:00,4730.0,4810.0,4715.0,4760.0,29801.0
2018-08-24 12:00:00,4465.0,4580.0,4465.0,4555.0,21996.0
2018-08-24 13:00:00,4660.0,5000.0,4650.0,4725.0,278919.0
2018-08-24 14:00:00,4555.0,4675.0,4550.0,4660.0,35027.0
2018-08-24 15:00:00,4725.0,4850.0,4715.0,4730.0,42204.0
2018-08-27 09:00:00,4755.0,4780.0,4615.0,4680.0,35346.0
2018-08-27 10:00:00,4675.0,4760.0,4625.0,4725.0,59158.0
2018-08-27 11:00:00,4755.0,4785.0,4725.0,4750.0,16591.0
2018-08-27 12:00:00,4740.0,4810.0,4720.0,4790.0,21769.0
2018-08-27 13:00:00,4790.0,4795.0,4755.0,4770.0,6677.0
2018-08-27 14:00:00,4760.0,4775.0,4720.0,4745.0,23683.0
2018-08-27 15:00:00,4745.0,4775.0,4720.0,4725.0,9459.0
2018-08-28 09:00:00,4795.0,4835.0,4740.0,4755.0,7054.0
2018-08-28 10:00:00,4870.0,4900.0,4795.0,4795.0,10292.0
2018-08-28 11:00:00,4775.0,4905.0,4775.0,4870.0,25356.0
2018-08-28 12:00:00,4705.0,4795.0,4680.0,4775.0,14145.0
2018-08-28 13:00:00,4790.0,4795.0,4740.0,4755.0,11577.0
2018-08-28 14:00:00,4760.0,4795.0,4740.0,4775.0,6788.0
2018-08-28 15:00:00,4755.0,4765.0,4730.0,4765.0,3807.0
2018-08-29 09:00:00,4755.0,4950.0,4710.0,4940.0,21765.0
2018-08-29 10:00:00,4940.0,4995.0,4920.0,4940.0,27339.0
2018-08-29 11:00:00,4935.0,4955.0,4910.0,4950.0,9967.0
2018-08-29 12:00:00,4945.0,4955.0,4890.0,4905.0,17801.0
2018-08-29 13:00:00,4910.0,4975.0,4900.0,4960.0,10053.0
2018-08-29 14:00:00,4970.0,5050.0,4960.0,5025.0,68248.0
2018-08-29 15:00:00,5050.0,5050.0,4970.0,4970.0,10568.0
2018-08-30 09:00:00,4950.0,4995.0,4940.0,4995.0,8887.0
2018-08-30 10:00:00,4955.0,4995.0,4945.0,4950.0,7007.0
2018-08-30 11:00:00,4965.0,5025.0,4945.0,4955.0,11196.0
2018-08-30 12:00:00,5000.0,5050.0,4995.0,5025.0,8776.0
2018-08-30 13:00:00,5025.0,5050.0,4990.0,4995.0,12840.0
2018-08-30 14:00:00,5075.0,5175.0,5000.0,5000.0,42910.0
2018-08-30 15:00:00,4990.0,5025.0,4945.0,4965.0,14551.0
2018-08-31 09:00:00,4835.0,4895.0,4825.0,4875.0,49238.0
2018-08-31 10:00:00,4870.0,4880.0,4835.0,4850.0,12797.0
2018-08-31 11:00:00,4865.0,4895.0,4830.0,4835.0,16291.0
2018-08-31 12:00:00,4940.0,4990.0,4855.0,4865.0,23404.0
2018-08-31 13:00:00,4865.0,4895.0,4825.0,4895.0,15790.0
2018-08-31 14:00:00,4890.0,4895.0,4835.0,4865.0,6774.0
2018-08-31 15:00:00,4950.0,5000.0,4900.0,4910.0,15718.0
2018-09-03 09:00:00,4850.0,4885.0,4805.0,4830.0,8441.0
2018-09-03 10:00:00,4830.0,4890.0,4810.0,4885.0,4990.0
2018-09-03 11:00:00,4885.0,4890.0,4815.0,4815.0,5617.0
2018-09-03 12:00:00,4815.0,4880.0,4810.0,4855.0,3268.0
2018-09-03 13:00:00,4855.0,4875.0,4825.0,4845.0,4346.0
2018-09-03 14:00:00,4845.0,4855.0,4820.0,4855.0,3793.0
2018-09-03 15:00:00,4850.0,4850.0,4820.0,4820.0,2079.0
2018-09-04 09:00:00,4800.0,4820.0,4760.0,4775.0,19078.0
2018-09-04 10:00:00,4765.0,4775.0,4740.0,4740.0,9887.0
2018-09-04 11:00:00,4775.0,4805.0,4750.0,4760.0,14243.0
2018-09-04 12:00:00,4730.0,4805.0,4725.0,4800.0,10304.0
2018-09-04 13:00:00,4705.0,4745.0,4705.0,4715.0,7622.0
2018-09-04 14:00:00,4715.0,4745.0,4715.0,4735.0,6014.0
2018-09-04 15:00:00,4880.0,4880.0,4660.0,4705.0,26529.0
2018-09-05 09:00:00,4790.0,4880.0,4750.0,4860.0,20755.0
2018-09-05 10:00:00,4850.0,4885.0,4825.0,4865.0,9033.0
2018-09-05 11:00:00,4840.0,4865.0,4835.0,4845.0,1841.0
2018-09-05 12:00:00,4850.0,4860.0,4815.0,4855.0,3502.0
2018-09-05 13:00:00,4855.0,4855.0,4820.0,4835.0,1488.0
2018-09-05 14:00:00,4830.0,4835.0,4785.0,4800.0,15290.0
2018-09-05 15:00:00,4800.0,4810.0,4760.0,4800.0,16142.0
2018-09-06 09:00:00,4735.0,4825.0,4720.0,4770.0,16915.0
2018-09-06 10:00:00,4735.0,4755.0,4710.0,4745.0,14033.0
2018-09-06 11:00:00,4770.0,4825.0,4755.0,4805.0,8677.0
2018-09-06 12:00:00,4735.0,4755.0,4725.0,4740.0,6706.0
2018-09-06 13:00:00,4745.0,4775.0,4695.0,4740.0,4023.0
2018-09-06 14:00:00,4775.0,4780.0,4680.0,4745.0,26283.0
2018-09-06 15:00:00,4740.0,4755.0,4720.0,4735.0,8025.0
2018-09-07 09:00:00,4785.0,4810.0,4775.0,4780.0,2991.0
2018-09-07 10:00:00,4780.0,4840.0,4755.0,4760.0,13733.0
2018-09-07 11:00:00,4760.0,4825.0,4760.0,4775.0,3650.0
2018-09-07 12:00:00,4740.0,4825.0,4735.0,4770.0,5196.0
2018-09-07 13:00:00,4755.0,4785.0,4735.0,4735.0,3734.0
2018-09-07 14:00:00,4770.0,4840.0,4760.0,4805.0,8086.0
2018-09-07 15:00:00,4805.0,4805.0,4710.0,4760.0,6013.0
2018-09-10 09:00:00,4920.0,4945.0,4905.0,4945.0,4912.0
2018-09-10 10:00:00,4820.0,4865.0,4800.0,4840.0,6876.0
2018-09-10 11:00:00,4810.0,4840.0,4810.0,4840.0,3171.0
2018-09-10 12:00:00,4840.0,4885.0,4840.0,4875.0,12914.0
2018-09-10 13:00:00,4875.0,4900.0,4870.0,4900.0,14551.0
2018-09-10 14:00:00,4905.0,4975.0,4900.0,4975.0,21133.0
2018-09-10 15:00:00,4975.0,4975.0,4920.0,4940.0,5909.0
2018-09-11 09:00:00,4935.0,4950.0,4915.0,4940.0,3547.0
2018-09-11 10:00:00,4940.0,4945.0,4915.0,4920.0,4606.0
2018-09-11 11:00:00,4920.0,4945.0,4905.0,4935.0,4821.0
2018-09-11 12:00:00,5000.0,5025.0,4910.0,4915.0,18514.0
2018-09-11 13:00:00,4930.0,4930.0,4905.0,4925.0,4717.0
2018-09-11 14:00:00,4910.0,4945.0,4880.0,4910.0,9856.0
2018-09-11 15:00:00,4910.0,4925.0,4910.0,4920.0,1444.0
2018-09-12 09:00:00,4995.0,4995.0,4925.0,4965.0,3663.0
2018-09-12 10:00:00,4940.0,4960.0,4900.0,4925.0,7398.0
2018-09-12 11:00:00,4920.0,4960.0,4855.0,4865.0,23493.0
2018-09-12 12:00:00,4860.0,4895.0,4780.0,4790.0,18232.0
2018-09-12 13:00:00,4820.0,4830.0,4690.0,4760.0,23235.0
2018-09-12 14:00:00,4750.0,4850.0,4750.0,4845.0,11946.0
2018-09-12 15:00:00,4840.0,4850.0,4815.0,4845.0,8377.0
2018-09-13 09:00:00,4760.0,4785.0,4745.0,4780.0,7830.0
2018-09-13 10:00:00,4765.0,4795.0,4750.0,4785.0,8787.0
2018-09-13 11:00:00,4770.0,4795.0,4755.0,4765.0,6079.0
2018-09-13 12:00:00,4905.0,4905.0,4810.0,4845.0,4290.0
2018-09-13 13:00:00,4780.0,4790.0,4710.0,4785.0,6416.0
2018-09-13 14:00:00,4835.0,4835.0,4750.0,4760.0,8591.0
2018-09-13 15:00:00,4775.0,4815.0,4760.0,4770.0,3567.0
2018-09-14 09:00:00,4795.0,4815.0,4780.0,4810.0,2746.0
2018-09-14 10:00:00,4810.0,4820.0,4780.0,4820.0,3283.0
2018-09-14 11:00:00,4815.0,4820.0,4780.0,4795.0,4104.0
2018-09-14 12:00:00,4820.0,4860.0,4780.0,4780.0,3826.0
2018-09-14 13:00:00,4825.0,4830.0,4800.0,4815.0,1610.0
2018-09-14 14:00:00,4820.0,4830.0,4780.0,4825.0,1148.0
2018-09-14 15:00:00,4815.0,4825.0,4800.0,4815.0,2826.0
2018-09-17 09:00:00,4855.0,4875.0,4765.0,4765.0,6489.0
2018-09-17 10:00:00,4765.0,4795.0,4725.0,4745.0,6021.0
2018-09-17 11:00:00,4745.0,4750.0,4735.0,4740.0,634.0
2018-09-17 12:00:00,4740.0,4745.0,4725.0,4740.0,2532.0
2018-09-17 13:00:00,4735.0,4740.0,4690.0,4690.0,9107.0
2018-09-17 14:00:00,4690.0,4715.0,4660.0,4685.0,4272.0
2018-09-17 15:00:00,4685.0,4715.0,4685.0,4700.0,1839.0
2018-09-18 09:00:00,4505.0,4600.0,4460.0,4530.0,22717.0
2018-09-18 10:00:00,4570.0,4600.0,4505.0,4505.0,11260.0
2018-09-18 11:00:00,4670.0,4670.0,4570.0,4570.0,12939.0
2018-09-18 12:00:00,4700.0,4735.0,4605.0,4635.0,15459.0
2018-09-18 13:00:00,4680.0,4685.0,4670.0,4680.0,1775.0
2018-09-18 14:00:00,4635.0,4700.0,4635.0,4690.0,3728.0
2018-09-18 15:00:00,4680.0,4685.0,4665.0,4670.0,513.0
2018-09-19 09:00:00,4550.0,4640.0,4515.0,4640.0,31325.0
2018-09-19 10:00:00,4635.0,4655.0,4625.0,4640.0,6394.0
2018-09-19 11:00:00,4640.0,4640.0,4565.0,4580.0,6795.0
2018-09-19 12:00:00,4575.0,4590.0,4540.0,4585.0,5061.0
2018-09-19 13:00:00,4580.0,4585.0,4575.0,4580.0,2397.0
2018-09-19 14:00:00,4585.0,4590.0,4565.0,4585.0,11284.0
2018-09-19 15:00:00,4585.0,4595.0,4585.0,4595.0,2956.0
2018-09-20 09:00:00,4425.0,4460.0,4425.0,4450.0,11615.0
2018-09-20 10:00:00,4420.0,4430.0,4380.0,4385.0,27919.0
2018-09-20 11:00:00,4385.0,4440.0,4385.0,4440.0,16836.0
2018-09-20 12:00:00,4490.0,4490.0,4325.0,4365.0,57967.0
2018-09-20 13:00:00,4525.0,4525.0,4430.0,4490.0,58309.0
2018-09-20 14:00:00,4605.0,4605.0,4525.0,4525.0,10590.0
2018-09-20 15:00:00,4365.0,4440.0,4350.0,4430.0,14325.0
2018-09-21 09:00:00,4310.0,4330.0,4310.0,4330.0,14556.0
2018-09-21 10:00:00,4325.0,4330.0,4300.0,4300.0,10211.0
2018-09-21 11:00:00,4295.0,4320.0,4265.0,4315.0,23309.0
2018-09-21 12:00:00,4360.0,4375.0,4300.0,4340.0,29581.0
2018-09-21 13:00:00,4360.0,4500.0,4355.0,4375.0,40549.0
2018-09-21 14:00:00,4335.0,4345.0,4305.0,4335.0,5391.0
2018-09-21 15:00:00,4380.0,4475.0,4360.0,4365.0,26336.0
2018-09-27 09:00:00,4345.0,4375.0,4345.0,4375.0,3476.0
2018-09-27 10:00:00,4390.0,4400.0,4330.0,4370.0,7458.0
2018-09-27 11:00:00,4370.0,4400.0,4335.0,4350.0,5501.0
2018-09-27 12:00:00,4350.0,4365.0,4325.0,4330.0,8605.0
2018-09-27 13:00:00,4350.0,4355.0,4325.0,4325.0,3989.0
2018-09-27 14:00:00,4325.0,4350.0,4325.0,4340.0,4764.0
2018-09-27 15:00:00,4340.0,4350.0,4330.0,4345.0,8888.0
2018-09-28 09:00:00,4275.0,4275.0,4230.0,4255.0,12539.0
2018-09-28 10:00:00,4255.0,4255.0,4230.0,4250.0,2994.0
2018-09-28 11:00:00,4320.0,4335.0,4260.0,4265.0,7542.0
2018-09-28 12:00:00,4375.0,4375.0,4330.0,4330.0,1594.0
2018-09-28 13:00:00,4325.0,4350.0,4325.0,4330.0,1208.0
2018-09-28 14:00:00,4330.0,4350.0,4300.0,4325.0,1021.0
2018-09-28 15:00:00,4330.0,4350.0,4320.0,4320.0,3007.0
2018-10-01 09:00:00,4300.0,4300.0,4200.0,4245.0,2927.0
2018-10-01 10:00:00,4245.0,4255.0,4200.0,4225.0,11532.0
2018-10-01 11:00:00,4205.0,4220.0,4170.0,4205.0,7695.0
2018-10-01 12:00:00,4205.0,4205.0,4175.0,4185.0,1023.0
2018-10-01 13:00:00,4190.0,4205.0,4170.0,4200.0,6058.0
2018-10-01 14:00:00,4200.0,4200.0,4175.0,4195.0,1373.0
2018-10-01 15:00:00,4195.0,4195.0,4175.0,4175.0,3250.0
2018-10-02 09:00:00,4150.0,4225.0,4145.0,4225.0,2777.0
2018-10-02 10:00:00,4110.0,4160.0,4075.0,4150.0,26739.0
2018-10-02 11:00:00,4180.0,4180.0,4075.0,4115.0,18913.0
2018-10-02 12:00:00,4155.0,4265.0,4150.0,4235.0,7308.0
2018-10-02 13:00:00,4200.0,4200.0,4185.0,4195.0,1410.0
2018-10-02 14:00:00,4235.0,4235.0,4175.0,4195.0,4859.0
2018-10-02 15:00:00,4180.0,4195.0,4155.0,4185.0,3708.0
2018-10-04 09:00:00,4165.0,4165.0,4100.0,4120.0,3162.0
2018-10-04 10:00:00,4120.0,4130.0,4065.0,4065.0,11968.0
2018-10-04 11:00:00,4170.0,4195.0,4100.0,4165.0,7979.0
2018-10-04 12:00:00,4250.0,4255.0,4110.0,4175.0,7325.0
2018-10-04 13:00:00,4165.0,4175.0,4130.0,4170.0,4618.0
2018-10-04 14:00:00,4125.0,4180.0,4100.0,4175.0,12967.0
2018-10-04 15:00:00,4170.0,4175.0,4150.0,4170.0,772.0
2018-10-05 09:00:00,4055.0,4140.0,4055.0,4090.0,875.0
2018-10-05 10:00:00,4090.0,4100.0,4065.0,4075.0,9206.0
2018-10-05 11:00:00,4080.0,4095.0,4060.0,4090.0,4340.0
2018-10-05 12:00:00,4095.0,4095.0,4055.0,4080.0,2649.0
2018-10-05 13:00:00,4065.0,4085.0,4065.0,4085.0,628.0
2018-10-05 14:00:00,4085.0,4085.0,4065.0,4080.0,1504.0
2018-10-05 15:00:00,4080.0,4080.0,4000.0,4010.0,11718.0
2018-10-08 09:00:00,4000.0,4015.0,3995.0,4005.0,8282.0
2018-10-08 10:00:00,4000.0,4030.0,3980.0,3985.0,5994.0
2018-10-08 11:00:00,4000.0,4030.0,3995.0,3995.0,6344.0
2018-10-08 12:00:00,3970.0,4090.0,3970.0,4025.0,6212.0
2018-10-08 13:00:00,4010.0,4050.0,3980.0,4000.0,7997.0
2018-10-08 14:00:00,4025.0,4085.0,4000.0,4055.0,14366.0
2018-10-08 15:00:00,4000.0,4045.0,3980.0,4000.0,6365.0
2018-10-10 09:00:00,4100.0,4100.0,3900.0,3950.0,13981.0
2018-10-10 10:00:00,3950.0,3950.0,3905.0,3910.0,3281.0
2018-10-10 11:00:00,3905.0,3910.0,3845.0,3875.0,13999.0
2018-10-10 12:00:00,3875.0,3875.0,3785.0,3835.0,8249.0
2018-10-10 13:00:00,3805.0,3855.0,3805.0,3855.0,6000.0
2018-10-10 14:00:00,3850.0,3900.0,3805.0,3850.0,10820.0
2018-10-10 15:00:00,3855.0,3870.0,3825.0,3860.0,1854.0
2018-10-11 09:00:00,3610.0,3630.0,3560.0,3630.0,5807.0
2018-10-11 10:00:00,3700.0,3700.0,3580.0,3615.0,1749.0
2018-10-11 11:00:00,3630.0,3710.0,3570.0,3700.0,12027.0
2018-10-11 12:00:00,3655.0,3715.0,3655.0,3655.0,2958.0
2018-10-11 13:00:00,3785.0,3790.0,3650.0,3665.0,14446.0
2018-10-11 14:00:00,3850.0,3850.0,3650.0,3790.0,23724.0
2018-10-11 15:00:00,3655.0,3700.0,3615.0,3630.0,7268.0
2018-10-12 09:00:00,3520.0,3685.0,3520.0,3685.0,9428.0
2018-10-12 10:00:00,3685.0,3690.0,3630.0,3685.0,5063.0
2018-10-12 11:00:00,3685.0,3695.0,3685.0,3695.0,2424.0
2018-10-12 12:00:00,3660.0,3700.0,3660.0,3695.0,973.0
2018-10-12 13:00:00,3695.0,3700.0,3690.0,3695.0,1526.0
2018-10-12 14:00:00,3690.0,3700.0,3685.0,3695.0,3450.0
2018-10-12 15:00:00,3695.0,3715.0,3695.0,3710.0,5643.0
2018-10-15 09:00:00,4070.0,4075.0,3980.0,3980.0,13401.0
2018-10-15 10:00:00,3980.0,4015.0,3960.0,4015.0,3670.0
2018-10-15 11:00:00,4055.0,4095.0,4055.0,4075.0,16499.0
2018-10-15 12:00:00,3725.0,3925.0,3720.0,3925.0,14536.0
2018-10-15 13:00:00,4055.0,4085.0,3950.0,4060.0,13451.0
2018-10-15 14:00:00,4060.0,4065.0,4030.0,4060.0,5921.0
2018-10-15 15:00:00,3925.0,4085.0,3910.0,4085.0,23056.0
2018-10-16 09:00:00,4015.0,4015.0,3890.0,3985.0,14211.0
2018-10-16 10:00:00,3985.0,4100.0,3975.0,4100.0,20294.0
2018-10-16 11:00:00,4100.0,4130.0,4095.0,4115.0,14708.0
2018-10-16 12:00:00,4115.0,4220.0,4110.0,4210.0,29319.0
2018-10-16 13:00:00,4205.0,4225.0,4160.0,4170.0,19189.0
2018-10-16 14:00:00,4170.0,4170.0,4075.0,4100.0,37317.0
2018-10-16 15:00:00,4100.0,4100.0,4090.0,4100.0,12426.0
2018-10-17 09:00:00,3970.0,3985.0,3930.0,3945.0,4398.0
2018-10-17 10:00:00,3930.0,4030.0,3920.0,3975.0,14299.0
2018-10-17 11:00:00,3980.0,3995.0,3915.0,3925.0,5767.0
2018-10-17 12:00:00,4120.0,4120.0,4040.0,4045.0,10496.0
2018-10-17 13:00:00,4065.0,4065.0,4030.0,4030.0,5781.0
2018-10-17 14:00:00,4100.0,4175.0,4085.0,4125.0,14740.0
2018-10-17 15:00:00,4030.0,4035.0,3970.0,3980.0,6209.0
2018-10-18 09:00:00,3860.0,3900.0,3795.0,3840.0,6570.0
2018-10-18 10:00:00,3810.0,3900.0,3800.0,3815.0,5756.0
2018-10-18 11:00:00,3905.0,3905.0,3850.0,3900.0,9289.0
2018-10-18 12:00:00,3945.0,3970.0,3920.0,3945.0,5116.0
2018-10-18 13:00:00,3945.0,3945.0,3925.0,3940.0,802.0
2018-10-18 14:00:00,3945.0,3945.0,3905.0,3945.0,2287.0
2018-10-18 15:00:00,3930.0,3940.0,3885.0,3905.0,5524.0
2018-10-19 09:00:00,3715.0,3790.0,3680.0,3735.0,8434.0
2018-10-19 10:00:00,3735.0,3735.0,3695.0,3725.0,2785.0
2018-10-19 11:00:00,3720.0,3750.0,3715.0,3750.0,736.0
2018-10-19 12:00:00,3750.0,3890.0,3745.0,3885.0,6110.0
2018-10-19 13:00:00,3875.0,3880.0,3775.0,3840.0,5627.0
2018-10-19 14:00:00,3835.0,3835.0,3805.0,3830.0,6018.0
2018-10-19 15:00:00,3830.0,3830.0,3785.0,3815.0,4176.0
2018-10-22 09:00:00,3785.0,3815.0,3785.0,3800.0,1920.0
2018-10-22 10:00:00,3810.0,3810.0,3765.0,3800.0,1410.0
2018-10-22 11:00:00,3760.0,3815.0,3760.0,3770.0,2324.0
2018-10-22 12:00:00,3785.0,3810.0,3740.0,3800.0,848.0
2018-10-22 13:00:00,3815.0,3815.0,3670.0,3725.0,3696.0
2018-10-22 14:00:00,3725.0,3785.0,3700.0,3775.0,2372.0
2018-10-22 15:00:00,3800.0,3815.0,3750.0,3765.0,1716.0
2018-10-23 09:00:00,3805.0,3875.0,3750.0,3755.0,7051.0
2018-10-23 10:00:00,3740.0,3790.0,3740.0,3770.0,1063.0
2018-10-23 11:00:00,3755.0,3790.0,3730.0,3750.0,4051.0
2018-10-23 12:00:00,3750.0,3765.0,3675.0,3715.0,5305.0
2018-10-23 13:00:00,3715.0,3755.0,3695.0,3720.0,2439.0
2018-10-23 14:00:00,3710.0,3715.0,3665.0,3675.0,6795.0
2018-10-23 15:00:00,3690.0,3695.0,3670.0,3695.0,2596.0
2018-10-24 09:00:00,3650.0,3665.0,3645.0,3650.0,12181.0
2018-10-24 10:00:00,3625.0,3665.0,3550.0,3655.0,46561.0
2018-10-24 11:00:00,3685.0,3690.0,3600.0,3625.0,12369.0
2018-10-24 12:00:00,3655.0,3730.0,3655.0,3695.0,2600.0
2018-10-24 13:00:00,3630.0,3655.0,3615.0,3630.0,6614.0
2018-10-24 14:00:00,3695.0,3695.0,3610.0,3655.0,11899.0
2018-10-24 15:00:00,3650.0,3690.0,3630.0,3690.0,1675.0
2018-10-25 09:00:00,3515.0,3525.0,3470.0,3520.0,26491.0
2018-10-25 10:00:00,3515.0,3525.0,3500.0,3505.0,10697.0
2018-10-25 11:00:00,3495.0,3570.0,3490.0,3525.0,34392.0
2018-10-25 12:00:00,3505.0,3605.0,3480.0,3535.0,70196.0
2018-10-25 13:00:00,3495.0,3520.0,3455.0,3515.0,5159.0
2018-10-25 14:00:00,3520.0,3540.0,3350.0,3450.0,32150.0
2018-10-25 15:00:00,3500.0,3515.0,3475.0,3495.0,8463.0
2018-10-26 09:00:00,3465.0,3505.0,3425.0,3500.0,13720.0
2018-10-26 10:00:00,3500.0,3520.0,3485.0,3515.0,11518.0
2018-10-26 11:00:00,3520.0,3520.0,3470.0,3505.0,17514.0
2018-10-26 12:00:00,3505.0,3545.0,3480.0,3530.0,16762.0
2018-10-26 13:00:00,3505.0,3545.0,3500.0,3545.0,4338.0
2018-10-26 14:00:00,3520.0,3575.0,3505.0,3520.0,3434.0
2018-10-26 15:00:00,3505.0,3565.0,3475.0,3510.0,8056.0
2018-10-29 09:00:00,3400.0,3500.0,3300.0,3300.0,14156.0
2018-10-29 10:00:00,3500.0,3525.0,3350.0,3525.0,23939.0
2018-10-29 11:00:00,3515.0,3520.0,3475.0,3505.0,4337.0
2018-10-29 12:00:00,3535.0,3535.0,3500.0,3510.0,18341.0
2018-10-29 13:00:00,3510.0,3540.0,3500.0,3535.0,10589.0
2018-10-29 14:00:00,3530.0,3530.0,3500.0,3520.0,5582.0
2018-10-29 15:00:00,3575.0,3575.0,3505.0,3525.0,12339.0
2018-10-30 09:00:00,3310.0,3535.0,3310.0,3535.0,28074.0
2018-10-30 10:00:00,3505.0,3565.0,3460.0,3565.0,37034.0
2018-10-30 11:00:00,3550.0,3685.0,3515.0,3525.0,18136.0
2018-10-30 12:00:00,3515.0,3595.0,3490.0,3585.0,23641.0
2018-10-30 13:00:00,3585.0,3585.0,3500.0,3505.0,40236.0
2018-10-30 14:00:00,3510.0,3575.0,3495.0,3575.0,20667.0
2018-10-30 15:00:00,3175.0,3365.0,3175.0,3335.0,22196.0
2018-10-31 09:00:00,3795.0,3800.0,3760.0,3765.0,3981.0
2018-10-31 10:00:00,3785.0,3800.0,3675.0,3795.0,11109.0
2018-10-31 11:00:00,3795.0,3825.0,3775.0,3785.0,13592.0
2018-10-31 12:00:00,3685.0,3770.0,3680.0,3750.0,10528.0
2018-10-31 13:00:00,3505.0,3680.0,3505.0,3680.0,13670.0
2018-10-31 14:00:00,3500.0,3570.0,3475.0,3505.0,10022.0
2018-10-31 15:00:00,3770.0,3800.0,3735.0,3795.0,8277.0
2018-11-01 09:00:00,3645.0,3665.0,3575.0,3640.0,7138.0
2018-11-01 10:00:00,3680.0,3705.0,3635.0,3655.0,6886.0
2018-11-01 11:00:00,3715.0,3750.0,3670.0,3675.0,13989.0
2018-11-01 12:00:00,3810.0,3845.0,3740.0,3770.0,5505.0
2018-11-01 13:00:00,3765.0,3965.0,3690.0,3780.0,19972.0
2018-11-01 14:00:00,3740.0,3775.0,3695.0,3765.0,4475.0
2018-11-01 15:00:00,3765.0,3835.0,3700.0,3745.0,6950.0
2018-11-02 09:00:00,3655.0,3740.0,3650.0,3675.0,3808.0
2018-11-02 10:00:00,3675.0,3680.0,3665.0,3675.0,6354.0
2018-11-02 11:00:00,3670.0,3680.0,3665.0,3680.0,3263.0
2018-11-02 12:00:00,3680.0,3685.0,3660.0,3670.0,4945.0
2018-11-02 13:00:00,3660.0,3675.0,3640.0,3645.0,9963.0
2018-11-02 14:00:00,3645.0,3670.0,3645.0,3650.0,22951.0
2018-11-02 15:00:00,3650.0,3715.0,3645.0,3655.0,16430.0
2018-11-05 09:00:00,3630.0,3655.0,3615.0,3650.0,2051.0
2018-11-05 10:00:00,3670.0,3670.0,3625.0,3650.0,4680.0
2018-11-05 11:00:00,3635.0,3670.0,3635.0,3650.0,1840.0
2018-11-05 12:00:00,3625.0,3650.0,3610.0,3640.0,259.0
2018-11-05 13:00:00,3630.0,3650.0,3610.0,3650.0,1516.0
2018-11-05 14:00:00,3635.0,3635.0,3610.0,3635.0,1235.0
2018-11-05 15:00:00,3655.0,3720.0,3610.0,3630.0,7448.0
2018-11-06 09:00:00,3780.0,3845.0,3780.0,3845.0,12640.0
2018-11-06 10:00:00,3845.0,3890.0,3805.0,3880.0,13533.0
2018-11-06 11:00:00,3885.0,3930.0,3850.0,3885.0,14097.0
2018-11-06 12:00:00,3885.0,3890.0,3825.0,3875.0,4817.0
2018-11-06 13:00:00,3860.0,3875.0,3785.0,3840.0,5286.0
2018-11-06 14:00:00,3840.0,3845.0,3820.0,3830.0,5903.0
2018-11-06 15:00:00,3650.0,3800.0,3615.0,3775.0,14438.0
2018-11-07 09:00:00,3705.0,3750.0,3675.0,3750.0,2459.0
2018-11-07 10:00:00,3880.0,3885.0,3820.0,3825.0,373.0
2018-11-07 11:00:00,3725.0,3815.0,3670.0,3715.0,9607.0
2018-11-07 12:00:00,3875.0,3900.0,3825.0,3900.0,2299.0
2018-11-07 13:00:00,3850.0,3950.0,3825.0,3880.0,7635.0
2018-11-07 14:00:00,3900.0,3925.0,3850.0,3880.0,7111.0
2018-11-07 15:00:00,3820.0,3820.0,3750.0,3750.0,17853.0
2018-11-08 09:00:00,3750.0,3835.0,3710.0,3810.0,5900.0
2018-11-08 10:00:00,3810.0,3810.0,3770.0,3800.0,6470.0
2018-11-08 11:00:00,3795.0,3820.0,3795.0,3815.0,3154.0
2018-11-08 12:00:00,3815.0,3815.0,3790.0,3815.0,892.0
2018-11-08 13:00:00,3790.0,3810.0,3760.0,3805.0,2088.0
2018-11-08 14:00:00,3805.0,3805.0,3740.0,3750.0,9882.0
2018-11-08 15:00:00,3745.0,3775.0,3720.0,3775.0,5174.0
2018-11-09 09:00:00,3725.0,3740.0,3720.0,3740.0,231.0
2018-11-09 10:00:00,3745.0,3745.0,3700.0,3720.0,3451.0
2018-11-09 11:00:00,3735.0,3750.0,3725.0,3745.0,2037.0
2018-11-09 12:00:00,3745.0,3750.0,3715.0,3750.0,1281.0
2018-11-09 13:00:00,3755.0,3775.0,3720.0,3755.0,6442.0
2018-11-09 14:00:00,3775.0,3835.0,3740.0,3775.0,2578.0
2018-11-09 15:00:00,3755.0,3755.0,3715.0,3750.0,463.0
2018-11-12 09:00:00,3765.0,3765.0,3675.0,3695.0,4015.0
2018-11-12 10:00:00,3695.0,3695.0,3645.0,3690.0,9007.0
2018-11-12 11:00:00,3690.0,3690.0,3630.0,3675.0,6356.0
2018-11-12 12:00:00,3655.0,3680.0,3630.0,3675.0,2627.0
2018-11-12 13:00:00,3655.0,3675.0,3600.0,3665.0,7695.0
2018-11-12 14:00:00,3640.0,3640.0,3590.0,3590.0,2112.0
2018-11-12 15:00:00,3590.0,3685.0,3505.0,3670.0,9398.0
2018-11-13 09:00:00,3625.0,3635.0,3585.0,3635.0,1993.0
2018-11-13 10:00:00,3600.0,3635.0,3585.0,3635.0,3162.0
2018-11-13 11:00:00,3610.0,3635.0,3610.0,3615.0,1885.0
2018-11-13 12:00:00,3670.0,3670.0,3550.0,3565.0,3744.0
2018-11-13 13:00:00,3625.0,3625.0,3600.0,3610.0,1689.0
2018-11-13 14:00:00,3560.0,3620.0,3545.0,3620.0,9065.0
2018-11-13 15:00:00,3605.0,3610.0,3600.0,3610.0,2692.0
2018-11-14 09:00:00,3535.0,3540.0,3515.0,3530.0,5093.0
2018-11-14 10:00:00,3530.0,3530.0,3515.0,3515.0,2778.0
2018-11-14 11:00:00,3530.0,3535.0,3510.0,3535.0,4025.0
2018-11-14 12:00:00,3600.0,3700.0,3575.0,3575.0,1389.0
2018-11-14 13:00:00,3500.0,3500.0,3485.0,3500.0,4665.0
2018-11-14 14:00:00,3600.0,3600.0,3485.0,3500.0,11359.0
2018-11-14 15:00:00,3500.0,3550.0,3500.0,3510.0,2726.0
2018-11-15 09:00:00,3525.0,3605.0,3460.0,3460.0,5618.0
2018-11-15 10:00:00,3460.0,3495.0,3385.0,3485.0,18539.0
2018-11-15 11:00:00,3430.0,3485.0,3430.0,3480.0,315.0
2018-11-15 12:00:00,3480.0,3515.0,3435.0,3515.0,3394.0
2018-11-15 13:00:00,3515.0,3535.0,3515.0,3530.0,5130.0
2018-11-15 14:00:00,3535.0,3600.0,3530.0,3600.0,17804.0
2018-11-15 15:00:00,3600.0,3650.0,3600.0,3615.0,11517.0
2018-11-16 09:00:00,3635.0,3640.0,3625.0,3635.0,2607.0
2018-11-16 10:00:00,3645.0,3645.0,3610.0,3635.0,2726.0
2018-11-16 11:00:00,3610.0,3640.0,3610.0,3640.0,2456.0
2018-11-16 12:00:00,3625.0,3670.0,3615.0,3635.0,4932.0
2018-11-16 13:00:00,3630.0,3650.0,3620.0,3640.0,2817.0
2018-11-16 14:00:00,3620.0,3635.0,3615.0,3635.0,2273.0
2018-11-16 15:00:00,3625.0,3640.0,3610.0,3610.0,1946.0
2018-11-19 09:00:00,3635.0,3640.0,3550.0,3600.0,3727.0
2018-11-19 10:00:00,3600.0,3605.0,3575.0,3600.0,3767.0
2018-11-19 11:00:00,3585.0,3600.0,3575.0,3600.0,444.0
2018-11-19 12:00:00,3595.0,3625.0,3595.0,3615.0,1365.0
2018-11-19 13:00:00,3615.0,3615.0,3575.0,3595.0,3776.0
2018-11-19 14:00:00,3590.0,3605.0,3575.0,3590.0,3651.0
2018-11-19 15:00:00,3590.0,3600.0,3575.0,3585.0,6450.0
2018-11-20 09:00:00,3535.0,3545.0,3530.0,3545.0,785.0
2018-11-20 10:00:00,3545.0,3545.0,3505.0,3545.0,3910.0
2018-11-20 11:00:00,3515.0,3545.0,3505.0,3535.0,2788.0
2018-11-20 12:00:00,3540.0,3575.0,3540.0,3560.0,1015.0
2018-11-20 13:00:00,3550.0,3575.0,3535.0,3540.0,4791.0
2018-11-20 14:00:00,3595.0,3595.0,3525.0,3550.0,1659.0
2018-11-20 15:00:00,3575.0,3575.0,3540.0,3540.0,3980.0
2018-11-21 09:00:00,3550.0,3555.0,3515.0,3550.0,4711.0
2018-11-21 10:00:00,3525.0,3555.0,3505.0,3550.0,2772.0
2018-11-21 11:00:00,3550.0,3555.0,3520.0,3555.0,4765.0
2018-11-21 12:00:00,3515.0,3515.0,3490.0,3490.0,2477.0
2018-11-21 13:00:00,3490.0,3525.0,3480.0,3515.0,741.0
2018-11-21 14:00:00,3500.0,3525.0,3500.0,3525.0,3109.0
2018-11-21 15:00:00,3510.0,3590.0,3465.0,3505.0,5357.0
2018-11-22 09:00:00,3535.0,3560.0,3535.0,3555.0,1057.0
2018-11-22 10:00:00,3600.0,3650.0,3560.0,3565.0,7347.0
2018-11-22 11:00:00,3575.0,3575.0,3540.0,3550.0,4238.0
2018-11-22 12:00:00,3550.0,3555.0,3540.0,3555.0,1127.0
2018-11-22 13:00:00,3555.0,3570.0,3540.0,3570.0,2515.0
2018-11-22 14:00:00,3570.0,3570.0,3540.0,3565.0,3147.0
2018-11-22 15:00:00,3565.0,3565.0,3535.0,3535.0,3081.0
2018-11-23 09:00:00,3545.0,3545.0,3450.0,3470.0,7039.0
2018-11-23 10:00:00,3470.0,3490.0,3455.0,3475.0,1954.0
2018-11-23 11:00:00,3500.0,3545.0,3485.0,3545.0,3597.0
2018-11-23 12:00:00,3555.0,3575.0,3535.0,3535.0,1216.0
2018-11-23 13:00:00,3535.0,3535.0,3485.0,3500.0,5944.0
2018-11-23 14:00:00,3555.0,3555.0,3535.0,3540.0,1372.0
2018-11-23 15:00:00,3500.0,3500.0,3485.0,3500.0,1997.0
2018-11-26 09:00:00,3475.0,3535.0,3460.0,3500.0,1343.0
2018-11-26 10:00:00,3500.0,3515.0,3490.0,3500.0,5069.0
2018-11-26 11:00:00,3500.0,3505.0,3490.0,3500.0,2150.0
2018-11-26 12:00:00,3500.0,3520.0,3490.0,3520.0,1989.0
2018-11-26 13:00:00,3520.0,3525.0,3515.0,3525.0,1352.0
2018-11-26 14:00:00,3525.0,3540.0,3525.0,3535.0,7814.0
2018-11-26 15:00:00,3535.0,3540.0,3525.0,3540.0,3895.0
2018-11-27 09:00:00,3605.0,3605.0,3590.0,3605.0,688.0
2018-11-27 10:00:00,3590.0,3610.0,3590.0,3605.0,8056.0
2018-11-27 11:00:00,3595.0,3605.0,3570.0,3590.0,3737.0
2018-11-27 12:00:00,3510.0,3590.0,3510.0,3580.0,3010.0
2018-11-27 13:00:00,3560.0,3620.0,3550.0,3595.0,8577.0
2018-11-27 14:00:00,3580.0,3580.0,3540.0,3560.0,4513.0
2018-11-27 15:00:00,3595.0,3610.0,3590.0,3605.0,631.0
2018-11-28 09:00:00,3625.0,3660.0,3615.0,3660.0,10523.0
2018-11-28 10:00:00,3655.0,3660.0,3615.0,3655.0,5115.0
2018-11-28 11:00:00,3620.0,3625.0,3605.0,3625.0,1767.0
2018-11-28 12:00:00,3575.0,3620.0,3575.0,3605.0,827.0
2018-11-28 13:00:00,3620.0,3625.0,3605.0,3625.0,1822.0
2018-11-28 14:00:00,3600.0,3620.0,3600.0,3620.0,2871.0
2018-11-28 15:00:00,3625.0,3625.0,3610.0,3620.0,1739.0
2018-11-29 09:00:00,3700.0,3700.0,3655.0,3660.0,2806.0
2018-11-29 10:00:00,3660.0,3685.0,3650.0,3655.0,2156.0
2018-11-29 11:00:00,3650.0,3685.0,3650.0,3650.0,8620.0
2018-11-29 12:00:00,3650.0,3680.0,3630.0,3645.0,1763.0
2018-11-29 13:00:00,3640.0,3670.0,3550.0,3550.0,8328.0
2018-11-29 14:00:00,3550.0,3625.0,3550.0,3555.0,9950.0
2018-11-29 15:00:00,3555.0,3625.0,3555.0,3625.0,3031.0
2018-11-30 09:00:00,3585.0,3605.0,3585.0,3595.0,1380.0
2018-11-30 10:00:00,3590.0,3600.0,3590.0,3600.0,2168.0
2018-11-30 11:00:00,3590.0,3615.0,3580.0,3605.0,1038.0
2018-11-30 12:00:00,3655.0,3655.0,3585.0,3615.0,3765.0
2018-11-30 13:00:00,3600.0,3615.0,3575.0,3605.0,3862.0
2018-11-30 14:00:00,3610.0,3615.0,3590.0,3610.0,1814.0
2018-11-30 15:00:00,3595.0,3605.0,3590.0,3605.0,1331.0
2018-12-03 09:00:00,3605.0,3650.0,3595.0,3650.0,3484.0
2018-12-03 10:00:00,3650.0,3650.0,3610.0,3625.0,3753.0
2018-12-03 11:00:00,3625.0,3635.0,3620.0,3620.0,1821.0
2018-12-03 12:00:00,3620.0,3630.0,3610.0,3630.0,2152.0
2018-12-03 13:00:00,3630.0,3640.0,3625.0,3640.0,2903.0
2018-12-03 14:00:00,3640.0,3670.0,3625.0,3670.0,11458.0
2018-12-03 15:00:00,3655.0,3670.0,3645.0,3665.0,2604.0
2018-12-04 09:00:00,3840.0,3840.0,3810.0,3825.0,5220.0
2018-12-04 10:00:00,3795.0,3845.0,3790.0,3840.0,6345.0
2018-12-04 11:00:00,3820.0,3825.0,3785.0,3795.0,8826.0
2018-12-04 12:00:00,3785.0,3825.0,3780.0,3820.0,2753.0
2018-12-04 13:00:00,3880.0,3880.0,3810.0,3820.0,13518.0
2018-12-04 14:00:00,3925.0,4085.0,3815.0,3885.0,71690.0
2018-12-04 15:00:00,3820.0,3845.0,3770.0,3840.0,10245.0
2018-12-05 09:00:00,3825.0,3905.0,3785.0,3860.0,22629.0
2018-12-05 10:00:00,3870.0,3910.0,3825.0,3905.0,9293.0
2018-12-05 11:00:00,3905.0,3910.0,3880.0,3910.0,10568.0
2018-12-05 12:00:00,3910.0,3930.0,3890.0,3890.0,11745.0
2018-12-05 13:00:00,3895.0,3925.0,3895.0,3920.0,9475.0
2018-12-05 14:00:00,3890.0,3920.0,3870.0,3920.0,4494.0
2018-12-05 15:00:00,3915.0,3915.0,3845.0,3870.0,6575.0
2018-12-06 09:00:00,3870.0,3870.0,3765.0,3840.0,11060.0
2018-12-06 10:00:00,3795.0,3835.0,3790.0,3790.0,3804.0
2018-12-06 11:00:00,3790.0,3810.0,3750.0,3785.0,5511.0
2018-12-06 12:00:00,3720.0,3780.0,3720.0,3760.0,4154.0
2018-12-06 13:00:00,3735.0,3775.0,3735.0,3760.0,6311.0
2018-12-06 14:00:00,3760.0,3780.0,3750.0,3750.0,6270.0
2018-12-06 15:00:00,3755.0,3785.0,3675.0,3725.0,10302.0
2018-12-07 09:00:00,3750.0,3800.0,3725.0,3795.0,2406.0
2018-12-07 10:00:00,3795.0,3800.0,3740.0,3745.0,1448.0
2018-12-07 11:00:00,3750.0,3750.0,3725.0,3735.0,2623.0
2018-12-07 12:00:00,3730.0,3750.0,3625.0,3685.0,14183.0
2018-12-07 13:00:00,3680.0,3750.0,3665.0,3750.0,4281.0
2018-12-07 14:00:00,3745.0,3795.0,3730.0,3795.0,7044.0
2018-12-07 15:00:00,3795.0,3795.0,3755.0,3775.0,4259.0
2018-12-10 09:00:00,3660.0,3705.0,3660.0,3705.0,2636.0
2018-12-10 10:00:00,3645.0,3710.0,3645.0,3685.0,2635.0
2018-12-10 11:00:00,3705.0,3705.0,3625.0,3645.0,15303.0
2018-12-10 12:00:00,3670.0,3940.0,3670.0,3750.0,12972.0
2018-12-10 13:00:00,3780.0,3780.0,3730.0,3750.0,862.0
2018-12-10 14:00:00,3740.0,3805.0,3705.0,3785.0,6073.0
2018-12-10 15:00:00,3730.0,3740.0,3680.0,3680.0,10362.0
2018-12-11 09:00:00,3580.0,3620.0,3575.0,3595.0,6657.0
2018-12-11 10:00:00,3595.0,3625.0,3570.0,3625.0,10654.0
2018-12-11 11:00:00,3585.0,3615.0,3580.0,3580.0,9680.0
2018-12-11 12:00:00,3705.0,3805.0,3650.0,3665.0,10790.0
2018-12-11 13:00:00,3750.0,3750.0,3605.0,3630.0,4525.0
2018-12-11 14:00:00,3655.0,3760.0,3655.0,3750.0,2330.0
2018-12-11 15:00:00,3630.0,3640.0,3585.0,3585.0,6543.0
2018-12-12 09:00:00,3575.0,3645.0,3575.0,3620.0,1987.0
2018-12-12 10:00:00,3620.0,3640.0,3600.0,3640.0,2123.0
2018-12-12 11:00:00,3630.0,3670.0,3625.0,3670.0,1741.0
2018-12-12 12:00:00,3670.0,3670.0,3635.0,3665.0,360.0
2018-12-12 13:00:00,3640.0,3670.0,3625.0,3645.0,4245.0
2018-12-12 14:00:00,3630.0,3650.0,3600.0,3630.0,4232.0
2018-12-12 15:00:00,3645.0,3660.0,3625.0,3660.0,2281.0
2018-12-13 09:00:00,3700.0,3730.0,3690.0,3725.0,9291.0
2018-12-13 10:00:00,3725.0,3725.0,3695.0,3695.0,2887.0
2018-12-13 11:00:00,3690.0,3720.0,3685.0,3700.0,7163.0
2018-12-13 12:00:00,3685.0,3690.0,3680.0,3690.0,2785.0
2018-12-13 13:00:00,3680.0,3685.0,3670.0,3685.0,2170.0
2018-12-13 14:00:00,3680.0,3680.0,3635.0,3680.0,1320.0
2018-12-13 15:00:00,3645.0,3720.0,3635.0,3680.0,1251.0
2018-12-14 09:00:00,3750.0,3755.0,3685.0,3690.0,821.0
2018-12-14 10:00:00,3690.0,3690.0,3570.0,3620.0,9426.0
2018-12-14 11:00:00,3620.0,3650.0,3600.0,3625.0,2502.0
2018-12-14 12:00:00,3625.0,3640.0,3625.0,3640.0,108.0
2018-12-14 13:00:00,3640.0,3665.0,3610.0,3665.0,2748.0
2018-12-14 14:00:00,3670.0,3700.0,3625.0,3695.0,4785.0
2018-12-14 15:00:00,3675.0,3700.0,3675.0,3685.0,2335.0
2018-12-17 09:00:00,3680.0,3720.0,3650.0,3705.0,6851.0
2018-12-17 10:00:00,3685.0,3690.0,3640.0,3680.0,2880.0
2018-12-17 11:00:00,3645.0,3685.0,3645.0,3685.0,2848.0
2018-12-17 12:00:00,3780.0,3780.0,3630.0,3645.0,2787.0
2018-12-17 13:00:00,3690.0,3690.0,3675.0,3685.0,886.0
2018-12-17 14:00:00,3640.0,3700.0,3635.0,3690.0,4966.0
2018-12-17 15:00:00,3675.0,3685.0,3640.0,3645.0,2098.0
2018-12-18 09:00:00,3705.0,3715.0,3695.0,3715.0,733.0
2018-12-18 10:00:00,3710.0,3715.0,3705.0,3715.0,1603.0
2018-12-18 11:00:00,3740.0,3740.0,3700.0,3715.0,7617.0
2018-12-18 12:00:00,3705.0,3705.0,3650.0,3700.0,3438.0
2018-12-18 13:00:00,3700.0,3745.0,3670.0,3740.0,2185.0
2018-12-18 14:00:00,3700.0,3700.0,3665.0,3700.0,3606.0
2018-12-18 15:00:00,3740.0,3740.0,3705.0,3710.0,510.0
2018-12-19 09:00:00,3700.0,3770.0,3690.0,3690.0,2574.0
2018-12-19 10:00:00,3700.0,3735.0,3695.0,3735.0,2392.0
2018-12-19 11:00:00,3720.0,3800.0,3720.0,3795.0,18146.0
2018-12-19 12:00:00,3785.0,3795.0,3765.0,3785.0,3448.0
2018-12-19 13:00:00,3785.0,3795.0,3760.0,3760.0,2039.0
2018-12-19 14:00:00,3785.0,3790.0,3760.0,3780.0,1472.0
2018-12-19 15:00:00,3760.0,3835.0,3760.0,3835.0,28006.0
2018-12-20 09:00:00,3720.0,3785.0,3710.0,3735.0,7040.0
2018-12-20 10:00:00,3730.0,3735.0,3680.0,3690.0,12051.0
2018-12-20 11:00:00,3760.0,3785.0,3705.0,3715.0,13721.0
2018-12-20 12:00:00,3795.0,3855.0,3755.0,3760.0,5817.0
2018-12-20 13:00:00,3845.0,3845.0,3790.0,3795.0,10514.0
2018-12-20 14:00:00,3820.0,3875.0,3805.0,3845.0,7030.0
2018-12-20 15:00:00,4085.0,4100.0,3760.0,3820.0,112712.0
2018-12-21 09:00:00,3690.0,3695.0,3650.0,3680.0,13274.0
2018-12-21 10:00:00,3680.0,3725.0,3680.0,3695.0,2797.0
2018-12-21 11:00:00,3695.0,3720.0,3655.0,3670.0,3395.0
2018-12-21 12:00:00,3670.0,3695.0,3640.0,3660.0,6666.0
2018-12-21 13:00:00,3660.0,3705.0,3660.0,3660.0,4858.0
2018-12-21 14:00:00,3660.0,3690.0,3640.0,3685.0,6528.0
2018-12-21 15:00:00,3685.0,3735.0,3645.0,3735.0,3438.0
2018-12-24 09:00:00,3745.0,3770.0,3735.0,3765.0,23574.0
2018-12-24 10:00:00,3720.0,3750.0,3720.0,3750.0,11209.0
2018-12-24 11:00:00,3680.0,3725.0,3680.0,3725.0,3345.0
2018-12-24 12:00:00,3735.0,3735.0,3670.0,3730.0,6763.0
2018-12-24 13:00:00,3680.0,3700.0,3680.0,3700.0,1741.0
2018-12-24 14:00:00,3720.0,3725.0,3680.0,3700.0,3600.0
2018-12-24 15:00:00,3685.0,3695.0,3680.0,3695.0,1801.0
2018-12-26 09:00:00,3690.0,3705.0,3665.0,3695.0,4152.0
2018-12-26 10:00:00,3695.0,3735.0,3695.0,3735.0,2153.0
2018-12-26 11:00:00,3710.0,3725.0,3690.0,3695.0,3650.0
2018-12-26 12:00:00,3760.0,3760.0,3665.0,3745.0,3717.0
2018-12-26 13:00:00,3700.0,3725.0,3695.0,3695.0,2959.0
2018-12-26 14:00:00,3720.0,3745.0,3700.0,3725.0,2961.0
2018-12-26 15:00:00,3695.0,3725.0,3680.0,3725.0,4740.0
2018-12-27 09:00:00,3735.0,3760.0,3725.0,3750.0,2561.0
2018-12-27 10:00:00,3750.0,3780.0,3725.0,3775.0,6337.0
2018-12-27 11:00:00,3775.0,3785.0,3760.0,3780.0,2400.0
2018-12-27 12:00:00,3780.0,3790.0,3770.0,3770.0,3243.0
2018-12-27 13:00:00,3770.0,3780.0,3760.0,3765.0,3083.0
2018-12-27 14:00:00,3780.0,3800.0,3755.0,3795.0,8997.0
2018-12-27 15:00:00,3795.0,3820.0,3795.0,3820.0,2035.0
2018-12-28 09:00:00,3805.0,3840.0,3800.0,3840.0,3258.0
2018-12-28 10:00:00,3835.0,3840.0,3825.0,3830.0,3433.0
2018-12-28 11:00:00,3830.0,3830.0,3805.0,3825.0,1072.0
2018-12-28 12:00:00,3810.0,3850.0,3790.0,3830.0,3647.0
2018-12-28 13:00:00,3750.0,3810.0,3745.0,3810.0,6384.0
2018-12-28 14:00:00,3810.0,3815.0,3745.0,3755.0,8824.0
2018-12-28 15:00:00,3845.0,3900.0,3760.0,3810.0,2101.0
2019-01-02 09:00:00,3830.0,3885.0,3830.0,3855.0,6442.0
2019-01-02 10:00:00,3865.0,3865.0,3815.0,3860.0,7001.0
2019-01-02 11:00:00,3835.0,3860.0,3800.0,3840.0,8067.0
2019-01-02 12:00:00,3840.0,3840.0,3770.0,3780.0,2021.0
2019-01-02 13:00:00,3770.0,3800.0,3740.0,3790.0,5502.0
2019-01-02 14:00:00,3790.0,3790.0,3755.0,3755.0,3423.0
2019-01-03 09:00:00,3555.0,3570.0,3540.0,3565.0,6332.0
2019-01-03 10:00:00,3570.0,3570.0,3540.0,3555.0,12880.0
2019-01-03 11:00:00,3575.0,3575.0,3550.0,3570.0,12812.0
2019-01-03 12:00:00,3740.0,3755.0,3680.0,3690.0,5558.0
2019-01-03 13:00:00,3690.0,3695.0,3630.0,3650.0,12011.0
2019-01-03 14:00:00,3755.0,3755.0,3725.0,3755.0,3790.0
2019-01-03 15:00:00,3640.0,3650.0,3575.0,3575.0,9864.0
2019-01-04 09:00:00,3415.0,3490.0,3415.0,3460.0,8010.0
2019-01-04 10:00:00,3460.0,3575.0,3455.0,3575.0,9167.0
2019-01-04 11:00:00,3430.0,3455.0,3420.0,3445.0,12802.0
2019-01-04 12:00:00,3440.0,3455.0,3380.0,3410.0,15024.0
2019-01-04 13:00:00,3415.0,3425.0,3390.0,3415.0,9609.0
2019-01-04 14:00:00,3505.0,3540.0,3435.0,3440.0,18630.0
2019-01-04 15:00:00,3410.0,3455.0,3410.0,3430.0,6993.0
2019-01-07 09:00:00,3600.0,3600.0,3535.0,3540.0,9245.0
2019-01-07 10:00:00,3540.0,3550.0,3500.0,3500.0,9226.0
2019-01-07 11:00:00,3500.0,3500.0,3485.0,3490.0,5660.0
2019-01-07 12:00:00,3490.0,3500.0,3485.0,3500.0,1371.0
2019-01-07 13:00:00,3495.0,3500.0,3480.0,3500.0,4772.0
2019-01-07 14:00:00,3485.0,3500.0,3470.0,3475.0,10796.0
2019-01-07 15:00:00,3470.0,3500.0,3455.0,3455.0,11026.0
2019-01-08 09:00:00,3460.0,3495.0,3450.0,3455.0,4208.0
2019-01-08 10:00:00,3460.0,3475.0,3455.0,3475.0,2029.0
2019-01-08 11:00:00,3460.0,3480.0,3450.0,3455.0,5991.0
2019-01-08 12:00:00,3460.0,3480.0,3435.0,3440.0,6118.0
2019-01-08 13:00:00,3455.0,3500.0,3450.0,3460.0,4275.0
2019-01-08 14:00:00,3440.0,3460.0,3440.0,3460.0,3514.0
2019-01-08 15:00:00,3460.0,3500.0,3450.0,3460.0,4541.0
2019-01-09 09:00:00,3465.0,3490.0,3465.0,3490.0,1180.0
2019-01-09 10:00:00,3490.0,3495.0,3455.0,3485.0,5514.0
2019-01-09 11:00:00,3480.0,3495.0,3470.0,3475.0,5564.0
2019-01-09 12:00:00,3475.0,3495.0,3465.0,3490.0,6592.0
2019-01-09 13:00:00,3485.0,3505.0,3470.0,3490.0,6040.0
2019-01-09 14:00:00,3490.0,3545.0,3485.0,3505.0,9614.0
2019-01-09 15:00:00,3505.0,3515.0,3485.0,3505.0,8285.0
2019-01-10 09:00:00,3560.0,3565.0,3535.0,3560.0,4297.0
2019-01-10 10:00:00,3555.0,3565.0,3535.0,3565.0,5547.0
2019-01-10 11:00:00,3530.0,3560.0,3530.0,3555.0,6729.0
2019-01-10 12:00:00,3540.0,3540.0,3485.0,3490.0,1615.0
2019-01-10 13:00:00,3515.0,3540.0,3515.0,3535.0,1621.0
2019-01-10 14:00:00,3490.0,3540.0,3490.0,3520.0,3665.0
2019-01-10 15:00:00,3525.0,3535.0,3525.0,3530.0,1567.0
2019-01-11 09:00:00,3580.0,3595.0,3575.0,3595.0,2879.0
2019-01-11 10:00:00,3595.0,3595.0,3580.0,3595.0,3466.0
2019-01-11 11:00:00,3575.0,3580.0,3550.0,3580.0,3001.0
2019-01-11 12:00:00,3560.0,3565.0,3510.0,3550.0,1850.0
2019-01-11 13:00:00,3575.0,3585.0,3555.0,3580.0,1848.0
2019-01-11 14:00:00,3550.0,3580.0,3540.0,3580.0,2958.0
2019-01-11 15:00:00,3575.0,3580.0,3570.0,3575.0,451.0
2019-01-14 09:00:00,3605.0,3655.0,3575.0,3640.0,5190.0
2019-01-14 10:00:00,3635.0,3635.0,3620.0,3630.0,5745.0
2019-01-14 11:00:00,3630.0,3635.0,3610.0,3635.0,7551.0
2019-01-14 12:00:00,3635.0,3680.0,3615.0,3680.0,10083.0
2019-01-14 13:00:00,3660.0,3665.0,3650.0,3665.0,2244.0
2019-01-14 14:00:00,3665.0,3735.0,3650.0,3710.0,19767.0
2019-01-14 15:00:00,3670.0,3730.0,3670.0,3730.0,7448.0
2019-01-15 09:00:00,3755.0,3810.0,3730.0,3810.0,26567.0
2019-01-15 10:00:00,3715.0,3760.0,3715.0,3755.0,8174.0
2019-01-15 11:00:00,3735.0,3745.0,3705.0,3715.0,3079.0
2019-01-15 12:00:00,3785.0,3785.0,3670.0,3740.0,5566.0
2019-01-15 13:00:00,3745.0,3745.0,3725.0,3730.0,1359.0
2019-01-15 14:00:00,3740.0,3755.0,3710.0,3735.0,7361.0
2019-01-15 15:00:00,3730.0,3735.0,3705.0,3730.0,3283.0
2019-01-16 09:00:00,3805.0,3835.0,3755.0,3775.0,5136.0
2019-01-16 10:00:00,3775.0,3790.0,3715.0,3730.0,9322.0
2019-01-16 11:00:00,3720.0,3730.0,3690.0,3715.0,8679.0
2019-01-16 12:00:00,3700.0,3705.0,3685.0,3685.0,6084.0
2019-01-16 13:00:00,3685.0,3705.0,3675.0,3690.0,6036.0
2019-01-16 14:00:00,3690.0,3765.0,3685.0,3730.0,12628.0
2019-01-16 15:00:00,3730.0,3800.0,3730.0,3800.0,8916.0
2019-01-17 09:00:00,3835.0,3855.0,3800.0,3815.0,9548.0
2019-01-17 10:00:00,3760.0,3785.0,3760.0,3765.0,6810.0
2019-01-17 11:00:00,3765.0,4000.0,3765.0,3855.0,98688.0
2019-01-17 12:00:00,3770.0,3795.0,3760.0,3765.0,6732.0
2019-01-17 13:00:00,3765.0,3790.0,3765.0,3770.0,9799.0
2019-01-17 14:00:00,3800.0,3830.0,3755.0,3770.0,2602.0
2019-01-17 15:00:00,3765.0,3785.0,3760.0,3760.0,5945.0
2019-01-18 09:00:00,3740.0,3745.0,3725.0,3745.0,6015.0
2019-01-18 10:00:00,3785.0,3820.0,3745.0,3750.0,12113.0
2019-01-18 11:00:00,3750.0,3775.0,3735.0,3740.0,13140.0
2019-01-18 12:00:00,3845.0,3855.0,3815.0,3825.0,4107.0
2019-01-18 13:00:00,3810.0,3855.0,3805.0,3855.0,13139.0
2019-01-18 14:00:00,3830.0,3835.0,3785.0,3785.0,6946.0
2019-01-18 15:00:00,3815.0,3845.0,3790.0,3815.0,10149.0
2019-01-21 09:00:00,3740.0,3770.0,3725.0,3755.0,10075.0
2019-01-21 10:00:00,3745.0,3765.0,3665.0,3700.0,23473.0
2019-01-21 11:00:00,3700.0,3780.0,3695.0,3770.0,12952.0
2019-01-21 12:00:00,3770.0,3795.0,3760.0,3780.0,5438.0
2019-01-21 13:00:00,3780.0,3785.0,3750.0,3785.0,4067.0
2019-01-21 14:00:00,3770.0,3785.0,3740.0,3750.0,3662.0
2019-01-21 15:00:00,3750.0,3775.0,3730.0,3740.0,3844.0
2019-01-22 09:00:00,3735.0,3740.0,3710.0,3725.0,695.0
2019-01-22 10:00:00,3705.0,3725.0,3630.0,3720.0,6723.0
2019-01-22 11:00:00,3740.0,3745.0,3710.0,3745.0,4940.0
2019-01-22 12:00:00,3750.0,3825.0,3735.0,3735.0,10996.0
2019-01-22 13:00:00,3755.0,3760.0,3740.0,3755.0,1770.0
2019-01-22 14:00:00,3735.0,3760.0,3730.0,3760.0,2249.0
2019-01-22 15:00:00,3740.0,3755.0,3735.0,3750.0,785.0
2019-01-23 09:00:00,3695.0,3770.0,3695.0,3725.0,3408.0
2019-01-23 10:00:00,3720.0,3915.0,3720.0,3845.0,80025.0
2019-01-23 11:00:00,3840.0,3840.0,3780.0,3785.0,11623.0
2019-01-23 12:00:00,3785.0,3800.0,3770.0,3775.0,4931.0
2019-01-23 13:00:00,3775.0,3825.0,3770.0,3825.0,7001.0
2019-01-23 14:00:00,3825.0,3830.0,3795.0,3815.0,6163.0
2019-01-23 15:00:00,3815.0,3815.0,3770.0,3805.0,7755.0
2019-01-24 09:00:00,3820.0,3835.0,3810.0,3835.0,4250.0
2019-01-24 10:00:00,3795.0,3825.0,3780.0,3815.0,4200.0
2019-01-24 11:00:00,3765.0,3795.0,3765.0,3795.0,1795.0
2019-01-24 12:00:00,3900.0,3900.0,3775.0,3790.0,5224.0
2019-01-24 13:00:00,3760.0,3795.0,3735.0,3775.0,16718.0
2019-01-24 14:00:00,3785.0,3805.0,3745.0,3765.0,10647.0
2019-01-24 15:00:00,3775.0,3785.0,3765.0,3770.0,2139.0
2019-01-25 09:00:00,3935.0,3940.0,3925.0,3935.0,5739.0
2019-01-25 10:00:00,3935.0,3950.0,3930.0,3950.0,9109.0
2019-01-25 11:00:00,3940.0,3945.0,3920.0,3940.0,10821.0
2019-01-25 12:00:00,3845.0,3875.0,3815.0,3840.0,12594.0
2019-01-25 13:00:00,3910.0,3935.0,3890.0,3930.0,19845.0
2019-01-25 14:00:00,3845.0,3910.0,3845.0,3910.0,22891.0
2019-01-25 15:00:00,3925.0,3945.0,3925.0,3940.0,9703.0
2019-01-28 09:00:00,3930.0,3995.0,3885.0,3925.0,5014.0
2019-01-28 10:00:00,3915.0,3920.0,3855.0,3900.0,5219.0
2019-01-28 11:00:00,3895.0,3905.0,3865.0,3875.0,2548.0
2019-01-28 12:00:00,3875.0,3900.0,3875.0,3895.0,1032.0
2019-01-28 13:00:00,3895.0,3920.0,3885.0,3910.0,3193.0
2019-01-28 14:00:00,3910.0,3930.0,3885.0,3885.0,6112.0
2019-01-28 15:00:00,3885.0,3895.0,3885.0,3890.0,3296.0
2019-01-29 09:00:00,3815.0,3820.0,3800.0,3810.0,1915.0
2019-01-29 10:00:00,3815.0,3870.0,3810.0,3870.0,3148.0
2019-01-29 11:00:00,3805.0,3835.0,3800.0,3815.0,5366.0
2019-01-29 12:00:00,3885.0,3885.0,3805.0,3815.0,7048.0
2019-01-29 13:00:00,3810.0,3835.0,3805.0,3820.0,3918.0
2019-01-29 14:00:00,3820.0,3830.0,3805.0,3820.0,2465.0
2019-01-29 15:00:00,3820.0,3830.0,3780.0,3805.0,7959.0
2019-01-30 09:00:00,3865.0,3865.0,3800.0,3840.0,5062.0
2019-01-30 10:00:00,3845.0,3870.0,3800.0,3820.0,6141.0
2019-01-30 11:00:00,3820.0,3850.0,3820.0,3820.0,3792.0
2019-01-30 12:00:00,3845.0,3880.0,3840.0,3845.0,4213.0
2019-01-30 13:00:00,3875.0,3875.0,3830.0,3830.0,4396.0
2019-01-30 14:00:00,3830.0,3870.0,3800.0,3870.0,7568.0
2019-01-30 15:00:00,3850.0,3900.0,3830.0,3895.0,5565.0
2019-01-31 09:00:00,3945.0,3970.0,3930.0,3970.0,8043.0
2019-01-31 10:00:00,3915.0,3965.0,3900.0,3945.0,8173.0
2019-01-31 11:00:00,3935.0,3950.0,3900.0,3925.0,6726.0
2019-01-31 12:00:00,3990.0,4010.0,3940.0,3940.0,14295.0
2019-01-31 13:00:00,3855.0,4045.0,3855.0,3990.0,84132.0
2019-01-31 14:00:00,3875.0,3875.0,3825.0,3855.0,7851.0
2019-01-31 15:00:00,3950.0,3975.0,3935.0,3950.0,6030.0
2019-02-01 09:00:00,4050.0,4050.0,3895.0,3920.0,12110.0
2019-02-01 10:00:00,3895.0,3925.0,3865.0,3905.0,9325.0
2019-02-01 11:00:00,3900.0,3945.0,3895.0,3935.0,3223.0
2019-02-01 12:00:00,3935.0,3955.0,3930.0,3950.0,3768.0
2019-02-01 13:00:00,3945.0,3950.0,3935.0,3945.0,6749.0
2019-02-01 14:00:00,3940.0,3970.0,3935.0,3960.0,17154.0
2019-02-01 15:00:00,3955.0,3970.0,3940.0,3970.0,7059.0
2019-02-07 09:00:00,3910.0,3915.0,3895.0,3910.0,8390.0
2019-02-07 10:00:00,3910.0,3910.0,3875.0,3910.0,5308.0
2019-02-07 11:00:00,3870.0,3910.0,3870.0,3910.0,5590.0
2019-02-07 12:00:00,3890.0,3910.0,3860.0,3875.0,10588.0
2019-02-07 13:00:00,3900.0,3910.0,3875.0,3900.0,5571.0
2019-02-07 14:00:00,3890.0,3900.0,3860.0,3900.0,6368.0
2019-02-07 15:00:00,4000.0,4000.0,3860.0,3890.0,15619.0
2019-02-08 09:00:00,3900.0,3935.0,3865.0,3880.0,1409.0
2019-02-08 10:00:00,3880.0,3895.0,3820.0,3855.0,7847.0
2019-02-08 11:00:00,3845.0,3855.0,3815.0,3820.0,3657.0
2019-02-08 12:00:00,3840.0,3850.0,3835.0,3850.0,1308.0
2019-02-08 13:00:00,3850.0,3850.0,3805.0,3825.0,9738.0
2019-02-08 14:00:00,3825.0,3855.0,3805.0,3840.0,11547.0
2019-02-08 15:00:00,3835.0,3875.0,3830.0,3875.0,5738.0
2019-02-11 09:00:00,3845.0,3850.0,3845.0,3845.0,4078.0
2019-02-11 10:00:00,3845.0,3860.0,3840.0,3845.0,3873.0
2019-02-11 11:00:00,3845.0,3850.0,3820.0,3850.0,7336.0
2019-02-11 12:00:00,3895.0,3915.0,3800.0,3845.0,15706.0
2019-02-11 13:00:00,3830.0,3840.0,3815.0,3840.0,2746.0
2019-02-11 14:00:00,3840.0,3850.0,3820.0,3840.0,2121.0
2019-02-11 15:00:00,3835.0,3840.0,3835.0,3840.0,849.0
2019-02-12 09:00:00,3840.0,3865.0,3840.0,3845.0,3113.0
2019-02-12 10:00:00,3845.0,3850.0,3820.0,3850.0,5141.0
2019-02-12 11:00:00,3825.0,3845.0,3805.0,3840.0,9490.0
2019-02-12 12:00:00,3760.0,3875.0,3760.0,3815.0,11312.0
2019-02-12 13:00:00,3805.0,3835.0,3800.0,3835.0,3004.0
2019-02-12 14:00:00,3810.0,3835.0,3800.0,3805.0,5401.0
2019-02-12 15:00:00,3825.0,3840.0,3825.0,3840.0,792.0
2019-02-13 09:00:00,3855.0,3910.0,3825.0,3835.0,4372.0
2019-02-13 10:00:00,3835.0,3880.0,3810.0,3865.0,16117.0
2019-02-13 11:00:00,3875.0,3910.0,3860.0,3910.0,8521.0
2019-02-13 12:00:00,3910.0,3915.0,3890.0,3910.0,1547.0
2019-02-13 13:00:00,3910.0,3920.0,3890.0,3920.0,19941.0
2019-02-13 14:00:00,3920.0,3965.0,3915.0,3950.0,48629.0
2019-02-13 15:00:00,3950.0,3970.0,3940.0,3970.0,14432.0
2019-02-14 09:00:00,3945.0,4005.0,3945.0,3985.0,28221.0
2019-02-14 10:00:00,3980.0,4000.0,3975.0,3995.0,6003.0
2019-02-14 11:00:00,3940.0,3965.0,3935.0,3950.0,13597.0
2019-02-14 12:00:00,3945.0,3970.0,3930.0,3945.0,2380.0
2019-02-14 13:00:00,3975.0,3975.0,3935.0,3950.0,3635.0
2019-02-14 14:00:00,3940.0,3990.0,3920.0,3975.0,7658.0
2019-02-14 15:00:00,3970.0,3970.0,3915.0,3940.0,6557.0
2019-02-15 09:00:00,3995.0,4040.0,3970.0,3980.0,20541.0
2019-02-15 10:00:00,3980.0,3980.0,3930.0,3930.0,9855.0
2019-02-15 11:00:00,3930.0,3945.0,3900.0,3920.0,7115.0
2019-02-15 12:00:00,3925.0,3930.0,3915.0,3930.0,3683.0
2019-02-15 13:00:00,3925.0,3930.0,3920.0,3930.0,1240.0
2019-02-15 14:00:00,3930.0,3930.0,3920.0,3930.0,3699.0
2019-02-15 15:00:00,3930.0,3940.0,3920.0,3940.0,3932.0
2019-02-18 09:00:00,4010.0,4020.0,4005.0,4020.0,6172.0
2019-02-18 10:00:00,4005.0,4015.0,4000.0,4015.0,5190.0
2019-02-18 11:00:00,4000.0,4010.0,4000.0,4005.0,5244.0
2019-02-18 12:00:00,3940.0,3975.0,3930.0,3955.0,24139.0
2019-02-18 13:00:00,3995.0,4015.0,3985.0,4010.0,7913.0
2019-02-18 14:00:00,3960.0,4020.0,3955.0,3990.0,16319.0
2019-02-18 15:00:00,4015.0,4015.0,4000.0,4000.0,3663.0
2019-02-19 09:00:00,4145.0,4185.0,4135.0,4185.0,44178.0
2019-02-19 10:00:00,4185.0,4190.0,4170.0,4190.0,19636.0
2019-02-19 11:00:00,4125.0,4150.0,4100.0,4150.0,18417.0
2019-02-19 12:00:00,4045.0,4050.0,3995.0,4040.0,11096.0
2019-02-19 13:00:00,4050.0,4085.0,4050.0,4080.0,11916.0
2019-02-19 14:00:00,4045.0,4060.0,4005.0,4060.0,12611.0
2019-02-19 15:00:00,4080.0,4130.0,4060.0,4125.0,15500.0
2019-02-20 09:00:00,4190.0,4265.0,4185.0,4220.0,35292.0
2019-02-20 10:00:00,4220.0,4335.0,4220.0,4290.0,43049.0
2019-02-20 11:00:00,4290.0,4315.0,4245.0,4310.0,21674.0
2019-02-20 12:00:00,4310.0,4355.0,4305.0,4355.0,19849.0
2019-02-20 13:00:00,4355.0,4425.0,4355.0,4395.0,44822.0
2019-02-20 14:00:00,4395.0,4395.0,4300.0,4305.0,22998.0
2019-02-20 15:00:00,4310.0,4385.0,4305.0,4385.0,23442.0
2019-02-21 09:00:00,4355.0,4360.0,4340.0,4345.0,12230.0
2019-02-21 10:00:00,4355.0,4370.0,4305.0,4365.0,13093.0
2019-02-21 11:00:00,4365.0,4365.0,4335.0,4355.0,9908.0
2019-02-21 12:00:00,4380.0,4380.0,4260.0,4310.0,24288.0
2019-02-21 13:00:00,4315.0,4325.0,4215.0,4290.0,15537.0
2019-02-21 14:00:00,4315.0,4375.0,4300.0,4365.0,9755.0
2019-02-21 15:00:00,4295.0,4315.0,4290.0,4315.0,4959.0
2019-02-22 09:00:00,4315.0,4315.0,4200.0,4225.0,26903.0
2019-02-22 10:00:00,4220.0,4220.0,4130.0,4170.0,13849.0
2019-02-22 11:00:00,4185.0,4200.0,4180.0,4195.0,3071.0
2019-02-22 12:00:00,4200.0,4200.0,4180.0,4200.0,6092.0
2019-02-22 13:00:00,4190.0,4200.0,4145.0,4165.0,22408.0
2019-02-22 14:00:00,4165.0,4195.0,4130.0,4160.0,24590.0
2019-02-22 15:00:00,4160.0,4225.0,4155.0,4185.0,18093.0
2019-02-25 09:00:00,4225.0,4245.0,4225.0,4245.0,5654.0
2019-02-25 10:00:00,4225.0,4235.0,4215.0,4230.0,7624.0
2019-02-25 11:00:00,4220.0,4225.0,4210.0,4225.0,2785.0
2019-02-25 12:00:00,4165.0,4210.0,4125.0,4200.0,10976.0
2019-02-25 13:00:00,4210.0,4230.0,4175.0,4205.0,5644.0
2019-02-25 14:00:00,4155.0,4165.0,4085.0,4165.0,12646.0
2019-02-25 15:00:00,4205.0,4220.0,4185.0,4220.0,2170.0
2019-02-26 09:00:00,4255.0,4270.0,4235.0,4255.0,4890.0
2019-02-26 10:00:00,4255.0,4255.0,4225.0,4250.0,4260.0
2019-02-26 11:00:00,4260.0,4265.0,4230.0,4255.0,7951.0
2019-02-26 12:00:00,4235.0,4275.0,4225.0,4270.0,8123.0
2019-02-26 13:00:00,4275.0,4275.0,4245.0,4270.0,9292.0
2019-02-26 14:00:00,4270.0,4275.0,4260.0,4275.0,663.0
2019-02-26 15:00:00,4260.0,4285.0,4225.0,4265.0,3636.0
2019-02-27 09:00:00,4250.0,4250.0,4180.0,4195.0,4942.0
2019-02-27 10:00:00,4195.0,4200.0,4145.0,4165.0,14043.0
2019-02-27 11:00:00,4165.0,4205.0,4160.0,4205.0,5911.0
2019-02-27 12:00:00,4205.0,4215.0,4190.0,4195.0,3756.0
2019-02-27 13:00:00,4195.0,4195.0,4180.0,4190.0,10186.0
2019-02-27 14:00:00,4190.0,4220.0,4185.0,4195.0,12955.0
2019-02-27 15:00:00,4195.0,4250.0,4195.0,4250.0,8325.0
2019-02-28 09:00:00,4130.0,4190.0,4115.0,4140.0,11956.0
2019-02-28 10:00:00,4075.0,4170.0,3895.0,4065.0,25580.0
2019-02-28 11:00:00,4140.0,4180.0,4070.0,4110.0,30677.0
2019-02-28 12:00:00,4135.0,4185.0,4130.0,4160.0,9612.0
2019-02-28 13:00:00,4170.0,4190.0,4140.0,4150.0,8024.0
2019-02-28 14:00:00,4150.0,4155.0,4125.0,4130.0,7547.0
2019-02-28 15:00:00,4245.0,4245.0,4155.0,4170.0,4066.0
2019-03-04 09:00:00,4050.0,4225.0,4050.0,4215.0,17843.0
2019-03-04 10:00:00,4195.0,4215.0,4185.0,4195.0,1936.0
2019-03-04 11:00:00,4195.0,4210.0,4150.0,4210.0,11112.0
2019-03-04 12:00:00,4205.0,4250.0,4205.0,4245.0,9155.0
2019-03-04 13:00:00,4245.0,4280.0,4240.0,4245.0,8843.0
2019-03-04 14:00:00,4240.0,4250.0,4225.0,4240.0,6769.0
2019-03-04 15:00:00,4230.0,4245.0,4225.0,4240.0,1522.0
2019-03-05 09:00:00,4255.0,4260.0,4230.0,4245.0,2562.0
2019-03-05 10:00:00,4230.0,4260.0,4225.0,4255.0,1461.0
2019-03-05 11:00:00,4240.0,4245.0,4225.0,4225.0,5710.0
2019-03-05 12:00:00,4220.0,4250.0,4220.0,4240.0,334.0
2019-03-05 13:00:00,4235.0,4260.0,4215.0,4240.0,6955.0
2019-03-05 14:00:00,4160.0,4280.0,4160.0,4240.0,10953.0
2019-03-05 15:00:00,4240.0,4255.0,4220.0,4250.0,10447.0
2019-03-06 09:00:00,4245.0,4265.0,4215.0,4235.0,7325.0
2019-03-06 10:00:00,4210.0,4225.0,4185.0,4225.0,3881.0
2019-03-06 11:00:00,4225.0,4255.0,4225.0,4250.0,10720.0
2019-03-06 12:00:00,4150.0,4185.0,4145.0,4185.0,2971.0
2019-03-06 13:00:00,4155.0,4165.0,4100.0,4150.0,9296.0
2019-03-06 14:00:00,4185.0,4225.0,4175.0,4215.0,5214.0
2019-03-06 15:00:00,4225.0,4250.0,4140.0,4155.0,13706.0
2019-03-07 09:00:00,4200.0,4215.0,4180.0,4210.0,9059.0
2019-03-07 10:00:00,4185.0,4245.0,4175.0,4245.0,15704.0
2019-03-07 11:00:00,4245.0,4255.0,4195.0,4205.0,9419.0
2019-03-07 12:00:00,4245.0,4250.0,4220.0,4245.0,2114.0
2019-03-07 13:00:00,4245.0,4250.0,4220.0,4240.0,4150.0
2019-03-07 14:00:00,4240.0,4240.0,4210.0,4210.0,2848.0
2019-03-07 15:00:00,4220.0,4220.0,4175.0,4200.0,17752.0
2019-03-08 09:00:00,4145.0,4185.0,4140.0,4160.0,3185.0
2019-03-08 10:00:00,4150.0,4225.0,4120.0,4210.0,33378.0
2019-03-08 11:00:00,4175.0,4180.0,4145.0,4180.0,4031.0
2019-03-08 12:00:00,4145.0,4200.0,4145.0,4195.0,4674.0
2019-03-08 13:00:00,4150.0,4185.0,4135.0,4170.0,1303.0
2019-03-08 14:00:00,4185.0,4195.0,4130.0,4145.0,6881.0
2019-03-08 15:00:00,4170.0,4180.0,4145.0,4145.0,1571.0
2019-03-11 09:00:00,4210.0,4210.0,4100.0,4135.0,10207.0
2019-03-11 10:00:00,4125.0,4125.0,4100.0,4125.0,5024.0
2019-03-11 11:00:00,4135.0,4140.0,4100.0,4140.0,3961.0
2019-03-11 12:00:00,4140.0,4180.0,4125.0,4145.0,3289.0
2019-03-11 13:00:00,4145.0,4185.0,4135.0,4150.0,2036.0
2019-03-11 14:00:00,4180.0,4180.0,4150.0,4165.0,315.0
2019-03-11 15:00:00,4150.0,4165.0,4145.0,4160.0,876.0
2019-03-12 09:00:00,4125.0,4170.0,4125.0,4165.0,3117.0
2019-03-12 10:00:00,4130.0,4165.0,4110.0,4125.0,9167.0
2019-03-12 11:00:00,4180.0,4180.0,4125.0,4165.0,10949.0
2019-03-12 12:00:00,4075.0,4205.0,4075.0,4170.0,12251.0
2019-03-12 13:00:00,4160.0,4200.0,4150.0,4195.0,5445.0
2019-03-12 14:00:00,4170.0,4195.0,4160.0,4160.0,2214.0
2019-03-12 15:00:00,4165.0,4205.0,4160.0,4180.0,6829.0
2019-03-13 09:00:00,4135.0,4170.0,4125.0,4170.0,5393.0
2019-03-13 10:00:00,4130.0,4190.0,4125.0,4185.0,6570.0
2019-03-13 11:00:00,4140.0,4190.0,4135.0,4135.0,2288.0
2019-03-13 12:00:00,4150.0,4235.0,4115.0,4125.0,3496.0
2019-03-13 13:00:00,4090.0,4130.0,4085.0,4130.0,2208.0
2019-03-13 14:00:00,4125.0,4145.0,4080.0,4100.0,12560.0
2019-03-13 15:00:00,4130.0,4180.0,4120.0,4140.0,1670.0
2019-03-14 09:00:00,4225.0,4225.0,4135.0,4150.0,4788.0
2019-03-14 10:00:00,4155.0,4190.0,4145.0,4175.0,4246.0
2019-03-14 11:00:00,4175.0,4195.0,4115.0,4165.0,5708.0
2019-03-14 12:00:00,4160.0,4185.0,4115.0,4140.0,5205.0
2019-03-14 13:00:00,4120.0,4160.0,4120.0,4160.0,3477.0
2019-03-14 14:00:00,4155.0,4185.0,4135.0,4185.0,1536.0
2019-03-14 15:00:00,4185.0,4185.0,4155.0,4180.0,1878.0
2019-03-15 09:00:00,4185.0,4195.0,4175.0,4195.0,4014.0
2019-03-15 10:00:00,4150.0,4190.0,4135.0,4185.0,8995.0
2019-03-15 11:00:00,4185.0,4185.0,4135.0,4165.0,5802.0
2019-03-15 12:00:00,4180.0,4215.0,4130.0,4165.0,3851.0
2019-03-15 13:00:00,4160.0,4185.0,4145.0,4185.0,1929.0
2019-03-15 14:00:00,4165.0,4170.0,4135.0,4160.0,3495.0
2019-03-15 15:00:00,4185.0,4185.0,4145.0,4185.0,2601.0
2019-03-18 09:00:00,4195.0,4200.0,4125.0,4145.0,13284.0
2019-03-18 10:00:00,4150.0,4170.0,4135.0,4135.0,9829.0
2019-03-18 11:00:00,4135.0,4145.0,4125.0,4130.0,3509.0
2019-03-18 12:00:00,4130.0,4150.0,4130.0,4130.0,2777.0
2019-03-18 13:00:00,4130.0,4135.0,4070.0,4115.0,17197.0
2019-03-18 14:00:00,4110.0,4160.0,4110.0,4145.0,6845.0
2019-03-18 15:00:00,4150.0,4165.0,4125.0,4165.0,5737.0
2019-03-19 09:00:00,4125.0,4170.0,4125.0,4170.0,5341.0
2019-03-19 10:00:00,4160.0,4165.0,4140.0,4155.0,1059.0
2019-03-19 11:00:00,4150.0,4155.0,4115.0,4125.0,7583.0
2019-03-19 12:00:00,4170.0,4195.0,4165.0,4195.0,237.0
2019-03-19 13:00:00,4195.0,4225.0,4170.0,4200.0,2947.0
2019-03-19 14:00:00,4165.0,4240.0,4125.0,4195.0,2961.0
2019-03-19 15:00:00,4170.0,4190.0,4135.0,4180.0,2206.0
2019-03-20 09:00:00,4130.0,4145.0,4100.0,4140.0,3628.0
2019-03-20 10:00:00,4100.0,4115.0,4075.0,4115.0,9607.0
2019-03-20 11:00:00,4100.0,4130.0,4100.0,4115.0,5760.0
2019-03-20 12:00:00,4100.0,4130.0,4090.0,4115.0,5171.0
2019-03-20 13:00:00,4130.0,4135.0,4085.0,4100.0,5807.0
2019-03-20 14:00:00,4115.0,4120.0,4100.0,4100.0,2742.0
2019-03-20 15:00:00,4130.0,4215.0,4130.0,4130.0,3312.0
2019-03-21 09:00:00,4085.0,4140.0,4045.0,4130.0,9840.0
2019-03-21 10:00:00,4210.0,4210.0,4140.0,4155.0,3431.0
2019-03-21 11:00:00,4155.0,4170.0,4140.0,4140.0,5264.0
2019-03-21 12:00:00,4135.0,4140.0,4085.0,4085.0,4731.0
2019-03-21 13:00:00,4085.0,4105.0,4060.0,4065.0,7978.0
2019-03-21 14:00:00,4065.0,4095.0,4060.0,4080.0,8888.0
2019-03-21 15:00:00,4080.0,4105.0,4080.0,4085.0,6094.0
2019-03-22 09:00:00,4080.0,4130.0,4065.0,4105.0,16835.0
2019-03-22 10:00:00,4105.0,4135.0,4075.0,4135.0,5364.0
2019-03-22 11:00:00,4075.0,4095.0,4075.0,4085.0,5571.0
2019-03-22 12:00:00,4090.0,4165.0,4090.0,4105.0,2141.0
2019-03-22 13:00:00,4100.0,4100.0,4065.0,4090.0,7012.0
2019-03-22 14:00:00,4095.0,4110.0,4095.0,4105.0,2056.0
2019-03-22 15:00:00,4090.0,4105.0,4070.0,4080.0,4090.0
2019-03-25 09:00:00,4075.0,4160.0,4000.0,4040.0,12655.0
2019-03-25 10:00:00,4025.0,4040.0,4005.0,4030.0,5736.0
2019-03-25 11:00:00,4035.0,4040.0,4010.0,4020.0,4108.0
2019-03-25 12:00:00,4020.0,4030.0,4020.0,4025.0,1965.0
2019-03-25 13:00:00,4025.0,4030.0,4010.0,4025.0,8583.0
2019-03-25 14:00:00,4020.0,4020.0,4005.0,4005.0,2457.0
2019-03-25 15:00:00,4005.0,4040.0,4000.0,4035.0,7168.0
2019-03-26 09:00:00,3995.0,4045.0,3925.0,4000.0,28913.0
2019-03-26 10:00:00,3975.0,4000.0,3950.0,3995.0,4377.0
2019-03-26 11:00:00,3995.0,4000.0,3960.0,3960.0,2224.0
2019-03-26 12:00:00,4035.0,4050.0,3905.0,3985.0,8000.0
2019-03-26 13:00:00,4000.0,4000.0,3950.0,3995.0,1730.0
2019-03-26 14:00:00,3980.0,4020.0,3980.0,4000.0,2434.0
2019-03-26 15:00:00,3975.0,4000.0,3970.0,3975.0,2177.0
2019-03-27 09:00:00,4040.0,4045.0,3980.0,4020.0,3295.0
2019-03-27 10:00:00,4010.0,4025.0,3980.0,4015.0,853.0
2019-03-27 11:00:00,3985.0,4050.0,3985.0,4045.0,1382.0
2019-03-27 12:00:00,3950.0,4030.0,3925.0,3980.0,7687.0
2019-03-27 13:00:00,3985.0,4030.0,3965.0,4030.0,2154.0
2019-03-27 14:00:00,3970.0,3990.0,3960.0,3960.0,1691.0
2019-03-27 15:00:00,4030.0,4030.0,3985.0,3985.0,591.0
2019-03-28 09:00:00,4010.0,4015.0,3875.0,3930.0,9309.0
2019-03-28 10:00:00,3920.0,3935.0,3895.0,3910.0,3129.0
2019-03-28 11:00:00,3910.0,3950.0,3900.0,3925.0,2848.0
2019-03-28 12:00:00,3945.0,3970.0,3930.0,3940.0,417.0
2019-03-28 13:00:00,3950.0,3975.0,3950.0,3965.0,1128.0
2019-03-28 14:00:00,3965.0,4000.0,3935.0,3960.0,4390.0
2019-03-28 15:00:00,3945.0,4010.0,3900.0,4005.0,9714.0
2019-03-29 09:00:00,4020.0,4020.0,3950.0,4000.0,3926.0
2019-03-29 10:00:00,3980.0,4015.0,3940.0,4010.0,4890.0
2019-03-29 11:00:00,4000.0,4020.0,3960.0,4020.0,6240.0
2019-03-29 12:00:00,3955.0,3995.0,3950.0,3960.0,3148.0
2019-03-29 13:00:00,3925.0,3960.0,3925.0,3960.0,3947.0
2019-03-29 14:00:00,3965.0,3965.0,3910.0,3910.0,8182.0
2019-03-29 15:00:00,3960.0,4000.0,3935.0,4000.0,3479.0
2019-04-01 09:00:00,3950.0,4000.0,3950.0,3975.0,1491.0
2019-04-01 10:00:00,3965.0,3965.0,3950.0,3955.0,1891.0
2019-04-01 11:00:00,3955.0,3960.0,3940.0,3940.0,1808.0
2019-04-01 12:00:00,3940.0,3955.0,3935.0,3945.0,1653.0
2019-04-01 13:00:00,3945.0,3960.0,3925.0,3930.0,5461.0
2019-04-01 14:00:00,3930.0,3940.0,3895.0,3905.0,13245.0
2019-04-01 15:00:00,3905.0,3930.0,3880.0,3925.0,5193.0
2019-04-02 09:00:00,3905.0,3925.0,3860.0,3905.0,8455.0
2019-04-02 10:00:00,3905.0,3905.0,3890.0,3905.0,1239.0
2019-04-02 11:00:00,3895.0,3910.0,3880.0,3905.0,537.0
2019-04-02 12:00:00,3900.0,3915.0,3875.0,3880.0,2208.0
2019-04-02 13:00:00,3900.0,3915.0,3890.0,3915.0,2339.0
2019-04-02 14:00:00,3925.0,3965.0,3885.0,3895.0,3462.0
2019-04-02 15:00:00,3915.0,3925.0,3885.0,3905.0,2002.0
2019-04-03 09:00:00,3925.0,3925.0,3895.0,3920.0,804.0
2019-04-03 10:00:00,3920.0,3930.0,3890.0,3915.0,1607.0
2019-04-03 11:00:00,3905.0,3915.0,3895.0,3895.0,4909.0
2019-04-03 12:00:00,3895.0,3895.0,3880.0,3895.0,1868.0
2019-04-03 13:00:00,3885.0,3895.0,3885.0,3890.0,2491.0
2019-04-03 14:00:00,3885.0,3895.0,3875.0,3895.0,1042.0
2019-04-03 15:00:00,3880.0,3895.0,3870.0,3895.0,1448.0
2019-04-04 09:00:00,3855.0,3875.0,3825.0,3875.0,9867.0
2019-04-04 10:00:00,3850.0,3880.0,3820.0,3855.0,8702.0
2019-04-04 11:00:00,3870.0,3885.0,3850.0,3870.0,6538.0
2019-04-04 12:00:00,3895.0,3950.0,3870.0,3900.0,3273.0
2019-04-04 13:00:00,3905.0,3910.0,3885.0,3890.0,2631.0
2019-04-04 14:00:00,3880.0,3900.0,3850.0,3870.0,8146.0
2019-04-04 15:00:00,3885.0,3890.0,3875.0,3875.0,2760.0
2019-04-05 09:00:00,3880.0,3895.0,3850.0,3880.0,4508.0
2019-04-05 10:00:00,3880.0,3895.0,3865.0,3895.0,2140.0
2019-04-05 11:00:00,3895.0,3905.0,3880.0,3890.0,3409.0
2019-04-05 12:00:00,3905.0,3905.0,3880.0,3880.0,3120.0
2019-04-05 13:00:00,3890.0,3890.0,3850.0,3880.0,13228.0
2019-04-05 14:00:00,3870.0,3900.0,3870.0,3895.0,3668.0
2019-04-05 15:00:00,3895.0,3950.0,3880.0,3950.0,5691.0
2019-04-08 09:00:00,3960.0,4015.0,3945.0,4015.0,7161.0
2019-04-08 10:00:00,3950.0,3970.0,3950.0,3960.0,1367.0
2019-04-08 11:00:00,3950.0,3965.0,3950.0,3950.0,2169.0
2019-04-08 12:00:00,3920.0,3935.0,3895.0,3920.0,2176.0
2019-04-08 13:00:00,3915.0,3955.0,3910.0,3955.0,4394.0
2019-04-08 14:00:00,3925.0,3935.0,3880.0,3900.0,4856.0
2019-04-08 15:00:00,3935.0,3975.0,3925.0,3955.0,3187.0
2019-04-09 09:00:00,3940.0,3995.0,3940.0,3975.0,5707.0
2019-04-09 10:00:00,3980.0,4000.0,3950.0,3990.0,11209.0
2019-04-09 11:00:00,3960.0,3975.0,3930.0,3975.0,3859.0
2019-04-09 12:00:00,3970.0,3970.0,3935.0,3960.0,8198.0
2019-04-09 13:00:00,3960.0,3965.0,3960.0,3960.0,499.0
2019-04-09 14:00:00,4000.0,4015.0,3970.0,3970.0,4222.0
2019-04-09 15:00:00,3960.0,3965.0,3950.0,3960.0,234.0
2019-04-10 09:00:00,4005.0,4160.0,3970.0,4160.0,30255.0
2019-04-10 10:00:00,4160.0,4220.0,4130.0,4160.0,21199.0
2019-04-10 11:00:00,4160.0,4215.0,4140.0,4200.0,24702.0
2019-04-10 12:00:00,4200.0,4305.0,4195.0,4225.0,38845.0
2019-04-10 13:00:00,4225.0,4275.0,4200.0,4275.0,31650.0
2019-04-10 14:00:00,4270.0,4280.0,4250.0,4255.0,15653.0
2019-04-10 15:00:00,4265.0,4290.0,4240.0,4290.0,26611.0
2019-04-11 09:00:00,4170.0,4235.0,4135.0,4135.0,22027.0
2019-04-11 10:00:00,4205.0,4240.0,4160.0,4170.0,20040.0
2019-04-11 11:00:00,4220.0,4245.0,4195.0,4225.0,10217.0
2019-04-11 12:00:00,4290.0,4300.0,4220.0,4275.0,27597.0
2019-04-11 13:00:00,4220.0,4285.0,4215.0,4235.0,5283.0
2019-04-11 14:00:00,4270.0,4310.0,4215.0,4225.0,8676.0
2019-04-11 15:00:00,4235.0,4250.0,4215.0,4220.0,4937.0
2019-04-12 09:00:00,4135.0,4195.0,3905.0,4190.0,25008.0
2019-04-12 10:00:00,4185.0,4275.0,4185.0,4240.0,12095.0
2019-04-12 11:00:00,4240.0,4250.0,4235.0,4245.0,6173.0
2019-04-12 12:00:00,4245.0,4260.0,4240.0,4255.0,8626.0
2019-04-12 13:00:00,4250.0,4255.0,4240.0,4255.0,3081.0
2019-04-12 14:00:00,4255.0,4260.0,4245.0,4255.0,8793.0
2019-04-12 15:00:00,4255.0,4260.0,4250.0,4250.0,6080.0
2019-04-15 09:00:00,4465.0,4475.0,4445.0,4465.0,15084.0
2019-04-15 10:00:00,4470.0,4485.0,4450.0,4465.0,8701.0
2019-04-15 11:00:00,4465.0,4470.0,4460.0,4470.0,7229.0
2019-04-15 12:00:00,4370.0,4485.0,4365.0,4455.0,46471.0
2019-04-15 13:00:00,4450.0,4470.0,4435.0,4460.0,6585.0
2019-04-15 14:00:00,4465.0,4470.0,4450.0,4465.0,7699.0
2019-04-15 15:00:00,4250.0,4405.0,4250.0,4380.0,50102.0
2019-04-16 09:00:00,4550.0,4550.0,4445.0,4465.0,28335.0
2019-04-16 10:00:00,4450.0,4500.0,4435.0,4465.0,16457.0
2019-04-16 11:00:00,4455.0,4470.0,4440.0,4465.0,3823.0
2019-04-16 12:00:00,4465.0,4525.0,4465.0,4520.0,9058.0
2019-04-16 13:00:00,4515.0,4610.0,4515.0,4595.0,27849.0
2019-04-16 14:00:00,4550.0,4550.0,4510.0,4545.0,9161.0
2019-04-16 15:00:00,4595.0,4600.0,4520.0,4550.0,28852.0
2019-04-17 09:00:00,4780.0,4800.0,4765.0,4800.0,15694.0
2019-04-17 10:00:00,4650.0,4710.0,4590.0,4645.0,53754.0
2019-04-17 11:00:00,4645.0,4700.0,4645.0,4685.0,21243.0
2019-04-17 12:00:00,4685.0,4700.0,4680.0,4695.0,22410.0
2019-04-17 13:00:00,4695.0,4730.0,4685.0,4710.0,39625.0
2019-04-17 14:00:00,4700.0,4780.0,4690.0,4755.0,34142.0
2019-04-17 15:00:00,4755.0,4800.0,4750.0,4780.0,14191.0
2019-04-18 09:00:00,4775.0,4785.0,4750.0,4770.0,17399.0
2019-04-18 10:00:00,4800.0,4800.0,4750.0,4790.0,4017.0
2019-04-18 11:00:00,4785.0,4790.0,4730.0,4775.0,10219.0
2019-04-18 12:00:00,4780.0,4780.0,4750.0,4780.0,2438.0
2019-04-18 13:00:00,4835.0,4845.0,4775.0,4780.0,9548.0
2019-04-18 14:00:00,4775.0,4805.0,4750.0,4805.0,6724.0
2019-04-18 15:00:00,4755.0,4855.0,4750.0,4830.0,28989.0
2019-04-19 09:00:00,4765.0,4840.0,4700.0,4775.0,16311.0
2019-04-19 10:00:00,4780.0,4820.0,4755.0,4820.0,11833.0
2019-04-19 11:00:00,4825.0,4865.0,4825.0,4855.0,7596.0
2019-04-19 12:00:00,4855.0,4855.0,4835.0,4835.0,1659.0
2019-04-19 13:00:00,4830.0,4840.0,4785.0,4785.0,4055.0
2019-04-19 14:00:00,4785.0,4785.0,4715.0,4770.0,7004.0
2019-04-19 15:00:00,4760.0,4770.0,4650.0,4650.0,16357.0
2019-04-22 09:00:00,4850.0,4855.0,4765.0,4800.0,7337.0
2019-04-22 10:00:00,4765.0,4895.0,4765.0,4850.0,22500.0
2019-04-22 11:00:00,4770.0,4770.0,4765.0,4765.0,5973.0
2019-04-22 12:00:00,4745.0,4765.0,4695.0,4745.0,18077.0
2019-04-22 13:00:00,4745.0,4780.0,4730.0,4770.0,12111.0
2019-04-22 14:00:00,4630.0,4800.0,4550.0,4750.0,34486.0
2019-04-22 15:00:00,4770.0,4775.0,4760.0,4765.0,4079.0
2019-04-23 09:00:00,4780.0,4810.0,4780.0,4805.0,6228.0
2019-04-23 10:00:00,4805.0,4845.0,4800.0,4800.0,4059.0
2019-04-23 11:00:00,4785.0,4790.0,4765.0,4780.0,5258.0
2019-04-23 12:00:00,4780.0,4810.0,4735.0,4810.0,5034.0
2019-04-23 13:00:00,4810.0,4865.0,4790.0,4790.0,8313.0
2019-04-23 14:00:00,4790.0,4835.0,4785.0,4790.0,1549.0
2019-04-23 15:00:00,4730.0,4865.0,4710.0,4785.0,22183.0
2019-04-24 09:00:00,4800.0,4820.0,4770.0,4815.0,6112.0
2019-04-24 10:00:00,4820.0,4925.0,4785.0,4900.0,17816.0
2019-04-24 11:00:00,4900.0,4910.0,4880.0,4900.0,9929.0
2019-04-24 12:00:00,4895.0,4940.0,4895.0,4930.0,14105.0
2019-04-24 13:00:00,4930.0,4935.0,4905.0,4910.0,9323.0
2019-04-24 14:00:00,4915.0,4935.0,4905.0,4915.0,10794.0
2019-04-24 15:00:00,4910.0,4935.0,4900.0,4935.0,9149.0
2019-04-25 09:00:00,4810.0,4850.0,4800.0,4830.0,4809.0
2019-04-25 10:00:00,4855.0,4880.0,4825.0,4880.0,6735.0
2019-04-25 11:00:00,4830.0,4865.0,4805.0,4825.0,10099.0
2019-04-25 12:00:00,4840.0,4865.0,4800.0,4815.0,7919.0
2019-04-25 13:00:00,4935.0,4935.0,4765.0,4780.0,29500.0
2019-04-25 14:00:00,4900.0,4935.0,4825.0,4920.0,17652.0
2019-04-25 15:00:00,4800.0,4880.0,4770.0,4825.0,8127.0
2019-04-26 09:00:00,4850.0,4870.0,4760.0,4790.0,12796.0
2019-04-26 10:00:00,4785.0,4790.0,4720.0,4745.0,8021.0
2019-04-26 11:00:00,4745.0,4765.0,4735.0,4765.0,3966.0
2019-04-26 12:00:00,4760.0,4820.0,4760.0,4805.0,4705.0
2019-04-26 13:00:00,4810.0,4815.0,4775.0,4795.0,4172.0
2019-04-26 14:00:00,4795.0,4820.0,4780.0,4815.0,6030.0
2019-04-26 15:00:00,4815.0,4825.0,4800.0,4825.0,6484.0
2019-04-29 09:00:00,4795.0,4820.0,4775.0,4820.0,11941.0
2019-04-29 10:00:00,4780.0,4805.0,4770.0,4795.0,924.0
2019-04-29 11:00:00,4810.0,4815.0,4775.0,4780.0,2234.0
2019-04-29 12:00:00,4815.0,4920.0,4775.0,4875.0,8570.0
2019-04-29 13:00:00,4840.0,4850.0,4740.0,4825.0,3833.0
2019-04-29 14:00:00,4875.0,4885.0,4795.0,4840.0,3160.0
2019-04-29 15:00:00,4825.0,4825.0,4795.0,4810.0,2058.0
2019-04-30 09:00:00,4790.0,4825.0,4760.0,4820.0,7086.0
2019-04-30 10:00:00,4775.0,4840.0,4775.0,4840.0,1752.0
2019-04-30 11:00:00,4800.0,4800.0,4775.0,4790.0,3977.0
2019-04-30 12:00:00,4840.0,4840.0,4790.0,4790.0,6057.0
2019-04-30 13:00:00,4795.0,4820.0,4790.0,4820.0,4165.0
2019-04-30 14:00:00,4825.0,4825.0,4795.0,4820.0,2157.0
2019-04-30 15:00:00,4820.0,4825.0,4655.0,4800.0,10555.0
2019-05-02 09:00:00,4820.0,4840.0,4780.0,4795.0,1191.0
2019-05-02 10:00:00,4780.0,4800.0,4780.0,4795.0,4857.0
2019-05-02 11:00:00,4780.0,4790.0,4770.0,4770.0,198.0
2019-05-02 12:00:00,4770.0,4775.0,4750.0,4765.0,428.0
2019-05-02 13:00:00,4765.0,4770.0,4730.0,4765.0,2681.0
2019-05-02 14:00:00,4730.0,4760.0,4715.0,4755.0,3113.0
2019-05-02 15:00:00,4750.0,4775.0,4715.0,4775.0,5329.0
2019-05-03 09:00:00,4715.0,4740.0,4700.0,4740.0,2682.0
2019-05-03 10:00:00,4720.0,4730.0,4685.0,4715.0,4753.0
2019-05-03 11:00:00,4680.0,4720.0,4675.0,4715.0,4446.0
2019-05-03 12:00:00,4650.0,4650.0,4575.0,4600.0,12579.0
2019-05-03 13:00:00,4600.0,4650.0,4565.0,4645.0,11222.0
2019-05-03 14:00:00,4650.0,4690.0,4630.0,4680.0,5444.0
2019-05-03 15:00:00,4775.0,4775.0,4590.0,4645.0,13132.0
2019-05-07 09:00:00,4685.0,4715.0,4625.0,4695.0,2662.0
2019-05-07 10:00:00,4695.0,4745.0,4685.0,4745.0,4556.0
2019-05-07 11:00:00,4745.0,4745.0,4740.0,4740.0,805.0
2019-05-07 12:00:00,4725.0,4740.0,4675.0,4730.0,3092.0
2019-05-07 13:00:00,4680.0,4735.0,4665.0,4705.0,8479.0
2019-05-07 14:00:00,4730.0,4730.0,4700.0,4700.0,1450.0
2019-05-07 15:00:00,4735.0,4735.0,4670.0,4700.0,550.0
2019-05-08 09:00:00,4705.0,4775.0,4660.0,4745.0,3214.0
2019-05-08 10:00:00,4705.0,4705.0,4665.0,4705.0,8087.0
2019-05-08 11:00:00,4680.0,4710.0,4675.0,4700.0,2991.0
2019-05-08 12:00:00,4675.0,4925.0,4655.0,4700.0,26747.0
2019-05-08 13:00:00,4650.0,4690.0,4645.0,4675.0,5633.0
2019-05-08 14:00:00,4640.0,4660.0,4620.0,4655.0,9032.0
2019-05-08 15:00:00,4700.0,4720.0,4670.0,4695.0,2899.0
2019-05-09 09:00:00,4650.0,4670.0,4635.0,4635.0,3431.0
2019-05-09 10:00:00,4665.0,4665.0,4600.0,4650.0,9035.0
2019-05-09 11:00:00,4615.0,4665.0,4605.0,4650.0,5375.0
2019-05-09 12:00:00,4675.0,4705.0,4650.0,4700.0,3043.0
2019-05-09 13:00:00,4700.0,4710.0,4670.0,4705.0,3068.0
2019-05-09 14:00:00,4705.0,4745.0,4675.0,4700.0,5568.0
2019-05-09 15:00:00,4705.0,4705.0,4610.0,4615.0,9950.0
2019-05-10 09:00:00,4650.0,4650.0,4510.0,4510.0,9397.0
2019-05-10 10:00:00,4515.0,4640.0,4500.0,4600.0,12068.0
2019-05-10 11:00:00,4595.0,4595.0,4505.0,4510.0,8473.0
2019-05-10 12:00:00,4510.0,4520.0,4450.0,4475.0,18408.0
2019-05-10 13:00:00,4475.0,4495.0,4430.0,4465.0,19328.0
2019-05-10 14:00:00,4465.0,4635.0,4450.0,4605.0,18837.0
2019-05-10 15:00:00,4605.0,4645.0,4550.0,4645.0,5999.0
2019-05-13 09:00:00,4530.0,4650.0,4515.0,4650.0,8736.0
2019-05-13 10:00:00,4525.0,4535.0,4510.0,4530.0,1771.0
2019-05-13 11:00:00,4530.0,4540.0,4520.0,4530.0,2196.0
2019-05-13 12:00:00,4535.0,4550.0,4505.0,4510.0,5465.0
2019-05-13 13:00:00,4540.0,4550.0,4530.0,4535.0,384.0
2019-05-13 14:00:00,4645.0,4645.0,4490.0,4540.0,3940.0
2019-05-13 15:00:00,4510.0,4545.0,4510.0,4535.0,2706.0
2019-05-14 09:00:00,4645.0,4645.0,4305.0,4495.0,24999.0
2019-05-14 10:00:00,4470.0,4605.0,4460.0,4560.0,23689.0
2019-05-14 11:00:00,4550.0,4620.0,4515.0,4590.0,8375.0
2019-05-14 12:00:00,4590.0,4620.0,4555.0,4590.0,1807.0
2019-05-14 13:00:00,4590.0,4600.0,4570.0,4585.0,372.0
2019-05-14 14:00:00,4570.0,4645.0,4555.0,4645.0,8957.0
2019-05-14 15:00:00,4645.0,4655.0,4605.0,4650.0,6432.0
2019-05-15 09:00:00,4650.0,4665.0,4650.0,4650.0,16878.0
2019-05-15 10:00:00,4640.0,4660.0,4600.0,4650.0,9820.0
2019-05-15 11:00:00,4765.0,4770.0,4550.0,4640.0,54909.0
2019-05-15 12:00:00,4650.0,4725.0,4560.0,4590.0,10398.0
2019-05-15 13:00:00,4770.0,4775.0,4720.0,4760.0,4131.0
2019-05-15 14:00:00,4600.0,4775.0,4600.0,4770.0,16017.0
2019-05-15 15:00:00,4760.0,4775.0,4745.0,4770.0,3884.0
2019-05-16 09:00:00,4445.0,4520.0,4375.0,4500.0,29903.0
2019-05-16 10:00:00,4495.0,4530.0,4400.0,4400.0,12499.0
2019-05-16 11:00:00,4480.0,4530.0,4445.0,4445.0,10379.0
2019-05-16 12:00:00,4650.0,4695.0,4560.0,4585.0,11429.0
2019-05-16 13:00:00,4535.0,4605.0,4505.0,4545.0,13408.0
2019-05-16 14:00:00,4585.0,4595.0,4535.0,4535.0,5015.0
2019-05-16 15:00:00,4515.0,4600.0,4480.0,4480.0,13584.0
2019-05-17 09:00:00,4425.0,4500.0,4420.0,4500.0,6067.0
2019-05-17 10:00:00,4495.0,4550.0,4475.0,4550.0,3683.0
2019-05-17 11:00:00,4525.0,4550.0,4495.0,4525.0,2067.0
2019-05-17 12:00:00,4520.0,4525.0,4490.0,4525.0,130.0
2019-05-17 13:00:00,4510.0,4525.0,4435.0,4515.0,8330.0
2019-05-17 14:00:00,4520.0,4550.0,4500.0,4550.0,10670.0
2019-05-17 15:00:00,4550.0,4550.0,4400.0,4400.0,23583.0
2019-05-20 09:00:00,4450.0,4460.0,4430.0,4435.0,3343.0
2019-05-20 10:00:00,4450.0,4475.0,4445.0,4460.0,1242.0
2019-05-20 11:00:00,4500.0,4505.0,4440.0,4480.0,2503.0
2019-05-20 12:00:00,4520.0,4540.0,4475.0,4510.0,2486.0
2019-05-20 13:00:00,4530.0,4545.0,4465.0,4530.0,7570.0
2019-05-20 14:00:00,4505.0,4505.0,4475.0,4500.0,705.0
2019-05-20 15:00:00,4420.0,4525.0,4420.0,4520.0,7636.0
2019-05-21 09:00:00,4415.0,4445.0,4410.0,4420.0,1471.0
2019-05-21 10:00:00,4420.0,4420.0,4380.0,4400.0,1656.0
2019-05-21 11:00:00,4405.0,4420.0,4385.0,4420.0,1442.0
2019-05-21 12:00:00,4420.0,4450.0,4420.0,4435.0,2553.0
2019-05-21 13:00:00,4435.0,4465.0,4420.0,4460.0,6704.0
2019-05-21 14:00:00,4455.0,4465.0,4425.0,4440.0,2434.0
2019-05-21 15:00:00,4375.0,4440.0,4375.0,4440.0,4121.0
2019-05-22 09:00:00,4475.0,4475.0,4455.0,4465.0,1178.0
2019-05-22 10:00:00,4435.0,4500.0,4430.0,4475.0,3368.0
2019-05-22 11:00:00,4390.0,4435.0,4390.0,4435.0,2434.0
2019-05-22 12:00:00,4390.0,4440.0,4390.0,4430.0,431.0
2019-05-22 13:00:00,4400.0,4425.0,4385.0,4390.0,524.0
2019-05-22 14:00:00,4400.0,4440.0,4400.0,4400.0,718.0
2019-05-22 15:00:00,4400.0,4420.0,4390.0,4390.0,2609.0
2019-05-23 09:00:00,4340.0,4400.0,4300.0,4320.0,5050.0
2019-05-23 10:00:00,4320.0,4400.0,4300.0,4340.0,44313.0
2019-05-23 11:00:00,4370.0,4375.0,4320.0,4320.0,1948.0
2019-05-23 12:00:00,4345.0,4405.0,4345.0,4405.0,709.0
2019-05-23 13:00:00,4420.0,4430.0,4310.0,4345.0,6648.0
2019-05-23 14:00:00,4500.0,4500.0,4200.0,4425.0,5958.0
2019-05-23 15:00:00,4395.0,4395.0,4340.0,4370.0,1924.0
2019-05-24 09:00:00,4325.0,4325.0,4170.0,4235.0,7496.0
2019-05-24 10:00:00,4220.0,4235.0,4215.0,4225.0,1451.0
2019-05-24 11:00:00,4235.0,4245.0,4225.0,4245.0,2059.0
2019-05-24 12:00:00,4245.0,4270.0,4210.0,4230.0,7815.0
2019-05-24 13:00:00,4230.0,4250.0,4205.0,4250.0,6790.0
2019-05-24 14:00:00,4250.0,4250.0,4195.0,4210.0,10472.0
2019-05-24 15:00:00,4210.0,4255.0,4175.0,4250.0,12163.0
2019-05-27 09:00:00,4175.0,4175.0,4170.0,4175.0,756.0
2019-05-27 10:00:00,4150.0,4190.0,4120.0,4175.0,7049.0
2019-05-27 11:00:00,4170.0,4175.0,4130.0,4155.0,3612.0
2019-05-27 12:00:00,4195.0,4220.0,4195.0,4220.0,342.0
2019-05-27 13:00:00,4215.0,4220.0,4175.0,4220.0,3817.0
2019-05-27 14:00:00,4200.0,4200.0,4175.0,4175.0,762.0
2019-05-27 15:00:00,4200.0,4215.0,4165.0,4210.0,3279.0
2019-05-28 09:00:00,4100.0,4175.0,4085.0,4175.0,5322.0
2019-05-28 10:00:00,4175.0,4260.0,4165.0,4260.0,6261.0
2019-05-28 11:00:00,4260.0,4295.0,4250.0,4295.0,7611.0
2019-05-28 12:00:00,4300.0,4335.0,4280.0,4305.0,3705.0
2019-05-28 13:00:00,4325.0,4340.0,4280.0,4300.0,2725.0
2019-05-28 14:00:00,4300.0,4315.0,4270.0,4315.0,2544.0
2019-05-28 15:00:00,4110.0,4175.0,4095.0,4135.0,16294.0
2019-05-29 09:00:00,4175.0,4215.0,4160.0,4205.0,3227.0
2019-05-29 10:00:00,4215.0,4230.0,4190.0,4225.0,2768.0
2019-05-29 11:00:00,4215.0,4235.0,4165.0,4200.0,4226.0
2019-05-29 12:00:00,4230.0,4255.0,4185.0,4225.0,1556.0
2019-05-29 13:00:00,4315.0,4325.0,4190.0,4230.0,5036.0
2019-05-29 14:00:00,4200.0,4225.0,4185.0,4215.0,2285.0
2019-05-29 15:00:00,4220.0,4235.0,4185.0,4220.0,2925.0
2019-05-30 09:00:00,4185.0,4205.0,4120.0,4180.0,4528.0
2019-05-30 10:00:00,4180.0,4235.0,4170.0,4225.0,3125.0
2019-05-30 11:00:00,4225.0,4235.0,4210.0,4235.0,1883.0
2019-05-30 12:00:00,4230.0,4240.0,4205.0,4235.0,3057.0
2019-05-30 13:00:00,4235.0,4240.0,4210.0,4235.0,2044.0
2019-05-30 14:00:00,4235.0,4235.0,4205.0,4225.0,911.0
2019-05-30 15:00:00,4230.0,4245.0,4205.0,4245.0,1891.0
2019-05-31 09:00:00,4215.0,4220.0,4195.0,4210.0,402.0
2019-05-31 10:00:00,4215.0,4220.0,4175.0,4215.0,2487.0
2019-05-31 11:00:00,4195.0,4220.0,4155.0,4220.0,4593.0
2019-05-31 12:00:00,4210.0,4240.0,4195.0,4215.0,1424.0
2019-05-31 13:00:00,4220.0,4230.0,4205.0,4230.0,1851.0
2019-05-31 14:00:00,4225.0,4230.0,4200.0,4230.0,1485.0
2019-05-31 15:00:00,4245.0,4245.0,4170.0,4220.0,1593.0
2019-06-03 09:00:00,4210.0,4210.0,4150.0,4180.0,2925.0
2019-06-03 10:00:00,4165.0,4180.0,4140.0,4155.0,4136.0
2019-06-03 11:00:00,4180.0,4180.0,4155.0,4165.0,458.0
2019-06-03 12:00:00,4175.0,4195.0,4160.0,4180.0,1394.0
2019-06-03 13:00:00,4160.0,4195.0,4160.0,4175.0,2710.0
2019-06-03 14:00:00,4175.0,4195.0,4165.0,4175.0,3520.0
2019-06-03 15:00:00,4175.0,4200.0,4150.0,4195.0,4072.0
2019-06-04 09:00:00,4235.0,4280.0,4200.0,4280.0,3327.0
2019-06-04 10:00:00,4170.0,4235.0,4170.0,4235.0,4100.0
2019-06-04 11:00:00,4165.0,4175.0,4155.0,4175.0,492.0
2019-06-04 12:00:00,4155.0,4190.0,4150.0,4190.0,1154.0
2019-06-04 13:00:00,4180.0,4190.0,4165.0,4180.0,452.0
2019-06-04 14:00:00,4130.0,4190.0,4125.0,4155.0,8328.0
2019-06-04 15:00:00,4180.0,4180.0,4155.0,4155.0,590.0
2019-06-05 09:00:00,4250.0,4295.0,4245.0,4245.0,2457.0
2019-06-05 10:00:00,4260.0,4300.0,4235.0,4300.0,3528.0
2019-06-05 11:00:00,4270.0,4285.0,4245.0,4275.0,2583.0
2019-06-05 12:00:00,4280.0,4280.0,4250.0,4250.0,1325.0
2019-06-05 13:00:00,4270.0,4280.0,4245.0,4280.0,1087.0
2019-06-05 14:00:00,4280.0,4330.0,4250.0,4285.0,2737.0
2019-06-05 15:00:00,4280.0,4285.0,4270.0,4280.0,1078.0
2019-06-07 09:00:00,4290.0,4325.0,4265.0,4315.0,1508.0
2019-06-07 10:00:00,4300.0,4345.0,4300.0,4345.0,1817.0
2019-06-07 11:00:00,4345.0,4350.0,4315.0,4325.0,3018.0
2019-06-07 12:00:00,4325.0,4350.0,4315.0,4345.0,564.0
2019-06-07 13:00:00,4325.0,4345.0,4300.0,4340.0,2337.0
2019-06-07 14:00:00,4300.0,4340.0,4290.0,4325.0,2345.0
2019-06-07 15:00:00,4325.0,4330.0,4305.0,4325.0,2904.0
2019-06-10 09:00:00,4275.0,4305.0,4255.0,4305.0,1642.0
2019-06-10 10:00:00,4265.0,4275.0,4250.0,4255.0,714.0
2019-06-10 11:00:00,4260.0,4300.0,4245.0,4285.0,1068.0
2019-06-10 12:00:00,4290.0,4310.0,4240.0,4255.0,3692.0
2019-06-10 13:00:00,4330.0,4350.0,4300.0,4300.0,307.0
2019-06-10 14:00:00,4300.0,4320.0,4290.0,4310.0,1427.0
2019-06-10 15:00:00,4255.0,4305.0,4245.0,4260.0,1860.0
2019-06-11 09:00:00,4250.0,4305.0,4245.0,4305.0,2904.0
2019-06-11 10:00:00,4300.0,4300.0,4250.0,4265.0,4926.0
2019-06-11 11:00:00,4265.0,4295.0,4250.0,4285.0,605.0
2019-06-11 12:00:00,4250.0,4280.0,4250.0,4280.0,322.0
2019-06-11 13:00:00,4270.0,4300.0,4255.0,4285.0,1771.0
2019-06-11 14:00:00,4285.0,4295.0,4270.0,4290.0,909.0
2019-06-11 15:00:00,4290.0,4290.0,4270.0,4290.0,833.0
2019-06-12 09:00:00,4290.0,4300.0,4270.0,4300.0,3689.0
2019-06-12 10:00:00,4280.0,4300.0,4275.0,4300.0,1041.0
2019-06-12 11:00:00,4295.0,4295.0,4285.0,4295.0,327.0
2019-06-12 12:00:00,4290.0,4300.0,4275.0,4290.0,387.0
2019-06-12 13:00:00,4305.0,4310.0,4275.0,4305.0,3934.0
2019-06-12 14:00:00,4295.0,4320.0,4260.0,4320.0,3326.0
2019-06-12 15:00:00,4300.0,4305.0,4275.0,4305.0,1318.0
2019-06-13 09:00:00,4190.0,4255.0,4180.0,4255.0,5478.0
2019-06-13 10:00:00,4250.0,4285.0,4240.0,4285.0,1617.0
2019-06-13 11:00:00,4200.0,4240.0,4190.0,4190.0,8305.0
2019-06-13 12:00:00,4300.0,4305.0,4245.0,4265.0,1229.0
2019-06-13 13:00:00,4240.0,4255.0,4220.0,4220.0,2347.0
2019-06-13 14:00:00,4250.0,4275.0,4240.0,4240.0,1389.0
2019-06-13 15:00:00,4220.0,4250.0,4200.0,4200.0,2935.0
2019-06-14 09:00:00,4290.0,4305.0,4225.0,4240.0,1096.0
2019-06-14 10:00:00,4235.0,4250.0,4230.0,4240.0,2284.0
2019-06-14 11:00:00,4245.0,4245.0,4215.0,4240.0,992.0
2019-06-14 12:00:00,4240.0,4240.0,4200.0,4225.0,2215.0
2019-06-14 13:00:00,4225.0,4235.0,4200.0,4225.0,880.0
2019-06-14 14:00:00,4225.0,4235.0,4140.0,4200.0,6068.0
2019-06-14 15:00:00,4170.0,4235.0,4145.0,4150.0,13281.0
2019-06-17 09:00:00,4150.0,4165.0,4150.0,4150.0,1653.0
2019-06-17 10:00:00,4150.0,4155.0,4135.0,4155.0,1468.0
2019-06-17 11:00:00,4160.0,4170.0,4155.0,4155.0,1665.0
2019-06-17 12:00:00,4185.0,4185.0,4160.0,4185.0,657.0
2019-06-17 13:00:00,4175.0,4190.0,4160.0,4175.0,865.0
2019-06-17 14:00:00,4195.0,4195.0,4155.0,4180.0,1154.0
2019-06-17 15:00:00,4170.0,4170.0,4160.0,4170.0,291.0
2019-06-18 09:00:00,4200.0,4200.0,4115.0,4150.0,3704.0
2019-06-18 10:00:00,4150.0,4175.0,4140.0,4170.0,872.0
2019-06-18 11:00:00,4165.0,4175.0,4155.0,4170.0,1836.0
2019-06-18 12:00:00,4170.0,4190.0,4165.0,4165.0,1671.0
2019-06-18 13:00:00,4165.0,4195.0,4160.0,4175.0,1515.0
2019-06-18 14:00:00,4170.0,4230.0,4150.0,4155.0,12672.0
2019-06-18 15:00:00,4150.0,4210.0,4150.0,4210.0,2604.0
2019-06-19 09:00:00,4205.0,4225.0,4165.0,4225.0,7027.0
2019-06-19 10:00:00,4225.0,4225.0,4200.0,4220.0,533.0
2019-06-19 11:00:00,4215.0,4225.0,4205.0,4205.0,5197.0
2019-06-19 12:00:00,4210.0,4215.0,4205.0,4215.0,915.0
2019-06-19 13:00:00,4210.0,4220.0,4175.0,4210.0,3850.0
2019-06-19 14:00:00,4205.0,4215.0,4175.0,4210.0,2249.0
2019-06-19 15:00:00,4210.0,4215.0,4200.0,4205.0,576.0
2019-06-20 09:00:00,4460.0,4465.0,4400.0,4450.0,6620.0
2019-06-20 10:00:00,4450.0,4475.0,4410.0,4475.0,6086.0
2019-06-20 11:00:00,4375.0,4485.0,4350.0,4465.0,20145.0
2019-06-20 12:00:00,4235.0,4365.0,4235.0,4365.0,11519.0
2019-06-20 13:00:00,4335.0,4370.0,4330.0,4370.0,7063.0
2019-06-20 14:00:00,4335.0,4365.0,4330.0,4335.0,6579.0
2019-06-20 15:00:00,4370.0,4385.0,4360.0,4370.0,6288.0
2019-06-21 09:00:00,4480.0,4675.0,4480.0,4595.0,36539.0
2019-06-21 10:00:00,4625.0,4625.0,4575.0,4600.0,5121.0
2019-06-21 11:00:00,4600.0,4625.0,4585.0,4625.0,5806.0
2019-06-21 12:00:00,4620.0,4625.0,4600.0,4620.0,1820.0
2019-06-21 13:00:00,4620.0,4640.0,4600.0,4625.0,5937.0
2019-06-21 14:00:00,4600.0,4630.0,4600.0,4630.0,4306.0
2019-06-21 15:00:00,4605.0,4630.0,4590.0,4625.0,7127.0
2019-06-24 09:00:00,4585.0,4595.0,4565.0,4595.0,640.0
2019-06-24 10:00:00,4595.0,4595.0,4580.0,4580.0,975.0
2019-06-24 11:00:00,4600.0,4600.0,4560.0,4585.0,1280.0
2019-06-24 12:00:00,4625.0,4650.0,4555.0,4590.0,3626.0
2019-06-24 13:00:00,4590.0,4590.0,4575.0,4580.0,60.0
2019-06-24 14:00:00,4590.0,4590.0,4550.0,4590.0,2329.0
2019-06-24 15:00:00,4565.0,4605.0,4565.0,4605.0,13609.0
2019-06-25 09:00:00,4485.0,4545.0,4355.0,4445.0,26244.0
2019-06-25 10:00:00,4440.0,4465.0,4400.0,4455.0,6797.0
2019-06-25 11:00:00,4430.0,4500.0,4430.0,4495.0,8350.0
2019-06-25 12:00:00,4495.0,4500.0,4425.0,4465.0,4001.0
2019-06-25 13:00:00,4475.0,4500.0,4460.0,4495.0,5257.0
2019-06-25 14:00:00,4470.0,4500.0,4440.0,4500.0,4851.0
2019-06-25 15:00:00,4495.0,4500.0,4430.0,4495.0,5151.0
2019-06-26 09:00:00,4485.0,4495.0,4420.0,4495.0,5540.0
2019-06-26 10:00:00,4445.0,4485.0,4425.0,4485.0,2781.0
2019-06-26 11:00:00,4475.0,4495.0,4425.0,4490.0,2642.0
2019-06-26 12:00:00,4480.0,4495.0,4430.0,4475.0,3245.0
2019-06-26 13:00:00,4495.0,4500.0,4465.0,4500.0,901.0
2019-06-26 14:00:00,4475.0,4500.0,4415.0,4500.0,2943.0
2019-06-26 15:00:00,4495.0,4500.0,4460.0,4480.0,220.0
2019-06-27 09:00:00,4540.0,4540.0,4455.0,4500.0,3086.0
2019-06-27 10:00:00,4500.0,4525.0,4465.0,4475.0,6227.0
2019-06-27 11:00:00,4475.0,4505.0,4465.0,4465.0,4753.0
2019-06-27 12:00:00,4485.0,4490.0,4460.0,4485.0,4971.0
2019-06-27 13:00:00,4460.0,4495.0,4460.0,4495.0,2526.0
2019-06-27 14:00:00,4460.0,4480.0,4455.0,4455.0,3040.0
2019-06-27 15:00:00,4455.0,4495.0,4435.0,4495.0,7643.0
2019-06-28 09:00:00,4495.0,4500.0,4480.0,4490.0,7109.0
2019-06-28 10:00:00,4490.0,4495.0,4480.0,4495.0,7161.0
2019-06-28 11:00:00,4480.0,4490.0,4470.0,4485.0,2089.0
2019-06-28 12:00:00,4435.0,4490.0,4400.0,4485.0,4711.0
2019-06-28 13:00:00,4465.0,4465.0,4400.0,4430.0,5190.0
2019-06-28 14:00:00,4455.0,4495.0,4450.0,4495.0,2884.0
2019-06-28 15:00:00,4495.0,4525.0,4455.0,4490.0,2993.0
2019-07-01 09:00:00,4500.0,4530.0,4475.0,4480.0,3683.0
2019-07-01 10:00:00,4530.0,4540.0,4500.0,4525.0,1559.0
2019-07-01 11:00:00,4555.0,4555.0,4535.0,4535.0,3560.0
2019-07-01 12:00:00,4450.0,4600.0,4450.0,4555.0,26281.0
2019-07-01 13:00:00,4575.0,4575.0,4560.0,4565.0,1491.0
2019-07-01 14:00:00,4555.0,4590.0,4555.0,4575.0,5988.0
2019-07-01 15:00:00,4565.0,4565.0,4550.0,4555.0,667.0
2019-07-02 09:00:00,4485.0,4510.0,4460.0,4495.0,3446.0
2019-07-02 10:00:00,4495.0,4500.0,4470.0,4495.0,978.0
2019-07-02 11:00:00,4470.0,4470.0,4440.0,4440.0,5698.0
2019-07-02 12:00:00,4440.0,4480.0,4430.0,4480.0,709.0
2019-07-02 13:00:00,4465.0,4480.0,4420.0,4425.0,3732.0
2019-07-02 14:00:00,4440.0,4500.0,4440.0,4490.0,8022.0
2019-07-02 15:00:00,4475.0,4500.0,4445.0,4500.0,15930.0
2019-07-03 09:00:00,4425.0,4510.0,4415.0,4510.0,5452.0
2019-07-03 10:00:00,4435.0,4470.0,4415.0,4445.0,3392.0
2019-07-03 11:00:00,4430.0,4500.0,4405.0,4435.0,7823.0
2019-07-03 12:00:00,4510.0,4510.0,4440.0,4440.0,5023.0
2019-07-03 13:00:00,4460.0,4510.0,4435.0,4475.0,8050.0
2019-07-03 14:00:00,4435.0,4510.0,4425.0,4465.0,7815.0
2019-07-03 15:00:00,4450.0,4475.0,4430.0,4430.0,3067.0
2019-07-04 09:00:00,4355.0,4395.0,4340.0,4365.0,9097.0
2019-07-04 10:00:00,4365.0,4395.0,4325.0,4385.0,11109.0
2019-07-04 11:00:00,4370.0,4405.0,4350.0,4355.0,9118.0
2019-07-04 12:00:00,4490.0,4490.0,4405.0,4440.0,7278.0
2019-07-04 13:00:00,4460.0,4500.0,4385.0,4415.0,5867.0
2019-07-04 14:00:00,4440.0,4510.0,4440.0,4455.0,6696.0
2019-07-04 15:00:00,4405.0,4470.0,4355.0,4375.0,6866.0
2019-07-05 09:00:00,4385.0,4385.0,4280.0,4295.0,3875.0
2019-07-05 10:00:00,4290.0,4295.0,4230.0,4230.0,7794.0
2019-07-05 11:00:00,4225.0,4240.0,4215.0,4225.0,2658.0
2019-07-05 12:00:00,4225.0,4225.0,4200.0,4215.0,4939.0
2019-07-05 13:00:00,4215.0,4290.0,4200.0,4290.0,10712.0
2019-07-05 14:00:00,4290.0,4315.0,4265.0,4300.0,5754.0
2019-07-05 15:00:00,4300.0,4320.0,4250.0,4320.0,8125.0
2019-07-08 09:00:00,4135.0,4145.0,4090.0,4130.0,5148.0
2019-07-08 10:00:00,4125.0,4190.0,4095.0,4125.0,4754.0
2019-07-08 11:00:00,4125.0,4165.0,4120.0,4140.0,4990.0
2019-07-08 12:00:00,4300.0,4300.0,4125.0,4155.0,9889.0
2019-07-08 13:00:00,4110.0,4115.0,4075.0,4105.0,8947.0
2019-07-08 14:00:00,4150.0,4160.0,4085.0,4125.0,11379.0
2019-07-08 15:00:00,4110.0,4130.0,4090.0,4125.0,1457.0
2019-07-09 09:00:00,4125.0,4160.0,4080.0,4135.0,2376.0
2019-07-09 10:00:00,4120.0,4125.0,4035.0,4065.0,4861.0
2019-07-09 11:00:00,4070.0,4125.0,4060.0,4090.0,3470.0
2019-07-09 12:00:00,4120.0,4120.0,4100.0,4100.0,504.0
2019-07-09 13:00:00,4085.0,4150.0,4060.0,4135.0,9052.0
2019-07-09 14:00:00,4115.0,4140.0,4075.0,4100.0,996.0
2019-07-09 15:00:00,4100.0,4130.0,4080.0,4095.0,2621.0
2019-07-10 09:00:00,4150.0,4150.0,4110.0,4145.0,1132.0
2019-07-10 10:00:00,4125.0,4155.0,4110.0,4150.0,3877.0
2019-07-10 11:00:00,4120.0,4130.0,4100.0,4130.0,1126.0
2019-07-10 12:00:00,4100.0,4120.0,4100.0,4120.0,299.0
2019-07-10 13:00:00,4135.0,4155.0,4085.0,4110.0,3860.0
2019-07-10 14:00:00,4010.0,4165.0,4010.0,4090.0,24115.0
2019-07-10 15:00:00,4110.0,4130.0,4095.0,4110.0,1033.0
2019-07-11 09:00:00,4235.0,4235.0,4150.0,4205.0,5080.0
2019-07-11 10:00:00,4205.0,4225.0,4185.0,4195.0,2789.0
2019-07-11 11:00:00,4190.0,4205.0,4185.0,4205.0,1862.0
2019-07-11 12:00:00,4200.0,4215.0,4190.0,4215.0,2704.0
2019-07-11 13:00:00,4215.0,4215.0,4190.0,4205.0,2429.0
2019-07-11 14:00:00,4215.0,4220.0,4195.0,4220.0,2581.0
2019-07-11 15:00:00,4220.0,4240.0,4200.0,4235.0,4476.0
2019-07-12 09:00:00,4205.0,4240.0,4200.0,4240.0,3541.0
2019-07-12 10:00:00,4270.0,4290.0,4200.0,4240.0,3238.0
2019-07-12 11:00:00,4235.0,4285.0,4210.0,4285.0,2631.0
2019-07-12 12:00:00,4225.0,4250.0,4205.0,4235.0,4479.0
2019-07-12 13:00:00,4225.0,4285.0,4210.0,4210.0,1690.0
2019-07-12 14:00:00,4245.0,4305.0,4225.0,4235.0,1029.0
2019-07-12 15:00:00,4230.0,4275.0,4225.0,4275.0,4721.0
2019-07-15 09:00:00,4240.0,4255.0,4180.0,4185.0,3703.0
2019-07-15 10:00:00,4185.0,4275.0,4170.0,4175.0,3194.0
2019-07-15 11:00:00,4170.0,4180.0,4150.0,4160.0,9708.0
2019-07-15 12:00:00,4155.0,4175.0,4155.0,4170.0,1094.0
2019-07-15 13:00:00,4170.0,4175.0,4165.0,4165.0,672.0
2019-07-15 14:00:00,4165.0,4170.0,4140.0,4155.0,3337.0
2019-07-15 15:00:00,4155.0,4160.0,4150.0,4160.0,1223.0
2019-07-16 09:00:00,4160.0,4195.0,4130.0,4190.0,3427.0
2019-07-16 10:00:00,4150.0,4175.0,4135.0,4160.0,6544.0
2019-07-16 11:00:00,4165.0,4180.0,4135.0,4150.0,1339.0
2019-07-16 12:00:00,4120.0,4195.0,4060.0,4195.0,14231.0
2019-07-16 13:00:00,4190.0,4190.0,4165.0,4180.0,539.0
2019-07-16 14:00:00,4190.0,4195.0,4165.0,4165.0,709.0
2019-07-16 15:00:00,4180.0,4180.0,4165.0,4165.0,215.0
2019-07-17 09:00:00,4055.0,4080.0,4050.0,4075.0,1507.0
2019-07-17 10:00:00,4070.0,4135.0,4070.0,4105.0,6087.0
2019-07-17 11:00:00,4085.0,4090.0,4050.0,4055.0,5766.0
2019-07-17 12:00:00,4200.0,4200.0,4050.0,4075.0,6389.0
2019-07-17 13:00:00,4055.0,4105.0,4055.0,4065.0,5390.0
2019-07-17 14:00:00,4070.0,4105.0,4060.0,4075.0,2411.0
2019-07-17 15:00:00,4070.0,4085.0,4070.0,4085.0,997.0
2019-07-18 09:00:00,4075.0,4075.0,4040.0,4075.0,2423.0
2019-07-18 10:00:00,4075.0,4075.0,4040.0,4045.0,4102.0
2019-07-18 11:00:00,4045.0,4095.0,4045.0,4085.0,3915.0
2019-07-18 12:00:00,4075.0,4145.0,4050.0,4075.0,3880.0
2019-07-18 13:00:00,4075.0,4115.0,4065.0,4100.0,961.0
2019-07-18 14:00:00,4095.0,4110.0,4080.0,4100.0,384.0
2019-07-18 15:00:00,4090.0,4115.0,4075.0,4115.0,2111.0
2019-07-19 09:00:00,4110.0,4150.0,4105.0,4150.0,4042.0
2019-07-19 10:00:00,4105.0,4135.0,4105.0,4130.0,1477.0
2019-07-19 11:00:00,4100.0,4115.0,4090.0,4115.0,920.0
2019-07-19 12:00:00,4070.0,4110.0,4070.0,4100.0,907.0
2019-07-19 13:00:00,4095.0,4115.0,4070.0,4115.0,559.0
2019-07-19 14:00:00,4105.0,4110.0,3935.0,4075.0,5651.0
2019-07-19 15:00:00,4100.0,4115.0,4075.0,4100.0,2048.0
2019-07-22 09:00:00,4160.0,4160.0,4085.0,4130.0,1076.0
2019-07-22 10:00:00,4115.0,4150.0,4080.0,4090.0,2182.0
2019-07-22 11:00:00,4095.0,4170.0,4095.0,4170.0,1883.0
2019-07-22 12:00:00,4170.0,4195.0,4150.0,4190.0,2113.0
2019-07-22 13:00:00,4185.0,4195.0,4165.0,4170.0,2321.0
2019-07-22 14:00:00,4190.0,4195.0,4175.0,4190.0,2474.0
2019-07-22 15:00:00,4190.0,4200.0,4165.0,4200.0,1474.0
2019-07-23 09:00:00,4120.0,4135.0,4105.0,4125.0,1324.0
2019-07-23 10:00:00,4140.0,4140.0,4095.0,4120.0,3454.0
2019-07-23 11:00:00,4115.0,4150.0,4100.0,4145.0,2859.0
2019-07-23 12:00:00,4135.0,4150.0,4125.0,4140.0,662.0
2019-07-23 13:00:00,4135.0,4195.0,4125.0,4135.0,1738.0
2019-07-23 14:00:00,4160.0,4200.0,4125.0,4125.0,3050.0
2019-07-23 15:00:00,4130.0,4150.0,4125.0,4150.0,1445.0
2019-07-24 09:00:00,4095.0,4125.0,4085.0,4125.0,2060.0
2019-07-24 10:00:00,4100.0,4120.0,4085.0,4105.0,1612.0
2019-07-24 11:00:00,4105.0,4105.0,4085.0,4100.0,2834.0
2019-07-24 12:00:00,4115.0,4135.0,4095.0,4135.0,1102.0
2019-07-24 13:00:00,4120.0,4145.0,4115.0,4115.0,106.0
2019-07-24 14:00:00,4145.0,4175.0,4060.0,4135.0,2690.0
2019-07-24 15:00:00,4125.0,4130.0,4095.0,4100.0,1144.0
2019-07-25 09:00:00,4045.0,4090.0,4040.0,4075.0,4334.0
2019-07-25 10:00:00,4080.0,4080.0,4040.0,4050.0,2206.0
2019-07-25 11:00:00,4050.0,4050.0,4010.0,4010.0,8658.0
2019-07-25 12:00:00,4015.0,4015.0,3965.0,3970.0,4115.0
2019-07-25 13:00:00,3970.0,4110.0,3950.0,4070.0,9539.0
2019-07-25 14:00:00,4055.0,4070.0,4015.0,4020.0,2295.0
2019-07-25 15:00:00,4035.0,4110.0,4010.0,4095.0,7125.0
2019-07-26 09:00:00,4145.0,4160.0,4120.0,4125.0,1933.0
2019-07-26 10:00:00,4140.0,4145.0,4115.0,4145.0,2022.0
2019-07-26 11:00:00,4095.0,4175.0,4095.0,4145.0,7322.0
2019-07-26 12:00:00,4000.0,4080.0,3985.0,3990.0,4537.0
2019-07-26 13:00:00,3970.0,4060.0,3960.0,4055.0,5118.0
2019-07-26 14:00:00,3985.0,3990.0,3965.0,3970.0,6226.0
2019-07-26 15:00:00,4020.0,4095.0,4015.0,4095.0,1268.0
2019-07-29 09:00:00,4105.0,4125.0,3985.0,4010.0,2933.0
2019-07-29 10:00:00,4000.0,4015.0,3965.0,4005.0,6374.0
2019-07-29 11:00:00,3980.0,4015.0,3975.0,4000.0,769.0
2019-07-29 12:00:00,4000.0,4035.0,3985.0,4030.0,2089.0
2019-07-29 13:00:00,4035.0,4035.0,3990.0,4010.0,1394.0
2019-07-29 14:00:00,4000.0,4065.0,3985.0,4015.0,5006.0
2019-07-29 15:00:00,4015.0,4095.0,4010.0,4095.0,3968.0
2019-07-30 09:00:00,4040.0,4095.0,4010.0,4085.0,5348.0
2019-07-30 10:00:00,4060.0,4090.0,4035.0,4035.0,1032.0
2019-07-30 11:00:00,4010.0,4060.0,4000.0,4055.0,3578.0
2019-07-30 12:00:00,4095.0,4105.0,3950.0,3970.0,11564.0
2019-07-30 13:00:00,3985.0,4080.0,3985.0,4045.0,4143.0
2019-07-30 14:00:00,3970.0,3995.0,3945.0,3985.0,2659.0
2019-07-30 15:00:00,4045.0,4045.0,4005.0,4030.0,1285.0
2019-07-31 09:00:00,4085.0,4085.0,4030.0,4070.0,1089.0
2019-07-31 10:00:00,4070.0,4080.0,4045.0,4080.0,1478.0
2019-07-31 11:00:00,4020.0,4085.0,4020.0,4055.0,3675.0
2019-07-31 12:00:00,4005.0,4090.0,3990.0,3990.0,2662.0
2019-07-31 13:00:00,3955.0,4050.0,3950.0,4015.0,4773.0
2019-07-31 14:00:00,4000.0,4025.0,3950.0,3950.0,9685.0
2019-07-31 15:00:00,4015.0,4070.0,3985.0,4020.0,4616.0
2019-08-01 09:00:00,4105.0,4105.0,3990.0,3990.0,2060.0
2019-08-01 10:00:00,4005.0,4095.0,3990.0,4085.0,1862.0
2019-08-01 11:00:00,4065.0,4090.0,4005.0,4020.0,2256.0
2019-08-01 12:00:00,4020.0,4070.0,3990.0,4015.0,3196.0
2019-08-01 13:00:00,4015.0,4020.0,3980.0,4015.0,2492.0
2019-08-01 14:00:00,4010.0,4075.0,3985.0,4045.0,11676.0
2019-08-01 15:00:00,4045.0,4070.0,4020.0,4070.0,3080.0
2019-08-02 09:00:00,4055.0,4065.0,4050.0,4055.0,1880.0
2019-08-02 10:00:00,4055.0,4070.0,4025.0,4065.0,2192.0
2019-08-02 11:00:00,4045.0,4060.0,4045.0,4055.0,3223.0
2019-08-02 12:00:00,4035.0,4045.0,4035.0,4045.0,2790.0
2019-08-02 13:00:00,4030.0,4035.0,4015.0,4035.0,1529.0
2019-08-02 14:00:00,4050.0,4050.0,3985.0,4030.0,2609.0
2019-08-02 15:00:00,3995.0,4100.0,3955.0,4050.0,2868.0
2019-08-05 09:00:00,3980.0,4055.0,3950.0,3960.0,10823.0
2019-08-05 10:00:00,3965.0,3975.0,3900.0,3940.0,12937.0
2019-08-05 11:00:00,3940.0,3945.0,3915.0,3945.0,2944.0
2019-08-05 12:00:00,3945.0,3945.0,3865.0,3865.0,6228.0
2019-08-05 13:00:00,3870.0,3880.0,3850.0,3850.0,6327.0
2019-08-05 14:00:00,3870.0,3880.0,3795.0,3820.0,12742.0
2019-08-05 15:00:00,3820.0,3830.0,3775.0,3785.0,5657.0
2019-08-06 09:00:00,3615.0,3665.0,3580.0,3625.0,13477.0
2019-08-06 10:00:00,3690.0,3755.0,3620.0,3620.0,16712.0
2019-08-06 11:00:00,3770.0,3780.0,3690.0,3770.0,4245.0
2019-08-06 12:00:00,3625.0,3785.0,3555.0,3770.0,15517.0
2019-08-06 13:00:00,3735.0,3755.0,3690.0,3700.0,4847.0
2019-08-06 14:00:00,3735.0,3770.0,3730.0,3770.0,228.0
2019-08-06 15:00:00,3700.0,3770.0,3700.0,3770.0,1385.0
2019-08-07 09:00:00,3680.0,3695.0,3525.0,3645.0,4975.0
2019-08-07 10:00:00,3685.0,3735.0,3645.0,3735.0,11101.0
2019-08-07 11:00:00,3680.0,3700.0,3680.0,3695.0,416.0
2019-08-07 12:00:00,3505.0,3765.0,3505.0,3760.0,26609.0
2019-08-07 13:00:00,3680.0,3705.0,3655.0,3700.0,2449.0
2019-08-07 14:00:00,3725.0,3760.0,3675.0,3715.0,1730.0
2019-08-07 15:00:00,3700.0,3700.0,3670.0,3700.0,1181.0
2019-08-08 09:00:00,3700.0,3890.0,3700.0,3830.0,16094.0
2019-08-08 10:00:00,3820.0,3875.0,3785.0,3830.0,4027.0
2019-08-08 11:00:00,3865.0,3890.0,3835.0,3885.0,4048.0
2019-08-08 12:00:00,3880.0,3920.0,3870.0,3895.0,3717.0
2019-08-08 13:00:00,3895.0,3900.0,3865.0,3900.0,5668.0
2019-08-08 14:00:00,3880.0,3925.0,3865.0,3925.0,4946.0
2019-08-08 15:00:00,3905.0,3950.0,3875.0,3950.0,3892.0
2019-08-09 09:00:00,3935.0,3980.0,3925.0,3980.0,2555.0
2019-08-09 10:00:00,3940.0,3980.0,3930.0,3950.0,2651.0
2019-08-09 11:00:00,3970.0,4000.0,3940.0,3955.0,1545.0
2019-08-09 12:00:00,4035.0,4045.0,3930.0,3990.0,9470.0
2019-08-09 13:00:00,3995.0,3995.0,3950.0,3995.0,1047.0
2019-08-09 14:00:00,4005.0,4005.0,3950.0,4000.0,842.0
2019-08-09 15:00:00,3995.0,4005.0,3990.0,4005.0,1290.0
2019-08-12 09:00:00,3950.0,4025.0,3950.0,3990.0,7733.0
2019-08-12 10:00:00,3990.0,4095.0,3990.0,4060.0,5754.0
2019-08-12 11:00:00,4060.0,4135.0,4060.0,4120.0,6784.0
2019-08-12 12:00:00,4125.0,4125.0,4085.0,4095.0,2139.0
2019-08-12 13:00:00,4105.0,4130.0,4090.0,4110.0,1223.0
2019-08-12 14:00:00,4105.0,4105.0,4080.0,4095.0,2054.0
2019-08-12 15:00:00,4095.0,4115.0,4095.0,4110.0,1826.0
2019-08-13 09:00:00,4275.0,4275.0,4240.0,4270.0,2379.0
2019-08-13 10:00:00,4275.0,4295.0,4245.0,4270.0,4185.0
2019-08-13 11:00:00,4285.0,4300.0,4275.0,4295.0,2657.0
2019-08-13 12:00:00,4375.0,4375.0,4285.0,4335.0,8666.0
2019-08-13 13:00:00,4325.0,4340.0,4290.0,4315.0,2167.0
2019-08-13 14:00:00,4125.0,4475.0,4125.0,4370.0,60649.0
2019-08-13 15:00:00,4310.0,4315.0,4285.0,4310.0,2553.0
2019-08-14 09:00:00,4255.0,4300.0,4235.0,4280.0,949.0
2019-08-14 10:00:00,4255.0,4285.0,4215.0,4285.0,3611.0
2019-08-14 11:00:00,4325.0,4325.0,4250.0,4255.0,1649.0
2019-08-14 12:00:00,4315.0,4335.0,4315.0,4330.0,1921.0
2019-08-14 13:00:00,4330.0,4360.0,4305.0,4305.0,11122.0
2019-08-14 14:00:00,4305.0,4340.0,4300.0,4310.0,212.0
2019-08-14 15:00:00,4260.0,4370.0,4255.0,4320.0,3189.0
2019-08-16 09:00:00,4285.0,4285.0,4175.0,4195.0,6731.0
2019-08-16 10:00:00,4185.0,4250.0,4185.0,4240.0,4635.0
2019-08-16 11:00:00,4235.0,4240.0,4225.0,4235.0,680.0
2019-08-16 12:00:00,4230.0,4245.0,4195.0,4245.0,7306.0
2019-08-16 13:00:00,4245.0,4250.0,4240.0,4240.0,1457.0
2019-08-16 14:00:00,4240.0,4245.0,4240.0,4240.0,595.0
2019-08-16 15:00:00,4245.0,4395.0,4240.0,4395.0,5739.0
2019-08-19 09:00:00,4240.0,4285.0,4195.0,4235.0,7436.0
2019-08-19 10:00:00,4240.0,4260.0,4195.0,4235.0,10968.0
2019-08-19 11:00:00,4235.0,4250.0,4200.0,4240.0,6339.0
2019-08-19 12:00:00,4320.0,4335.0,4230.0,4245.0,3345.0
2019-08-19 13:00:00,4260.0,4270.0,4230.0,4260.0,3902.0
2019-08-19 14:00:00,4260.0,4335.0,4250.0,4290.0,3491.0
2019-08-19 15:00:00,4330.0,4405.0,4255.0,4255.0,5741.0
2019-08-20 09:00:00,4255.0,4290.0,4200.0,4240.0,5817.0
2019-08-20 10:00:00,4240.0,4295.0,4240.0,4270.0,6146.0
2019-08-20 11:00:00,4250.0,4310.0,4250.0,4270.0,5389.0
2019-08-20 12:00:00,4265.0,4310.0,4260.0,4270.0,1973.0
2019-08-20 13:00:00,4285.0,4310.0,4250.0,4305.0,4717.0
2019-08-20 14:00:00,4300.0,4330.0,4245.0,4290.0,17402.0
2019-08-20 15:00:00,4285.0,4325.0,4250.0,4325.0,14669.0
2019-08-21 09:00:00,4315.0,4350.0,4310.0,4345.0,4494.0
2019-08-21 10:00:00,4340.0,4370.0,4310.0,4330.0,6722.0
2019-08-21 11:00:00,4330.0,4375.0,4310.0,4360.0,9880.0
2019-08-21 12:00:00,4305.0,4340.0,4275.0,4305.0,1272.0
2019-08-21 13:00:00,4310.0,4310.0,4250.0,4305.0,2316.0
2019-08-21 14:00:00,4325.0,4365.0,4300.0,4325.0,604.0
2019-08-21 15:00:00,4300.0,4340.0,4285.0,4340.0,1011.0
2019-08-22 09:00:00,4400.0,4460.0,4375.0,4455.0,8350.0
2019-08-22 10:00:00,4495.0,4515.0,4475.0,4500.0,1361.0
2019-08-22 11:00:00,4500.0,4500.0,4395.0,4405.0,15485.0
2019-08-22 12:00:00,4525.0,4525.0,4455.0,4520.0,2318.0
2019-08-22 13:00:00,4450.0,4575.0,4450.0,4520.0,31735.0
2019-08-22 14:00:00,4500.0,4515.0,4490.0,4505.0,319.0
2019-08-22 15:00:00,4375.0,4485.0,4375.0,4450.0,10140.0
2019-08-23 09:00:00,4435.0,4485.0,4420.0,4485.0,5558.0
2019-08-23 10:00:00,4415.0,4535.0,4415.0,4470.0,3480.0
2019-08-23 11:00:00,4450.0,4460.0,4435.0,4460.0,1823.0
2019-08-23 12:00:00,4450.0,4460.0,4420.0,4420.0,1295.0
2019-08-23 13:00:00,4455.0,4470.0,4420.0,4470.0,1206.0
2019-08-23 14:00:00,4470.0,4490.0,4450.0,4480.0,1220.0
2019-08-23 15:00:00,4450.0,4485.0,4415.0,4475.0,1586.0
2019-08-26 09:00:00,4475.0,4555.0,4465.0,4525.0,23884.0
2019-08-26 10:00:00,4525.0,4530.0,4475.0,4525.0,8983.0
2019-08-26 11:00:00,4490.0,4540.0,4455.0,4465.0,13871.0
2019-08-26 12:00:00,4395.0,4395.0,4290.0,4330.0,9323.0
2019-08-26 13:00:00,4615.0,4650.0,4475.0,4500.0,36573.0
2019-08-26 14:00:00,4330.0,4615.0,4305.0,4600.0,20286.0
2019-08-26 15:00:00,4500.0,4540.0,4465.0,4530.0,16355.0
2019-08-27 09:00:00,4605.0,4780.0,4500.0,4710.0,99818.0
2019-08-27 10:00:00,4680.0,4850.0,4670.0,4735.0,104927.0
2019-08-27 11:00:00,4735.0,4745.0,4660.0,4685.0,16797.0
2019-08-27 12:00:00,4675.0,4695.0,4615.0,4615.0,15286.0
2019-08-27 13:00:00,4615.0,4645.0,4470.0,4500.0,18519.0
2019-08-27 14:00:00,4480.0,4545.0,4440.0,4535.0,16626.0
2019-08-27 15:00:00,4525.0,4535.0,4400.0,4430.0,14323.0
2019-08-28 09:00:00,4535.0,4560.0,4510.0,4560.0,5600.0
2019-08-28 10:00:00,4540.0,4540.0,4495.0,4535.0,2790.0
2019-08-28 11:00:00,4530.0,4545.0,4515.0,4540.0,1310.0
2019-08-28 12:00:00,4430.0,4575.0,4430.0,4555.0,16908.0
2019-08-28 13:00:00,4570.0,4590.0,4525.0,4550.0,7278.0
2019-08-28 14:00:00,4540.0,4590.0,4525.0,4575.0,16733.0
2019-08-28 15:00:00,4540.0,4565.0,4530.0,4550.0,2915.0
2019-08-29 09:00:00,4490.0,4575.0,4490.0,4565.0,14657.0
2019-08-29 10:00:00,4560.0,4565.0,4515.0,4565.0,2913.0
2019-08-29 11:00:00,4435.0,4535.0,4405.0,4535.0,19043.0
2019-08-29 12:00:00,4560.0,4620.0,4530.0,4565.0,8605.0
2019-08-29 13:00:00,4550.0,4555.0,4375.0,4445.0,9495.0
2019-08-29 14:00:00,4535.0,4565.0,4510.0,4555.0,5886.0
2019-08-29 15:00:00,4450.0,4470.0,4395.0,4445.0,8140.0
2019-08-30 09:00:00,4575.0,4805.0,4575.0,4790.0,78970.0
2019-08-30 10:00:00,4790.0,4845.0,4720.0,4825.0,72842.0
2019-08-30 11:00:00,4825.0,4825.0,4775.0,4820.0,38416.0
2019-08-30 12:00:00,4815.0,4835.0,4775.0,4825.0,23116.0
2019-08-30 13:00:00,4825.0,4835.0,4790.0,4825.0,23465.0
2019-08-30 14:00:00,4825.0,4940.0,4800.0,4935.0,67584.0
2019-08-30 15:00:00,4935.0,4990.0,4930.0,4990.0,38732.0
2019-09-02 09:00:00,4870.0,4895.0,4835.0,4890.0,15388.0
2019-09-02 10:00:00,4865.0,4895.0,4840.0,4855.0,16805.0
2019-09-02 11:00:00,4875.0,4900.0,4845.0,4870.0,18330.0
2019-09-02 12:00:00,4965.0,5100.0,4895.0,4970.0,39404.0
2019-09-02 13:00:00,4995.0,5000.0,4900.0,4905.0,37495.0
2019-09-02 14:00:00,4935.0,5025.0,4895.0,5000.0,45042.0
2019-09-02 15:00:00,4905.0,4940.0,4875.0,4875.0,15792.0
2019-09-03 09:00:00,4880.0,4885.0,4760.0,4795.0,32870.0
2019-09-03 10:00:00,4800.0,4875.0,4680.0,4725.0,32535.0
2019-09-03 11:00:00,4725.0,4755.0,4690.0,4715.0,20314.0
2019-09-03 12:00:00,4710.0,4720.0,4685.0,4690.0,9518.0
2019-09-03 13:00:00,4690.0,4775.0,4690.0,4745.0,14837.0
2019-09-03 14:00:00,4735.0,4875.0,4705.0,4815.0,25758.0
2019-09-03 15:00:00,4815.0,4865.0,4760.0,4845.0,12539.0
2019-09-04 09:00:00,4965.0,4975.0,4965.0,4970.0,10311.0
2019-09-04 10:00:00,4960.0,4970.0,4910.0,4965.0,13435.0
2019-09-04 11:00:00,4965.0,4990.0,4945.0,4965.0,22451.0
2019-09-04 12:00:00,4860.0,4925.0,4840.0,4920.0,27582.0
2019-09-04 13:00:00,4750.0,4860.0,4730.0,4860.0,30578.0
2019-09-04 14:00:00,4895.0,4895.0,4730.0,4735.0,15028.0
2019-09-04 15:00:00,4920.0,4980.0,4890.0,4970.0,29393.0
2019-09-05 09:00:00,4955.0,5000.0,4925.0,4985.0,19127.0
2019-09-05 10:00:00,5050.0,5075.0,4990.0,5000.0,14531.0
2019-09-05 11:00:00,4985.0,5000.0,4915.0,4955.0,42772.0
2019-09-05 12:00:00,5000.0,5050.0,4980.0,5025.0,7043.0
2019-09-05 13:00:00,4985.0,5025.0,4955.0,5025.0,21561.0
2019-09-05 14:00:00,5000.0,5050.0,4995.0,5025.0,6915.0
2019-09-05 15:00:00,5125.0,5200.0,4970.0,4975.0,84864.0
2019-09-06 09:00:00,5000.0,5050.0,4980.0,5050.0,6238.0
2019-09-06 10:00:00,4985.0,5075.0,4940.0,5075.0,35885.0
2019-09-06 11:00:00,5050.0,5100.0,4995.0,5050.0,17557.0
2019-09-06 12:00:00,5050.0,5050.0,4985.0,5000.0,5019.0
2019-09-06 13:00:00,5000.0,5025.0,4950.0,5025.0,8492.0
2019-09-06 14:00:00,5000.0,5050.0,4980.0,5025.0,12401.0
2019-09-06 15:00:00,5000.0,5050.0,4975.0,5050.0,18825.0
2019-09-09 09:00:00,4905.0,4930.0,4885.0,4900.0,8293.0
2019-09-09 10:00:00,4900.0,4950.0,4875.0,4945.0,28417.0
2019-09-09 11:00:00,4900.0,4935.0,4885.0,4905.0,7954.0
2019-09-09 12:00:00,5075.0,5100.0,4915.0,4945.0,11158.0
2019-09-09 13:00:00,4945.0,4965.0,4895.0,4895.0,10062.0
2019-09-09 14:00:00,4935.0,4990.0,4900.0,4945.0,14637.0
2019-09-09 15:00:00,4895.0,4915.0,4880.0,4910.0,11624.0
2019-09-10 09:00:00,4940.0,4960.0,4895.0,4945.0,8963.0
2019-09-10 10:00:00,4945.0,4945.0,4890.0,4900.0,4066.0
2019-09-10 11:00:00,4905.0,4920.0,4885.0,4920.0,2682.0
2019-09-10 12:00:00,4920.0,4945.0,4865.0,4940.0,9388.0
2019-09-10 13:00:00,4940.0,4980.0,4885.0,4930.0,10353.0
2019-09-10 14:00:00,4935.0,4950.0,4870.0,4915.0,17823.0
2019-09-10 15:00:00,4920.0,4965.0,4900.0,4965.0,21261.0
2019-09-11 09:00:00,4855.0,4880.0,4845.0,4850.0,6824.0
2019-09-11 10:00:00,4870.0,4895.0,4850.0,4880.0,19796.0
2019-09-11 11:00:00,4870.0,4905.0,4865.0,4865.0,6859.0
2019-09-11 12:00:00,5000.0,5000.0,4875.0,4890.0,11192.0
2019-09-11 13:00:00,4915.0,4945.0,4885.0,4890.0,4134.0
2019-09-11 14:00:00,4910.0,4960.0,4880.0,4920.0,10497.0
2019-09-11 15:00:00,4890.0,4920.0,4870.0,4875.0,11649.0
2019-09-16 09:00:00,4735.0,4750.0,4705.0,4710.0,15042.0
2019-09-16 10:00:00,4710.0,4810.0,4705.0,4800.0,12787.0
2019-09-16 11:00:00,4755.0,4785.0,4730.0,4730.0,9485.0
2019-09-16 12:00:00,4895.0,4895.0,4790.0,4815.0,4559.0
2019-09-16 13:00:00,4810.0,4820.0,4765.0,4780.0,6131.0
2019-09-16 14:00:00,4810.0,4815.0,4725.0,4805.0,13967.0
2019-09-16 15:00:00,4780.0,4780.0,4735.0,4750.0,10237.0
2019-09-17 09:00:00,4790.0,4875.0,4730.0,4875.0,21828.0
2019-09-17 10:00:00,4875.0,4935.0,4865.0,4890.0,21032.0
2019-09-17 11:00:00,4890.0,4945.0,4880.0,4945.0,18972.0
2019-09-17 12:00:00,4945.0,4945.0,4910.0,4935.0,4286.0
2019-09-17 13:00:00,4930.0,4955.0,4910.0,4945.0,13136.0
2019-09-17 14:00:00,4945.0,5000.0,4935.0,4995.0,39298.0
2019-09-17 15:00:00,4995.0,5025.0,4950.0,5025.0,20699.0
2019-09-18 09:00:00,4945.0,4970.0,4910.0,4925.0,6051.0
2019-09-18 10:00:00,4915.0,4950.0,4910.0,4950.0,9683.0
2019-09-18 11:00:00,4940.0,4970.0,4920.0,4950.0,6667.0
2019-09-18 12:00:00,5000.0,5075.0,4950.0,5000.0,9767.0
2019-09-18 13:00:00,4980.0,4995.0,4935.0,4935.0,6531.0
2019-09-18 14:00:00,5050.0,5050.0,4955.0,4970.0,6767.0
2019-09-18 15:00:00,4935.0,4970.0,4925.0,4940.0,4106.0
2019-09-19 09:00:00,4975.0,4975.0,4885.0,4910.0,10624.0
2019-09-19 10:00:00,4910.0,4995.0,4905.0,4960.0,8378.0
2019-09-19 11:00:00,4925.0,4955.0,4905.0,4940.0,4250.0
2019-09-19 12:00:00,4905.0,4925.0,4890.0,4890.0,4420.0
2019-09-19 13:00:00,4890.0,4925.0,4860.0,4870.0,11944.0
2019-09-19 14:00:00,4885.0,4950.0,4870.0,4890.0,19786.0
2019-09-19 15:00:00,4880.0,4950.0,4880.0,4950.0,10055.0
2019-09-20 09:00:00,4795.0,4860.0,4780.0,4815.0,17485.0
2019-09-20 10:00:00,4810.0,4850.0,4785.0,4795.0,18498.0
2019-09-20 11:00:00,4815.0,4845.0,4790.0,4810.0,14883.0
2019-09-20 12:00:00,4800.0,4835.0,4790.0,4815.0,4449.0
2019-09-20 13:00:00,4865.0,4880.0,4820.0,4845.0,16336.0
2019-09-20 14:00:00,4950.0,4950.0,4845.0,4870.0,17511.0
2019-09-20 15:00:00,4840.0,4845.0,4785.0,4805.0,22649.0
2019-09-23 09:00:00,4820.0,4820.0,4690.0,4690.0,18722.0
2019-09-23 10:00:00,4690.0,4715.0,4655.0,4690.0,17792.0
2019-09-23 11:00:00,4690.0,4690.0,4665.0,4690.0,6049.0
2019-09-23 12:00:00,4675.0,4700.0,4660.0,4675.0,5750.0
2019-09-23 13:00:00,4675.0,4695.0,4660.0,4685.0,4164.0
2019-09-23 14:00:00,4675.0,4715.0,4660.0,4695.0,22770.0
2019-09-23 15:00:00,4670.0,4735.0,4655.0,4725.0,24054.0
2019-09-24 09:00:00,4760.0,4795.0,4735.0,4780.0,9419.0
2019-09-24 10:00:00,4780.0,4795.0,4755.0,4790.0,9138.0
2019-09-24 11:00:00,4790.0,4790.0,4745.0,4780.0,4900.0
2019-09-24 12:00:00,4750.0,4750.0,4700.0,4720.0,2970.0
2019-09-24 13:00:00,4735.0,4780.0,4725.0,4775.0,7790.0
2019-09-24 14:00:00,4715.0,4780.0,4705.0,4760.0,18399.0
2019-09-24 15:00:00,4775.0,4790.0,4745.0,4790.0,8209.0
2019-09-25 09:00:00,4780.0,4785.0,4700.0,4740.0,5046.0
2019-09-25 10:00:00,4740.0,4870.0,4740.0,4840.0,12809.0
2019-09-25 11:00:00,4855.0,4855.0,4830.0,4850.0,4668.0
2019-09-25 12:00:00,4855.0,4865.0,4805.0,4845.0,10146.0
2019-09-25 13:00:00,4830.0,4835.0,4775.0,4775.0,5854.0
2019-09-25 14:00:00,4790.0,4810.0,4760.0,4765.0,8149.0
2019-09-25 15:00:00,4780.0,4825.0,4755.0,4820.0,6802.0
2019-09-26 09:00:00,4685.0,4725.0,4665.0,4725.0,6839.0
2019-09-26 10:00:00,4685.0,4715.0,4655.0,4695.0,10975.0
2019-09-26 11:00:00,4705.0,4720.0,4675.0,4705.0,5448.0
2019-09-26 12:00:00,4700.0,4730.0,4675.0,4705.0,8724.0
2019-09-26 13:00:00,4725.0,4730.0,4675.0,4700.0,8352.0
2019-09-26 14:00:00,4750.0,4760.0,4690.0,4730.0,10386.0
2019-09-26 15:00:00,4780.0,4815.0,4750.0,4750.0,8164.0
2019-09-27 09:00:00,4730.0,4740.0,4650.0,4685.0,12996.0
2019-09-27 10:00:00,4660.0,4675.0,4615.0,4645.0,9883.0
2019-09-27 11:00:00,4635.0,4660.0,4620.0,4650.0,6074.0
2019-09-27 12:00:00,4650.0,4700.0,4615.0,4645.0,11206.0
2019-09-27 13:00:00,4645.0,4675.0,4610.0,4640.0,8084.0
2019-09-27 14:00:00,4620.0,4675.0,4620.0,4650.0,27048.0
2019-09-27 15:00:00,4650.0,4725.0,4635.0,4725.0,15967.0
2019-09-30 09:00:00,4720.0,4740.0,4670.0,4730.0,2620.0
2019-09-30 10:00:00,4745.0,4745.0,4675.0,4730.0,2772.0
2019-09-30 11:00:00,4730.0,4745.0,4680.0,4725.0,7542.0
2019-09-30 12:00:00,4680.0,4745.0,4675.0,4745.0,4259.0
2019-09-30 13:00:00,4675.0,4685.0,4645.0,4680.0,2532.0
2019-09-30 14:00:00,4725.0,4800.0,4645.0,4680.0,6404.0
2019-09-30 15:00:00,4745.0,4755.0,4740.0,4745.0,2370.0
2019-10-01 09:00:00,4670.0,4730.0,4665.0,4695.0,1411.0
2019-10-01 10:00:00,4695.0,4705.0,4650.0,4680.0,9357.0
2019-10-01 11:00:00,4670.0,4710.0,4655.0,4710.0,4855.0
2019-10-01 12:00:00,4705.0,4710.0,4685.0,4705.0,1139.0
2019-10-01 13:00:00,4690.0,4700.0,4660.0,4700.0,4189.0
2019-10-01 14:00:00,4695.0,4700.0,4665.0,4665.0,2835.0
2019-10-01 15:00:00,4665.0,4700.0,4650.0,4695.0,10751.0
2019-10-02 09:00:00,4675.0,4675.0,4615.0,4645.0,6447.0
2019-10-02 10:00:00,4655.0,4680.0,4640.0,4675.0,5841.0
2019-10-02 11:00:00,4640.0,4670.0,4610.0,4670.0,14552.0
2019-10-02 12:00:00,4700.0,4700.0,4650.0,4680.0,1336.0
2019-10-02 13:00:00,4695.0,4725.0,4685.0,4700.0,1917.0
2019-10-02 14:00:00,4650.0,4705.0,4635.0,4695.0,4712.0
2019-10-02 15:00:00,4670.0,4675.0,4635.0,4655.0,3266.0
2019-10-04 09:00:00,4585.0,4605.0,4555.0,4575.0,5868.0
2019-10-04 10:00:00,4545.0,4605.0,4515.0,4585.0,9432.0
2019-10-04 11:00:00,4560.0,4595.0,4550.0,4585.0,6931.0
2019-10-04 12:00:00,4605.0,4605.0,4510.0,4555.0,16081.0
2019-10-04 13:00:00,4600.0,4650.0,4600.0,4630.0,2765.0
2019-10-04 14:00:00,4620.0,4695.0,4600.0,4605.0,7919.0
2019-10-04 15:00:00,4555.0,4590.0,4535.0,4535.0,5452.0
2019-10-07 09:00:00,4540.0,4675.0,4505.0,4525.0,7962.0
2019-10-07 10:00:00,4520.0,4525.0,4455.0,4500.0,11956.0
2019-10-07 11:00:00,4505.0,4515.0,4450.0,4490.0,14473.0
2019-10-07 12:00:00,4485.0,4505.0,4465.0,4500.0,1373.0
2019-10-07 13:00:00,4495.0,4495.0,4455.0,4460.0,2732.0
2019-10-07 14:00:00,4465.0,4485.0,4425.0,4445.0,9403.0
2019-10-07 15:00:00,4450.0,4460.0,4350.0,4400.0,15419.0
2019-10-08 09:00:00,4490.0,4490.0,4440.0,4455.0,5711.0
2019-10-08 10:00:00,4495.0,4495.0,4475.0,4490.0,451.0
2019-10-08 11:00:00,4450.0,4480.0,4435.0,4475.0,2306.0
2019-10-08 12:00:00,4460.0,4505.0,4460.0,4505.0,4760.0
2019-10-08 13:00:00,4400.0,4485.0,4360.0,4475.0,6397.0
2019-10-08 14:00:00,4500.0,4515.0,4485.0,4500.0,3175.0
2019-10-08 15:00:00,4485.0,4500.0,4430.0,4450.0,1933.0
2019-10-10 09:00:00,4430.0,4495.0,4325.0,4365.0,13786.0
2019-10-10 10:00:00,4365.0,4430.0,4350.0,4425.0,6311.0
2019-10-10 11:00:00,4400.0,4470.0,4400.0,4465.0,3097.0
2019-10-10 12:00:00,4465.0,4480.0,4455.0,4480.0,518.0
2019-10-10 13:00:00,4475.0,4480.0,4445.0,4480.0,1839.0
2019-10-10 14:00:00,4475.0,4480.0,4430.0,4480.0,2571.0
2019-10-10 15:00:00,4480.0,4500.0,4470.0,4500.0,1915.0
2019-10-11 09:00:00,4460.0,4495.0,4460.0,4475.0,6035.0
2019-10-11 10:00:00,4460.0,4490.0,4460.0,4465.0,7259.0
2019-10-11 11:00:00,4445.0,4475.0,4440.0,4470.0,3285.0
2019-10-11 12:00:00,4475.0,4475.0,4390.0,4425.0,23859.0
2019-10-11 13:00:00,4430.0,4475.0,4425.0,4435.0,7760.0
2019-10-11 14:00:00,4720.0,5100.0,4430.0,4495.0,160182.0
2019-10-11 15:00:00,4430.0,4455.0,4400.0,4455.0,12076.0
2019-10-14 09:00:00,4455.0,4500.0,4450.0,4490.0,3127.0
2019-10-14 10:00:00,4490.0,4565.0,4450.0,4565.0,9463.0
2019-10-14 11:00:00,4455.0,4485.0,4440.0,4480.0,2273.0
2019-10-14 12:00:00,4440.0,4750.0,4405.0,4440.0,23356.0
2019-10-14 13:00:00,4445.0,4480.0,4405.0,4450.0,7771.0
2019-10-14 14:00:00,4450.0,4475.0,4450.0,4460.0,3383.0
2019-10-14 15:00:00,4480.0,4490.0,4375.0,4440.0,9638.0
2019-10-15 09:00:00,4600.0,4685.0,4505.0,4675.0,25967.0
2019-10-15 10:00:00,4670.0,4715.0,4645.0,4660.0,16586.0
2019-10-15 11:00:00,4660.0,4680.0,4645.0,4665.0,3572.0
2019-10-15 12:00:00,4665.0,4675.0,4625.0,4635.0,4636.0
2019-10-15 13:00:00,4625.0,4675.0,4585.0,4655.0,7403.0
2019-10-15 14:00:00,4620.0,4655.0,4620.0,4635.0,6535.0
2019-10-15 15:00:00,4635.0,4690.0,4625.0,4690.0,7300.0
2019-10-16 09:00:00,4635.0,4670.0,4635.0,4645.0,4793.0
2019-10-16 10:00:00,4690.0,4750.0,4665.0,4750.0,8412.0
2019-10-16 11:00:00,4645.0,4690.0,4645.0,4685.0,3306.0
2019-10-16 12:00:00,4635.0,4665.0,4625.0,4635.0,6161.0
2019-10-16 13:00:00,4645.0,4685.0,4645.0,4675.0,3494.0
2019-10-16 14:00:00,4720.0,4720.0,4645.0,4645.0,5748.0
2019-10-16 15:00:00,4670.0,4675.0,4625.0,4635.0,3620.0
2019-10-17 09:00:00,4740.0,4740.0,4655.0,4660.0,5482.0
2019-10-17 10:00:00,4660.0,4700.0,4660.0,4695.0,2001.0
2019-10-17 11:00:00,4700.0,4735.0,4675.0,4700.0,1422.0
2019-10-17 12:00:00,4685.0,4725.0,4680.0,4720.0,712.0
2019-10-17 13:00:00,4720.0,4730.0,4695.0,4700.0,4829.0
2019-10-17 14:00:00,4725.0,4730.0,4690.0,4690.0,5440.0
2019-10-17 15:00:00,4685.0,4725.0,4685.0,4725.0,4041.0
2019-10-18 09:00:00,4660.0,4680.0,4650.0,4665.0,12332.0
2019-10-18 10:00:00,4655.0,4695.0,4645.0,4685.0,5929.0
2019-10-18 11:00:00,4640.0,4690.0,4640.0,4665.0,3584.0
2019-10-18 12:00:00,4725.0,4735.0,4665.0,4675.0,2849.0
2019-10-18 13:00:00,4625.0,4655.0,4620.0,4635.0,2910.0
2019-10-18 14:00:00,4680.0,4680.0,4615.0,4650.0,13471.0
2019-10-18 15:00:00,4635.0,4645.0,4630.0,4645.0,914.0
2019-10-21 09:00:00,4580.0,4580.0,4530.0,4580.0,19085.0
2019-10-21 10:00:00,4575.0,4610.0,4575.0,4610.0,7036.0
2019-10-21 11:00:00,4565.0,4585.0,4560.0,4585.0,2483.0
2019-10-21 12:00:00,4665.0,4685.0,4615.0,4615.0,4121.0
2019-10-21 13:00:00,4575.0,4605.0,4565.0,4575.0,4125.0
2019-10-21 14:00:00,4620.0,4620.0,4575.0,4575.0,5125.0
2019-10-21 15:00:00,4575.0,4585.0,4555.0,4565.0,2129.0
2019-10-22 09:00:00,4675.0,4870.0,4665.0,4860.0,92807.0
2019-10-22 10:00:00,4860.0,4990.0,4665.0,4730.0,147142.0
2019-10-22 11:00:00,4730.0,4750.0,4715.0,4745.0,9980.0
2019-10-22 12:00:00,4730.0,4740.0,4705.0,4730.0,5992.0
2019-10-22 13:00:00,4730.0,4795.0,4730.0,4775.0,11290.0
2019-10-22 14:00:00,4770.0,4845.0,4760.0,4830.0,15227.0
2019-10-22 15:00:00,4830.0,4875.0,4805.0,4865.0,11949.0
2019-10-23 09:00:00,4880.0,4970.0,4880.0,4970.0,19566.0
2019-10-23 10:00:00,4845.0,4845.0,4820.0,4820.0,6942.0
2019-10-23 11:00:00,4835.0,4880.0,4835.0,4880.0,8474.0
2019-10-23 12:00:00,4840.0,4865.0,4820.0,4820.0,4938.0
2019-10-23 13:00:00,4820.0,4860.0,4820.0,4845.0,2380.0
2019-10-23 14:00:00,4825.0,4855.0,4820.0,4855.0,12671.0
2019-10-23 15:00:00,4865.0,4880.0,4770.0,4800.0,16105.0
2019-10-24 09:00:00,4860.0,4895.0,4850.0,4895.0,11592.0
2019-10-24 10:00:00,4860.0,4895.0,4860.0,4870.0,1753.0
2019-10-24 11:00:00,4820.0,4895.0,4820.0,4860.0,4362.0
2019-10-24 12:00:00,4930.0,4970.0,4875.0,4900.0,10406.0
2019-10-24 13:00:00,4860.0,4895.0,4825.0,4855.0,5807.0
2019-10-24 14:00:00,4900.0,4930.0,4855.0,4855.0,9596.0
2019-10-24 15:00:00,4830.0,4850.0,4810.0,4820.0,3652.0
2019-10-25 09:00:00,4870.0,4925.0,4835.0,4875.0,8067.0
2019-10-25 10:00:00,4875.0,4885.0,4840.0,4840.0,10381.0
2019-10-25 11:00:00,4835.0,4840.0,4775.0,4800.0,12030.0
2019-10-25 12:00:00,4795.0,4815.0,4790.0,4805.0,9257.0
2019-10-25 13:00:00,4805.0,4870.0,4790.0,4825.0,17931.0
2019-10-25 14:00:00,4825.0,4835.0,4780.0,4800.0,14023.0
2019-10-25 15:00:00,4790.0,4850.0,4775.0,4830.0,12912.0
2019-10-28 09:00:00,4850.0,4850.0,4835.0,4845.0,5726.0
2019-10-28 10:00:00,4840.0,4875.0,4830.0,4850.0,7427.0
2019-10-28 11:00:00,4850.0,4850.0,4830.0,4850.0,3277.0
2019-10-28 12:00:00,4830.0,4900.0,4810.0,4895.0,10519.0
2019-10-28 13:00:00,4865.0,4875.0,4850.0,4865.0,3448.0
2019-10-28 14:00:00,4875.0,4895.0,4825.0,4865.0,2273.0
2019-10-28 15:00:00,4870.0,4875.0,4850.0,4870.0,2291.0
2019-10-29 09:00:00,4795.0,4835.0,4775.0,4805.0,4172.0
2019-10-29 10:00:00,4810.0,4845.0,4785.0,4845.0,7375.0
2019-10-29 11:00:00,4795.0,4825.0,4760.0,4790.0,1151.0
2019-10-29 12:00:00,4810.0,4875.0,4810.0,4850.0,4784.0
2019-10-29 13:00:00,4845.0,4845.0,4815.0,4840.0,828.0
2019-10-29 14:00:00,4875.0,4875.0,4820.0,4845.0,2248.0
2019-10-29 15:00:00,4820.0,4840.0,4790.0,4810.0,1075.0
2019-10-30 09:00:00,4850.0,4860.0,4795.0,4840.0,6659.0
2019-10-30 10:00:00,4805.0,4840.0,4790.0,4825.0,2114.0
2019-10-30 11:00:00,4820.0,4845.0,4820.0,4845.0,1721.0
2019-10-30 12:00:00,4845.0,4850.0,4840.0,4850.0,409.0
2019-10-30 13:00:00,4850.0,4855.0,4845.0,4850.0,1817.0
2019-10-30 14:00:00,4855.0,4875.0,4845.0,4870.0,15315.0
2019-10-30 15:00:00,4870.0,4870.0,4830.0,4870.0,2380.0
2019-10-31 09:00:00,4860.0,4900.0,4840.0,4845.0,16929.0
2019-10-31 10:00:00,4865.0,4900.0,4835.0,4900.0,9455.0
2019-10-31 11:00:00,4865.0,4865.0,4835.0,4860.0,10001.0
2019-10-31 12:00:00,4870.0,4885.0,4820.0,4865.0,3044.0
2019-10-31 13:00:00,4870.0,4870.0,4825.0,4870.0,1231.0
2019-10-31 14:00:00,4840.0,4870.0,4820.0,4870.0,538.0
2019-10-31 15:00:00,4865.0,4870.0,4860.0,4865.0,858.0
2019-11-01 09:00:00,4905.0,4925.0,4895.0,4910.0,5065.0
2019-11-01 10:00:00,4910.0,4910.0,4885.0,4885.0,2461.0
2019-11-01 11:00:00,4885.0,4895.0,4870.0,4875.0,2559.0
2019-11-01 12:00:00,4875.0,4885.0,4870.0,4875.0,1157.0
2019-11-01 13:00:00,4875.0,4885.0,4865.0,4865.0,737.0
2019-11-01 14:00:00,4865.0,4885.0,4855.0,4880.0,1498.0
2019-11-01 15:00:00,4865.0,4920.0,4860.0,4915.0,4118.0
2019-11-04 09:00:00,4940.0,4955.0,4915.0,4950.0,4734.0
2019-11-04 10:00:00,4930.0,4955.0,4930.0,4940.0,2215.0
2019-11-04 11:00:00,4950.0,4950.0,4930.0,4940.0,7938.0
2019-11-04 12:00:00,4940.0,4950.0,4910.0,4950.0,1340.0
2019-11-04 13:00:00,4935.0,4995.0,4895.0,4900.0,14371.0
2019-11-04 14:00:00,4940.0,4950.0,4875.0,4940.0,7301.0
2019-11-04 15:00:00,4900.0,4940.0,4880.0,4940.0,3043.0
2019-11-05 09:00:00,4905.0,4920.0,4875.0,4875.0,4020.0
2019-11-05 10:00:00,4875.0,4890.0,4850.0,4860.0,5434.0
2019-11-05 11:00:00,4850.0,4865.0,4825.0,4845.0,4416.0
2019-11-05 12:00:00,4845.0,4870.0,4830.0,4860.0,520.0
2019-11-05 13:00:00,4860.0,4870.0,4830.0,4855.0,1795.0
2019-11-05 14:00:00,4855.0,4865.0,4810.0,4840.0,12169.0
2019-11-05 15:00:00,4835.0,4900.0,4815.0,4900.0,12055.0
2019-11-06 09:00:00,4815.0,4835.0,4795.0,4805.0,4718.0
2019-11-06 10:00:00,4820.0,4835.0,4805.0,4815.0,3804.0
2019-11-06 11:00:00,4800.0,4805.0,4785.0,4800.0,4836.0
2019-11-06 12:00:00,4845.0,4875.0,4835.0,4835.0,977.0
2019-11-06 13:00:00,4850.0,4895.0,4840.0,4875.0,1952.0
2019-11-06 14:00:00,4900.0,4900.0,4855.0,4855.0,2213.0
2019-11-06 15:00:00,4835.0,4835.0,4805.0,4815.0,1621.0
2019-11-07 09:00:00,4775.0,4780.0,4725.0,4765.0,3149.0
2019-11-07 10:00:00,4765.0,4780.0,4725.0,4730.0,6744.0
2019-11-07 11:00:00,4735.0,4740.0,4700.0,4730.0,4038.0
2019-11-07 12:00:00,4735.0,4735.0,4720.0,4730.0,2649.0
2019-11-07 13:00:00,4730.0,4735.0,4710.0,4730.0,1777.0
2019-11-07 14:00:00,4720.0,4745.0,4710.0,4745.0,3844.0
2019-11-07 15:00:00,4735.0,4765.0,4725.0,4750.0,4899.0
2019-11-08 09:00:00,4735.0,4780.0,4700.0,4780.0,18872.0
2019-11-08 10:00:00,4755.0,4775.0,4710.0,4750.0,9602.0
2019-11-08 11:00:00,4755.0,4770.0,4750.0,4755.0,1148.0
2019-11-08 12:00:00,4760.0,4830.0,4710.0,4740.0,4266.0
2019-11-08 13:00:00,4730.0,4735.0,4710.0,4720.0,980.0
2019-11-08 14:00:00,4725.0,4760.0,4715.0,4720.0,6063.0
2019-11-08 15:00:00,4725.0,4770.0,4720.0,4755.0,3372.0
2019-11-11 09:00:00,4710.0,4725.0,4700.0,4705.0,4484.0
2019-11-11 10:00:00,4705.0,4735.0,4675.0,4730.0,18474.0
2019-11-11 11:00:00,4725.0,4725.0,4705.0,4725.0,1668.0
2019-11-11 12:00:00,4730.0,4760.0,4700.0,4760.0,10040.0
2019-11-11 13:00:00,4710.0,4735.0,4710.0,4735.0,1759.0
2019-11-11 14:00:00,4765.0,4765.0,4710.0,4710.0,5161.0
2019-11-11 15:00:00,4715.0,4730.0,4705.0,4725.0,2272.0
2019-11-12 09:00:00,4730.0,4755.0,4700.0,4720.0,8688.0
2019-11-12 10:00:00,4710.0,4735.0,4685.0,4735.0,4200.0
2019-11-12 11:00:00,4705.0,4730.0,4690.0,4720.0,2782.0
2019-11-12 12:00:00,4720.0,4730.0,4675.0,4725.0,4367.0
2019-11-12 13:00:00,4685.0,4725.0,4680.0,4710.0,2361.0
2019-11-12 14:00:00,4680.0,4720.0,4680.0,4715.0,390.0
2019-11-12 15:00:00,4690.0,4730.0,4660.0,4730.0,11228.0
2019-11-13 09:00:00,4790.0,4865.0,4790.0,4865.0,10819.0
2019-11-13 10:00:00,4630.0,4790.0,4630.0,4790.0,16409.0
2019-11-13 11:00:00,4620.0,4645.0,4595.0,4625.0,6273.0
2019-11-13 12:00:00,4630.0,4665.0,4600.0,4645.0,6844.0
2019-11-13 13:00:00,4750.0,4750.0,4515.0,4630.0,10423.0
2019-11-13 14:00:00,4710.0,4765.0,4690.0,4755.0,9142.0
2019-11-13 15:00:00,4640.0,4660.0,4610.0,4620.0,2833.0
2019-11-14 09:00:00,4850.0,4925.0,4675.0,4865.0,12205.0
2019-11-14 10:00:00,4860.0,4875.0,4755.0,4875.0,4906.0
2019-11-14 11:00:00,4875.0,4880.0,4825.0,4880.0,3310.0
2019-11-14 12:00:00,4880.0,4880.0,4835.0,4865.0,4205.0
2019-11-14 13:00:00,4855.0,4870.0,4835.0,4840.0,6876.0
2019-11-14 14:00:00,4835.0,4855.0,4815.0,4855.0,5570.0
2019-11-14 15:00:00,4850.0,4865.0,4810.0,4840.0,5347.0
2019-11-15 09:00:00,4740.0,4780.0,4735.0,4760.0,5795.0
2019-11-15 10:00:00,4725.0,4740.0,4700.0,4740.0,8162.0
2019-11-15 11:00:00,4755.0,4780.0,4720.0,4750.0,7838.0
2019-11-15 12:00:00,4750.0,4760.0,4700.0,4710.0,5435.0
2019-11-15 13:00:00,4755.0,4825.0,4690.0,4750.0,6600.0
2019-11-15 14:00:00,4810.0,4810.0,4750.0,4780.0,4113.0
2019-11-15 15:00:00,4715.0,4730.0,4685.0,4685.0,7328.0
2019-11-18 09:00:00,4690.0,4750.0,4690.0,4750.0,4600.0
2019-11-18 10:00:00,4690.0,4690.0,4675.0,4685.0,2880.0
2019-11-18 11:00:00,4685.0,4705.0,4680.0,4700.0,4157.0
2019-11-18 12:00:00,4690.0,4700.0,4665.0,4680.0,10197.0
2019-11-18 13:00:00,4705.0,4745.0,4690.0,4690.0,6715.0
2019-11-18 14:00:00,4750.0,4755.0,4705.0,4725.0,5719.0
2019-11-18 15:00:00,4680.0,4690.0,4675.0,4680.0,3686.0
2019-11-19 09:00:00,4700.0,4750.0,4455.0,4690.0,18079.0
2019-11-19 10:00:00,4670.0,4685.0,4655.0,4680.0,771.0
2019-11-19 11:00:00,4680.0,4700.0,4575.0,4635.0,9162.0
2019-11-19 12:00:00,4670.0,4670.0,4600.0,4640.0,4811.0
2019-11-19 13:00:00,4645.0,4670.0,4635.0,4635.0,4219.0
2019-11-19 14:00:00,4660.0,4670.0,4605.0,4650.0,3756.0
2019-11-19 15:00:00,4650.0,4650.0,4615.0,4645.0,4540.0
2019-11-20 09:00:00,4535.0,4545.0,4455.0,4490.0,15097.0
2019-11-20 10:00:00,4480.0,4535.0,4455.0,4485.0,11367.0
2019-11-20 11:00:00,4555.0,4570.0,4505.0,4535.0,12767.0
2019-11-20 12:00:00,4640.0,4645.0,4605.0,4605.0,4208.0
2019-11-20 13:00:00,4560.0,4575.0,4535.0,4550.0,7345.0
2019-11-20 14:00:00,4605.0,4635.0,4555.0,4560.0,1914.0
2019-11-20 15:00:00,4550.0,4555.0,4545.0,4555.0,1674.0
2019-11-21 09:00:00,4475.0,4590.0,4400.0,4555.0,8882.0
2019-11-21 10:00:00,4525.0,4550.0,4475.0,4545.0,9890.0
2019-11-21 11:00:00,4545.0,4640.0,4525.0,4640.0,13826.0
2019-11-21 12:00:00,4640.0,4800.0,4630.0,4750.0,31411.0
2019-11-21 13:00:00,4750.0,4765.0,4715.0,4740.0,21096.0
2019-11-21 14:00:00,4740.0,4740.0,4625.0,4665.0,8265.0
2019-11-21 15:00:00,4630.0,4700.0,4625.0,4670.0,9398.0
2019-11-22 09:00:00,4655.0,4705.0,4640.0,4705.0,6347.0
2019-11-22 10:00:00,4600.0,4670.0,4595.0,4655.0,9164.0
2019-11-22 11:00:00,4635.0,4655.0,4600.0,4645.0,4587.0
2019-11-22 12:00:00,4680.0,4770.0,4650.0,4725.0,19192.0
2019-11-22 13:00:00,4680.0,4715.0,4650.0,4670.0,2994.0
2019-11-22 14:00:00,4710.0,4720.0,4675.0,4675.0,2403.0
2019-11-22 15:00:00,4670.0,4700.0,4600.0,4660.0,3422.0
2019-11-25 09:00:00,4665.0,4745.0,4645.0,4745.0,19304.0
2019-11-25 10:00:00,4740.0,4745.0,4700.0,4735.0,6076.0
2019-11-25 11:00:00,4695.0,4700.0,4650.0,4685.0,3059.0
2019-11-25 12:00:00,4685.0,4700.0,4625.0,4660.0,8777.0
2019-11-25 13:00:00,4675.0,4705.0,4645.0,4675.0,2626.0
2019-11-25 14:00:00,4660.0,4680.0,4625.0,4680.0,3651.0
2019-11-25 15:00:00,4675.0,4700.0,4645.0,4700.0,1374.0
2019-11-26 09:00:00,4735.0,4745.0,4715.0,4715.0,7280.0
2019-11-26 10:00:00,4720.0,4730.0,4675.0,4675.0,4200.0
2019-11-26 11:00:00,4675.0,4695.0,4670.0,4675.0,575.0
2019-11-26 12:00:00,4675.0,4690.0,4670.0,4675.0,557.0
2019-11-26 13:00:00,4675.0,4695.0,4665.0,4665.0,1815.0
2019-11-26 14:00:00,4665.0,4690.0,4655.0,4685.0,2155.0
2019-11-26 15:00:00,4660.0,4735.0,4660.0,4715.0,10689.0
2019-11-27 09:00:00,4640.0,4660.0,4620.0,4645.0,3232.0
2019-11-27 10:00:00,4645.0,4695.0,4620.0,4685.0,5038.0
2019-11-27 11:00:00,4620.0,4635.0,4615.0,4635.0,2084.0
2019-11-27 12:00:00,4635.0,4635.0,4620.0,4620.0,946.0
2019-11-27 13:00:00,4630.0,4635.0,4620.0,4635.0,889.0
2019-11-27 14:00:00,4635.0,4650.0,4625.0,4645.0,888.0
2019-11-27 15:00:00,4735.0,4735.0,4630.0,4645.0,6626.0
2019-11-28 09:00:00,4685.0,4695.0,4585.0,4615.0,4177.0
2019-11-28 10:00:00,4590.0,4595.0,4555.0,4580.0,7366.0
2019-11-28 11:00:00,4580.0,4600.0,4580.0,4585.0,1813.0
2019-11-28 12:00:00,4580.0,4615.0,4570.0,4615.0,2770.0
2019-11-28 13:00:00,4605.0,4615.0,4575.0,4590.0,4940.0
2019-11-28 14:00:00,4595.0,4620.0,4575.0,4615.0,3341.0
2019-11-28 15:00:00,4605.0,4625.0,4570.0,4625.0,6733.0
2019-11-29 09:00:00,4560.0,4590.0,4535.0,4590.0,5739.0
2019-11-29 10:00:00,4590.0,4590.0,4560.0,4560.0,2062.0
2019-11-29 11:00:00,4600.0,4600.0,4550.0,4555.0,4587.0
2019-11-29 12:00:00,4625.0,4625.0,4575.0,4620.0,1204.0
2019-11-29 13:00:00,4600.0,4620.0,4580.0,4615.0,683.0
2019-11-29 14:00:00,4600.0,4620.0,4595.0,4595.0,1084.0
2019-11-29 15:00:00,4575.0,4610.0,4555.0,4575.0,2230.0
2019-12-02 09:00:00,4565.0,4570.0,4515.0,4525.0,7332.0
2019-12-02 10:00:00,4525.0,4550.0,4510.0,4545.0,3534.0
2019-12-02 11:00:00,4535.0,4580.0,4530.0,4570.0,408.0
2019-12-02 12:00:00,4580.0,4595.0,4555.0,4590.0,256.0
2019-12-02 13:00:00,4550.0,4580.0,4525.0,4555.0,1527.0
2019-12-02 14:00:00,4590.0,4590.0,4545.0,4555.0,3081.0
2019-12-02 15:00:00,4555.0,4580.0,4535.0,4580.0,1801.0
2019-12-03 09:00:00,4510.0,4525.0,4450.0,4485.0,4632.0
2019-12-03 10:00:00,4485.0,4490.0,4425.0,4460.0,5889.0
2019-12-03 11:00:00,4465.0,4470.0,4450.0,4460.0,1335.0
2019-12-03 12:00:00,4460.0,4460.0,4425.0,4445.0,5053.0
2019-12-03 13:00:00,4450.0,4460.0,4430.0,4440.0,2852.0
2019-12-03 14:00:00,4440.0,4475.0,4435.0,4470.0,2373.0
2019-12-03 15:00:00,4465.0,4475.0,4440.0,4475.0,6483.0
2019-12-04 09:00:00,4440.0,4450.0,4425.0,4450.0,2663.0
2019-12-04 10:00:00,4420.0,4455.0,4420.0,4445.0,1824.0
2019-12-04 11:00:00,4435.0,4440.0,4415.0,4435.0,2366.0
2019-12-04 12:00:00,4475.0,4475.0,4405.0,4470.0,8222.0
2019-12-04 13:00:00,4445.0,4470.0,4410.0,4440.0,5346.0
2019-12-04 14:00:00,4415.0,4440.0,4415.0,4440.0,1196.0
2019-12-04 15:00:00,4440.0,4440.0,4410.0,4435.0,5780.0
2019-12-05 09:00:00,4445.0,4460.0,4400.0,4460.0,5278.0
2019-12-05 10:00:00,4455.0,4475.0,4420.0,4440.0,3234.0
2019-12-05 11:00:00,4435.0,4475.0,4435.0,4475.0,888.0
2019-12-05 12:00:00,4440.0,4475.0,4420.0,4475.0,5805.0
2019-12-05 13:00:00,4440.0,4470.0,4435.0,4470.0,1072.0
2019-12-05 14:00:00,4455.0,4485.0,4425.0,4480.0,3680.0
2019-12-05 15:00:00,4475.0,4480.0,4445.0,4480.0,3402.0
2019-12-06 09:00:00,4650.0,4665.0,4600.0,4665.0,2087.0
2019-12-06 10:00:00,4655.0,4670.0,4625.0,4665.0,2956.0
2019-12-06 11:00:00,4630.0,4660.0,4625.0,4655.0,6316.0
2019-12-06 12:00:00,4480.0,4530.0,4480.0,4530.0,3651.0
2019-12-06 13:00:00,4530.0,4625.0,4530.0,4615.0,4859.0
2019-12-06 14:00:00,4450.0,4505.0,4410.0,4500.0,1516.0
2019-12-06 15:00:00,4600.0,4635.0,4600.0,4630.0,5690.0
2019-12-09 09:00:00,4635.0,4655.0,4610.0,4650.0,1270.0
2019-12-09 10:00:00,4615.0,4650.0,4615.0,4645.0,276.0
2019-12-09 11:00:00,4660.0,4660.0,4635.0,4655.0,454.0
2019-12-09 12:00:00,4665.0,4665.0,4630.0,4660.0,1583.0
2019-12-09 13:00:00,4630.0,4665.0,4630.0,4665.0,361.0
2019-12-09 14:00:00,4650.0,4660.0,4635.0,4660.0,332.0
2019-12-09 15:00:00,4675.0,4680.0,4625.0,4675.0,1966.0
2019-12-10 09:00:00,4685.0,4685.0,4600.0,4605.0,6106.0
2019-12-10 10:00:00,4600.0,4605.0,4545.0,4605.0,4986.0
2019-12-10 11:00:00,4605.0,4610.0,4590.0,4610.0,1264.0
2019-12-10 12:00:00,4585.0,4615.0,4585.0,4610.0,1223.0
2019-12-10 13:00:00,4615.0,4615.0,4565.0,4580.0,2397.0
2019-12-10 14:00:00,4575.0,4625.0,4575.0,4625.0,1496.0
2019-12-10 15:00:00,4625.0,4645.0,4595.0,4645.0,1713.0
2019-12-11 09:00:00,4585.0,4595.0,4545.0,4550.0,615.0
2019-12-11 10:00:00,4545.0,4545.0,4525.0,4525.0,2364.0
2019-12-11 11:00:00,4550.0,4565.0,4510.0,4545.0,7545.0
2019-12-11 12:00:00,4570.0,4595.0,4540.0,4540.0,2177.0
2019-12-11 13:00:00,4565.0,4595.0,4555.0,4590.0,1394.0
2019-12-11 14:00:00,4585.0,4600.0,4565.0,4575.0,1020.0
2019-12-11 15:00:00,4645.0,4645.0,4570.0,4585.0,3467.0
2019-12-12 09:00:00,4525.0,4560.0,4450.0,4540.0,8625.0
2019-12-12 10:00:00,4540.0,4575.0,4535.0,4550.0,4657.0
2019-12-12 11:00:00,4550.0,4550.0,4525.0,4540.0,2115.0
2019-12-12 12:00:00,4530.0,4545.0,4530.0,4545.0,551.0
2019-12-12 13:00:00,4540.0,4575.0,4540.0,4575.0,6266.0
2019-12-12 14:00:00,4550.0,4570.0,4550.0,4570.0,4093.0
2019-12-12 15:00:00,4555.0,4570.0,4550.0,4570.0,3974.0
2019-12-13 09:00:00,4595.0,4600.0,4545.0,4570.0,10968.0
2019-12-13 10:00:00,4595.0,4600.0,4575.0,4600.0,1551.0
2019-12-13 11:00:00,4540.0,4585.0,4540.0,4585.0,1534.0
2019-12-13 12:00:00,4585.0,4595.0,4575.0,4595.0,2668.0
2019-12-13 13:00:00,4600.0,4605.0,4580.0,4580.0,2371.0
2019-12-13 14:00:00,4550.0,4660.0,4550.0,4600.0,4662.0
2019-12-13 15:00:00,4595.0,4595.0,4585.0,4585.0,181.0
2019-12-16 09:00:00,4935.0,4960.0,4930.0,4960.0,26778.0
2019-12-16 10:00:00,4910.0,4930.0,4885.0,4900.0,12681.0
2019-12-16 11:00:00,4895.0,4935.0,4870.0,4930.0,19900.0
2019-12-16 12:00:00,4955.0,4970.0,4870.0,4910.0,36819.0
2019-12-16 13:00:00,4840.0,4965.0,4835.0,4955.0,85710.0
2019-12-16 14:00:00,4900.0,4910.0,4815.0,4910.0,21409.0
2019-12-16 15:00:00,4590.0,4850.0,4590.0,4840.0,59748.0
2019-12-17 09:00:00,4955.0,4960.0,4920.0,4955.0,7657.0
2019-12-17 10:00:00,4965.0,5025.0,4900.0,4925.0,31386.0
2019-12-17 11:00:00,4940.0,4990.0,4940.0,4965.0,10010.0
2019-12-17 12:00:00,4965.0,4980.0,4950.0,4955.0,7271.0
2019-12-17 13:00:00,4960.0,4960.0,4930.0,4945.0,7565.0
2019-12-17 14:00:00,4945.0,4980.0,4925.0,4925.0,9978.0
2019-12-17 15:00:00,4965.0,4975.0,4940.0,4955.0,8797.0
2019-12-18 09:00:00,4915.0,4960.0,4875.0,4955.0,18819.0
2019-12-18 10:00:00,4955.0,4975.0,4930.0,4975.0,14361.0
2019-12-18 11:00:00,4890.0,4925.0,4855.0,4920.0,3973.0
2019-12-18 12:00:00,4940.0,4940.0,4850.0,4925.0,10509.0
2019-12-18 13:00:00,4875.0,4895.0,4850.0,4895.0,7501.0
2019-12-18 14:00:00,4920.0,4930.0,4850.0,4885.0,11093.0
2019-12-18 15:00:00,4895.0,4905.0,4855.0,4890.0,5792.0
2019-12-19 09:00:00,4975.0,5075.0,4940.0,5000.0,20528.0
2019-12-19 10:00:00,5000.0,5150.0,4995.0,5150.0,50917.0
2019-12-19 11:00:00,5150.0,5425.0,5125.0,5275.0,134636.0
2019-12-19 12:00:00,5300.0,5375.0,5225.0,5275.0,32286.0
2019-12-19 13:00:00,5250.0,5350.0,5200.0,5275.0,67906.0
2019-12-19 14:00:00,5300.0,5425.0,5200.0,5350.0,136263.0
2019-12-19 15:00:00,5325.0,5375.0,5300.0,5300.0,43140.0
2019-12-20 09:00:00,5425.0,5425.0,5375.0,5425.0,10521.0
2019-12-20 10:00:00,5425.0,5475.0,5375.0,5425.0,27968.0
2019-12-20 11:00:00,5350.0,5450.0,5325.0,5425.0,36328.0
2019-12-20 12:00:00,5250.0,5325.0,5125.0,5325.0,87971.0
2019-12-20 13:00:00,5325.0,5350.0,5300.0,5350.0,25733.0
2019-12-20 14:00:00,5325.0,5375.0,5300.0,5325.0,29501.0
2019-12-20 15:00:00,5325.0,5375.0,5300.0,5350.0,12181.0
2019-12-23 09:00:00,5500.0,5525.0,5325.0,5350.0,25574.0
2019-12-23 10:00:00,5350.0,5450.0,5300.0,5450.0,14289.0
2019-12-23 11:00:00,5400.0,5550.0,5375.0,5525.0,13131.0
2019-12-23 12:00:00,5425.0,5525.0,5325.0,5525.0,47756.0
2019-12-23 13:00:00,5400.0,5475.0,5375.0,5425.0,6256.0
2019-12-23 14:00:00,5525.0,5675.0,5325.0,5425.0,130067.0
2019-12-23 15:00:00,5400.0,5450.0,5400.0,5450.0,2078.0
2019-12-24 09:00:00,5475.0,5475.0,5100.0,5225.0,34410.0
2019-12-24 10:00:00,5225.0,5400.0,5150.0,5375.0,22838.0
2019-12-24 11:00:00,5350.0,5500.0,5325.0,5450.0,49205.0
2019-12-24 12:00:00,5475.0,5500.0,5400.0,5475.0,26670.0
2019-12-24 13:00:00,5450.0,5600.0,5450.0,5600.0,38799.0
2019-12-24 14:00:00,5600.0,5625.0,5525.0,5550.0,19550.0
2019-12-24 15:00:00,5550.0,5575.0,5450.0,5575.0,13484.0
2019-12-26 09:00:00,5325.0,5425.0,5300.0,5325.0,37609.0
2019-12-26 10:00:00,5325.0,5425.0,5250.0,5400.0,28654.0
2019-12-26 11:00:00,5375.0,5400.0,5275.0,5350.0,29070.0
2019-12-26 12:00:00,5400.0,5475.0,5325.0,5400.0,29445.0
2019-12-26 13:00:00,5450.0,5475.0,5375.0,5400.0,12102.0
2019-12-26 14:00:00,5550.0,5550.0,5375.0,5475.0,9368.0
2019-12-26 15:00:00,5475.0,5550.0,5400.0,5550.0,10470.0
2019-12-27 09:00:00,5300.0,5475.0,5225.0,5425.0,19442.0
2019-12-27 10:00:00,5425.0,5550.0,5350.0,5475.0,12626.0
2019-12-27 11:00:00,5475.0,5475.0,5350.0,5425.0,6997.0
2019-12-27 12:00:00,5425.0,5450.0,5375.0,5450.0,3047.0
2019-12-27 13:00:00,5450.0,5475.0,5400.0,5475.0,8946.0
2019-12-27 14:00:00,5500.0,5525.0,5450.0,5475.0,9421.0
2019-12-27 15:00:00,5475.0,5500.0,5450.0,5500.0,6451.0
2019-12-30 09:00:00,5450.0,5500.0,5375.0,5500.0,17983.0
2019-12-30 10:00:00,5475.0,5525.0,5450.0,5475.0,32614.0
2019-12-30 11:00:00,5400.0,5500.0,5350.0,5475.0,10938.0
2019-12-30 12:00:00,5500.0,5500.0,5400.0,5450.0,12079.0
2019-12-30 13:00:00,5425.0,5450.0,5350.0,5400.0,9197.0
2019-12-30 14:00:00,5425.0,5450.0,5325.0,5425.0,7134.0
2019-12-30 15:00:00,5400.0,5450.0,5375.0,5400.0,4918.0
2020-01-02 09:00:00,5325.0,5400.0,5325.0,5400.0,6962.0
2020-01-02 10:00:00,5350.0,5375.0,5325.0,5325.0,9771.0
2020-01-02 11:00:00,5400.0,5500.0,5375.0,5400.0,12831.0
2020-01-02 12:00:00,5350.0,5375.0,5325.0,5350.0,5453.0
2020-01-02 13:00:00,5375.0,5425.0,5325.0,5350.0,7676.0
2020-01-02 14:00:00,5350.0,5375.0,5325.0,5350.0,10850.0
2020-01-03 09:00:00,5350.0,5400.0,5300.0,5375.0,10045.0
2020-01-03 10:00:00,5350.0,5375.0,5275.0,5275.0,28909.0
2020-01-03 11:00:00,5275.0,5350.0,5250.0,5275.0,28961.0
2020-01-03 12:00:00,5275.0,5325.0,5275.0,5300.0,6433.0
2020-01-03 13:00:00,5300.0,5525.0,5275.0,5450.0,41838.0
2020-01-03 14:00:00,5425.0,5475.0,5400.0,5475.0,9441.0
2020-01-03 15:00:00,5450.0,5500.0,5400.0,5500.0,7965.0
2020-01-06 09:00:00,5725.0,5725.0,5675.0,5725.0,17002.0
2020-01-06 10:00:00,5725.0,5750.0,5625.0,5725.0,27880.0
2020-01-06 11:00:00,5525.0,5750.0,5500.0,5700.0,47907.0
2020-01-06 12:00:00,5450.0,5575.0,5400.0,5575.0,29004.0
2020-01-06 13:00:00,5575.0,5650.0,5550.0,5600.0,15317.0
2020-01-06 14:00:00,5475.0,5575.0,5300.0,5450.0,47211.0
2020-01-06 15:00:00,5625.0,5625.0,5500.0,5525.0,10621.0
2020-01-07 09:00:00,5725.0,5975.0,5600.0,5850.0,120139.0
2020-01-07 10:00:00,5875.0,5950.0,5850.0,5875.0,17655.0
2020-01-07 11:00:00,5875.0,5925.0,5800.0,5850.0,19110.0
2020-01-07 12:00:00,5850.0,5875.0,5800.0,5875.0,4160.0
2020-01-07 13:00:00,5875.0,5925.0,5850.0,5900.0,15766.0
2020-01-07 14:00:00,5875.0,5925.0,5850.0,5900.0,11362.0
2020-01-07 15:00:00,5875.0,5925.0,5850.0,5925.0,9508.0
2020-01-08 09:00:00,5450.0,5500.0,5400.0,5475.0,23546.0
2020-01-08 10:00:00,5500.0,5525.0,5425.0,5450.0,32228.0
2020-01-08 11:00:00,5525.0,5550.0,5475.0,5500.0,21573.0
2020-01-08 12:00:00,5825.0,5850.0,5600.0,5675.0,48459.0
2020-01-08 13:00:00,5550.0,5575.0,5400.0,5500.0,75890.0
2020-01-08 14:00:00,5675.0,5700.0,5400.0,5550.0,91025.0
2020-01-08 15:00:00,5500.0,5575.0,5250.0,5525.0,53094.0
2020-01-09 09:00:00,5350.0,5475.0,5350.0,5425.0,26193.0
2020-01-09 10:00:00,5425.0,5450.0,5400.0,5450.0,21565.0
2020-01-09 11:00:00,5375.0,5400.0,5325.0,5350.0,15807.0
2020-01-09 12:00:00,5625.0,5625.0,5425.0,5425.0,38363.0
2020-01-09 13:00:00,5450.0,5475.0,5300.0,5375.0,37570.0
2020-01-09 14:00:00,5450.0,5575.0,5425.0,5425.0,22093.0
2020-01-09 15:00:00,5350.0,5425.0,5325.0,5400.0,17760.0
2020-01-10 09:00:00,5475.0,5475.0,5275.0,5325.0,39210.0
2020-01-10 10:00:00,5300.0,5525.0,5300.0,5525.0,26287.0
2020-01-10 11:00:00,5525.0,5525.0,5400.0,5425.0,12980.0
2020-01-10 12:00:00,5425.0,5500.0,5425.0,5475.0,6196.0
2020-01-10 13:00:00,5475.0,5500.0,5425.0,5425.0,6158.0
2020-01-10 14:00:00,5450.0,5500.0,5400.0,5425.0,14254.0
2020-01-10 15:00:00,5425.0,5500.0,5400.0,5500.0,16968.0
2020-01-13 09:00:00,5375.0,5400.0,5375.0,5400.0,9104.0
2020-01-13 10:00:00,5375.0,5450.0,5350.0,5450.0,20416.0
2020-01-13 11:00:00,5400.0,5425.0,5350.0,5375.0,14434.0
2020-01-13 12:00:00,5450.0,5500.0,5375.0,5450.0,12068.0
2020-01-13 13:00:00,5400.0,5400.0,5350.0,5400.0,9140.0
2020-01-13 14:00:00,5425.0,5450.0,5375.0,5400.0,4328.0
2020-01-13 15:00:00,5400.0,5450.0,5375.0,5425.0,27260.0
2020-01-14 09:00:00,5475.0,5500.0,5350.0,5375.0,21044.0
2020-01-14 10:00:00,5375.0,5400.0,5300.0,5325.0,19336.0
2020-01-14 11:00:00,5300.0,5350.0,5250.0,5325.0,38556.0
2020-01-14 12:00:00,5325.0,5325.0,5225.0,5250.0,15810.0
2020-01-14 13:00:00,5250.0,5375.0,5225.0,5350.0,37004.0
2020-01-14 14:00:00,5375.0,5425.0,5325.0,5375.0,31492.0
2020-01-14 15:00:00,5375.0,5375.0,5250.0,5350.0,46316.0
2020-01-15 09:00:00,6000.0,6000.0,5750.0,5850.0,70152.0
2020-01-15 10:00:00,5875.0,6000.0,5825.0,6000.0,138535.0
2020-01-15 11:00:00,5825.0,5925.0,5750.0,5875.0,84628.0
2020-01-15 12:00:00,5625.0,5775.0,5600.0,5675.0,53892.0
2020-01-15 13:00:00,5600.0,5675.0,5575.0,5625.0,45820.0
2020-01-15 14:00:00,5400.0,5625.0,5375.0,5600.0,89733.0
2020-01-15 15:00:00,5675.0,5850.0,5650.0,5825.0,41890.0
2020-01-16 09:00:00,5925.0,6125.0,5825.0,6000.0,130237.0
2020-01-16 10:00:00,6025.0,6300.0,6000.0,6300.0,136307.0
2020-01-16 11:00:00,6275.0,6300.0,6200.0,6250.0,36544.0
2020-01-16 12:00:00,6250.0,6375.0,6200.0,6325.0,70238.0
2020-01-16 13:00:00,6325.0,6400.0,6200.0,6375.0,155050.0
2020-01-16 14:00:00,6350.0,6425.0,6300.0,6325.0,81050.0
2020-01-16 15:00:00,6325.0,6350.0,6300.0,6350.0,40993.0
2020-01-17 09:00:00,6400.0,6400.0,6325.0,6400.0,20013.0
2020-01-17 10:00:00,6375.0,6400.0,6325.0,6400.0,41080.0
2020-01-17 11:00:00,6325.0,6400.0,6325.0,6350.0,28378.0
2020-01-17 12:00:00,6250.0,6425.0,6150.0,6400.0,84284.0
2020-01-17 13:00:00,6400.0,6400.0,6300.0,6325.0,40214.0
2020-01-17 14:00:00,6325.0,6425.0,6275.0,6325.0,47025.0
2020-01-17 15:00:00,6325.0,6325.0,6200.0,6250.0,71739.0
2020-01-20 09:00:00,6300.0,6350.0,6125.0,6125.0,99661.0
2020-01-20 10:00:00,6125.0,6200.0,6075.0,6150.0,52121.0
2020-01-20 11:00:00,6125.0,6175.0,6125.0,6150.0,13596.0
2020-01-20 12:00:00,6175.0,6200.0,6125.0,6150.0,18022.0
2020-01-20 13:00:00,6175.0,6200.0,6075.0,6150.0,28493.0
2020-01-20 14:00:00,6125.0,6375.0,6100.0,6325.0,93396.0
2020-01-20 15:00:00,6300.0,6325.0,6175.0,6300.0,36752.0
2020-01-21 09:00:00,6250.0,6275.0,6150.0,6225.0,26175.0
2020-01-21 10:00:00,6250.0,6275.0,6200.0,6275.0,22330.0
2020-01-21 11:00:00,6225.0,6275.0,6150.0,6250.0,16745.0
2020-01-21 12:00:00,6050.0,6150.0,6050.0,6150.0,22636.0
2020-01-21 13:00:00,6150.0,6250.0,6100.0,6250.0,15917.0
2020-01-21 14:00:00,6300.0,6325.0,6025.0,6075.0,63201.0
2020-01-21 15:00:00,6250.0,6275.0,6200.0,6225.0,16530.0
2020-01-22 09:00:00,6550.0,6575.0,6475.0,6550.0,32258.0
2020-01-22 10:00:00,6550.0,6575.0,6425.0,6550.0,26036.0
2020-01-22 11:00:00,6600.0,6625.0,6525.0,6550.0,12542.0
2020-01-22 12:00:00,6525.0,6675.0,6475.0,6625.0,72078.0
2020-01-22 13:00:00,6625.0,6625.0,6500.0,6550.0,21385.0
2020-01-22 14:00:00,6150.0,6550.0,6125.0,6525.0,77863.0
2020-01-22 15:00:00,6550.0,6625.0,6450.0,6625.0,21560.0
2020-01-23 09:00:00,6475.0,6475.0,6250.0,6450.0,42250.0
2020-01-23 10:00:00,6450.0,6525.0,6375.0,6400.0,19075.0
2020-01-23 11:00:00,6400.0,6475.0,6300.0,6325.0,20640.0
2020-01-23 12:00:00,6300.0,6375.0,6300.0,6350.0,19871.0
2020-01-23 13:00:00,6350.0,6375.0,6275.0,6300.0,28862.0
2020-01-23 14:00:00,6300.0,6400.0,6275.0,6375.0,27650.0
2020-01-23 15:00:00,6400.0,6425.0,6350.0,6375.0,16370.0
2020-01-28 09:00:00,6200.0,6200.0,6125.0,6175.0,11237.0
2020-01-28 10:00:00,6150.0,6150.0,6075.0,6100.0,29283.0
2020-01-28 11:00:00,6100.0,6200.0,6075.0,6200.0,19566.0
2020-01-28 12:00:00,6150.0,6200.0,6125.0,6175.0,9962.0
2020-01-28 13:00:00,6100.0,6325.0,6100.0,6175.0,35740.0
2020-01-28 14:00:00,6175.0,6250.0,6125.0,6200.0,22173.0
2020-01-28 15:00:00,6150.0,6200.0,6100.0,6125.0,14894.0
2020-01-29 09:00:00,6225.0,6275.0,6100.0,6175.0,14773.0
2020-01-29 10:00:00,6125.0,6175.0,6100.0,6150.0,4782.0
2020-01-29 11:00:00,6125.0,6150.0,6100.0,6125.0,3943.0
2020-01-29 12:00:00,6125.0,6150.0,6075.0,6100.0,18823.0
2020-01-29 13:00:00,6125.0,6125.0,6025.0,6025.0,37276.0
2020-01-29 14:00:00,6025.0,6100.0,5975.0,6050.0,31699.0
2020-01-29 15:00:00,6025.0,6050.0,6025.0,6050.0,11249.0
2020-01-30 09:00:00,5750.0,5775.0,5725.0,5775.0,11695.0
2020-01-30 10:00:00,5825.0,5825.0,5725.0,5775.0,21594.0
2020-01-30 11:00:00,5850.0,5850.0,5775.0,5800.0,27792.0
2020-01-30 12:00:00,6000.0,6125.0,5925.0,5950.0,28655.0
2020-01-30 13:00:00,5875.0,5925.0,5850.0,5875.0,8258.0
2020-01-30 14:00:00,5950.0,5950.0,5850.0,5900.0,37106.0
2020-01-30 15:00:00,5875.0,5900.0,5800.0,5850.0,17249.0
2020-01-31 09:00:00,5775.0,5800.0,5700.0,5725.0,23345.0
2020-01-31 10:00:00,5700.0,5775.0,5675.0,5750.0,12864.0
2020-01-31 11:00:00,5700.0,5825.0,5675.0,5775.0,29562.0
2020-01-31 12:00:00,5775.0,5875.0,5675.0,5875.0,26897.0
2020-01-31 13:00:00,5800.0,5825.0,5775.0,5775.0,8500.0
2020-01-31 14:00:00,5875.0,5875.0,5775.0,5800.0,15583.0
2020-01-31 15:00:00,5775.0,5800.0,5700.0,5725.0,10721.0
2020-02-03 09:00:00,5725.0,5725.0,5575.0,5650.0,26238.0
2020-02-03 10:00:00,5600.0,5800.0,5550.0,5775.0,23937.0
2020-02-03 11:00:00,5775.0,5800.0,5650.0,5675.0,6821.0
2020-02-03 12:00:00,5650.0,5725.0,5600.0,5700.0,22674.0
2020-02-03 13:00:00,5700.0,5725.0,5600.0,5675.0,23547.0
2020-02-03 14:00:00,5675.0,5750.0,5650.0,5750.0,11397.0
2020-02-03 15:00:00,5725.0,5825.0,5725.0,5800.0,14001.0
2020-02-04 09:00:00,5925.0,5950.0,5900.0,5925.0,4436.0
2020-02-04 10:00:00,5900.0,5950.0,5900.0,5925.0,10180.0
2020-02-04 11:00:00,5875.0,5925.0,5875.0,5900.0,7308.0
2020-02-04 12:00:00,5800.0,5975.0,5800.0,5975.0,28673.0
2020-02-04 13:00:00,5975.0,5975.0,5850.0,5850.0,16640.0
2020-02-04 14:00:00,5850.0,5875.0,5800.0,5875.0,5486.0
2020-02-04 15:00:00,5800.0,5825.0,5725.0,5800.0,24135.0
2020-02-05 09:00:00,5925.0,5950.0,5825.0,5850.0,16487.0
2020-02-05 10:00:00,5850.0,5875.0,5825.0,5850.0,11913.0
2020-02-05 11:00:00,5825.0,5875.0,5800.0,5825.0,10231.0
2020-02-05 12:00:00,5825.0,5850.0,5750.0,5750.0,21380.0
2020-02-05 13:00:00,5725.0,5800.0,5700.0,5750.0,26995.0
2020-02-05 14:00:00,5775.0,5775.0,5700.0,5725.0,10178.0
2020-02-05 15:00:00,5900.0,6075.0,5850.0,5925.0,29849.0
2020-02-06 09:00:00,5750.0,5775.0,5700.0,5750.0,7043.0
2020-02-06 10:00:00,5725.0,5750.0,5675.0,5725.0,22048.0
2020-02-06 11:00:00,5675.0,5750.0,5675.0,5725.0,10979.0
2020-02-06 12:00:00,5700.0,5750.0,5600.0,5675.0,15467.0
2020-02-06 13:00:00,5800.0,5825.0,5700.0,5725.0,14904.0
2020-02-06 14:00:00,5700.0,5875.0,5675.0,5825.0,23858.0
2020-02-06 15:00:00,5650.0,5725.0,5650.0,5725.0,7531.0
2020-02-07 09:00:00,5700.0,5800.0,5600.0,5775.0,21805.0
2020-02-07 10:00:00,5750.0,5800.0,5725.0,5775.0,8859.0
2020-02-07 11:00:00,5700.0,5750.0,5675.0,5725.0,9641.0
2020-02-07 12:00:00,5675.0,5725.0,5650.0,5725.0,6761.0
2020-02-07 13:00:00,5675.0,5750.0,5625.0,5675.0,13323.0
2020-02-07 14:00:00,5750.0,5775.0,5650.0,5700.0,10384.0
2020-02-07 15:00:00,5725.0,5725.0,5675.0,5700.0,3123.0
2020-02-10 09:00:00,5800.0,5850.0,5725.0,5750.0,14459.0
2020-02-10 10:00:00,5775.0,5800.0,5725.0,5775.0,3838.0
2020-02-10 11:00:00,5750.0,5825.0,5725.0,5775.0,4457.0
2020-02-10 12:00:00,5775.0,5800.0,5700.0,5725.0,10407.0
2020-02-10 13:00:00,5750.0,5775.0,5650.0,5725.0,7579.0
2020-02-10 14:00:00,5700.0,5775.0,5700.0,5750.0,2515.0
2020-02-10 15:00:00,5725.0,5750.0,5675.0,5750.0,5339.0
2020-02-11 09:00:00,5700.0,5750.0,5650.0,5700.0,8264.0
2020-02-11 10:00:00,5725.0,5750.0,5675.0,5750.0,8070.0
2020-02-11 11:00:00,5650.0,5700.0,5650.0,5675.0,3408.0
2020-02-11 12:00:00,5675.0,5725.0,5650.0,5650.0,5644.0
2020-02-11 13:00:00,5650.0,5675.0,5625.0,5650.0,11146.0
2020-02-11 14:00:00,5650.0,5675.0,5625.0,5650.0,4058.0
2020-02-11 15:00:00,5750.0,5775.0,5650.0,5675.0,9473.0
2020-02-12 09:00:00,5675.0,5725.0,5625.0,5700.0,11147.0
2020-02-12 10:00:00,5675.0,5750.0,5650.0,5700.0,10092.0
2020-02-12 11:00:00,5700.0,5700.0,5650.0,5650.0,3770.0
2020-02-12 12:00:00,5650.0,5725.0,5650.0,5700.0,6804.0
2020-02-12 13:00:00,5725.0,5850.0,5700.0,5825.0,16482.0
2020-02-12 14:00:00,5825.0,5875.0,5775.0,5875.0,7842.0
2020-02-12 15:00:00,5750.0,5775.0,5650.0,5675.0,7778.0
2020-02-13 09:00:00,6125.0,6150.0,6000.0,6100.0,12633.0
2020-02-13 10:00:00,5825.0,5950.0,5825.0,5900.0,22320.0
2020-02-13 11:00:00,5900.0,6200.0,5900.0,6150.0,107490.0
2020-02-13 12:00:00,5900.0,5900.0,5850.0,5900.0,11484.0
2020-02-13 13:00:00,5850.0,5925.0,5825.0,5925.0,7695.0
2020-02-13 14:00:00,5925.0,5925.0,5775.0,5875.0,17084.0
2020-02-13 15:00:00,5850.0,5900.0,5825.0,5825.0,9907.0
2020-02-14 09:00:00,6125.0,6200.0,6025.0,6075.0,37660.0
2020-02-14 10:00:00,6075.0,6075.0,5975.0,6025.0,19234.0
2020-02-14 11:00:00,6025.0,6025.0,5925.0,5975.0,28860.0
2020-02-14 12:00:00,5975.0,6000.0,5925.0,5975.0,19056.0
2020-02-14 13:00:00,5950.0,6000.0,5950.0,5975.0,16826.0
2020-02-14 14:00:00,5975.0,6025.0,5950.0,6000.0,21717.0
2020-02-14 15:00:00,6000.0,6025.0,5950.0,6025.0,11885.0
2020-02-17 09:00:00,6050.0,6075.0,6025.0,6075.0,10676.0
2020-02-17 10:00:00,6050.0,6050.0,6000.0,6050.0,13737.0
2020-02-17 11:00:00,5950.0,6050.0,5950.0,6050.0,9463.0
2020-02-17 12:00:00,5925.0,5975.0,5900.0,5900.0,13857.0
2020-02-17 13:00:00,5975.0,6000.0,5900.0,5950.0,7364.0
2020-02-17 14:00:00,6025.0,6025.0,5875.0,5950.0,17863.0
2020-02-17 15:00:00,5950.0,5975.0,5900.0,5950.0,7299.0
2020-02-18 09:00:00,6075.0,6075.0,5900.0,5950.0,22599.0
2020-02-18 10:00:00,5925.0,5950.0,5875.0,5925.0,12129.0
2020-02-18 11:00:00,5925.0,5950.0,5850.0,5900.0,14213.0
2020-02-18 12:00:00,5875.0,5925.0,5850.0,5925.0,2567.0
2020-02-18 13:00:00,5900.0,5950.0,5850.0,5950.0,13341.0
2020-02-18 14:00:00,5950.0,6025.0,5950.0,6000.0,30206.0
2020-02-18 15:00:00,6000.0,6025.0,5950.0,6000.0,9846.0
2020-02-19 09:00:00,6225.0,6250.0,6200.0,6250.0,9572.0
2020-02-19 10:00:00,6225.0,6275.0,6200.0,6250.0,14647.0
2020-02-19 11:00:00,6300.0,6300.0,6200.0,6250.0,8631.0
2020-02-19 12:00:00,6000.0,6250.0,6000.0,6150.0,42015.0
2020-02-19 13:00:00,6125.0,6225.0,6100.0,6225.0,18966.0
2020-02-19 14:00:00,6100.0,6125.0,6000.0,6100.0,12459.0
2020-02-19 15:00:00,6225.0,6325.0,6150.0,6300.0,55510.0
2020-02-20 09:00:00,6150.0,6175.0,6100.0,6125.0,9871.0
2020-02-20 10:00:00,6125.0,6150.0,6075.0,6150.0,7769.0
2020-02-20 11:00:00,6175.0,6200.0,6100.0,6175.0,8844.0
2020-02-20 12:00:00,6275.0,6300.0,6175.0,6200.0,18044.0
2020-02-20 13:00:00,6175.0,6225.0,6125.0,6175.0,18564.0
2020-02-20 14:00:00,6175.0,6275.0,6150.0,6225.0,13399.0
2020-02-20 15:00:00,6175.0,6200.0,6125.0,6150.0,4484.0
2020-02-21 09:00:00,6000.0,6150.0,5950.0,6150.0,14337.0
2020-02-21 10:00:00,6125.0,6175.0,6125.0,6175.0,4987.0
2020-02-21 11:00:00,6125.0,6175.0,6050.0,6100.0,3155.0
2020-02-21 12:00:00,6100.0,6125.0,6050.0,6075.0,1879.0
2020-02-21 13:00:00,6100.0,6100.0,6000.0,6050.0,20239.0
2020-02-21 14:00:00,6050.0,6100.0,5975.0,6025.0,12640.0
2020-02-21 15:00:00,6025.0,6075.0,5950.0,6050.0,18359.0
2020-02-24 09:00:00,5825.0,5850.0,5775.0,5825.0,8323.0
2020-02-24 10:00:00,5800.0,5850.0,5800.0,5825.0,8480.0
2020-02-24 11:00:00,5875.0,5875.0,5800.0,5825.0,4906.0
2020-02-24 12:00:00,5875.0,5875.0,5775.0,5875.0,5459.0
2020-02-24 13:00:00,5825.0,5875.0,5800.0,5875.0,6276.0
2020-02-24 14:00:00,5850.0,5875.0,5750.0,5825.0,25200.0
2020-02-24 15:00:00,5900.0,5925.0,5775.0,5850.0,27315.0
2020-02-25 09:00:00,5700.0,5825.0,5600.0,5800.0,20921.0
2020-02-25 10:00:00,5775.0,5875.0,5750.0,5775.0,11170.0
2020-02-25 11:00:00,5825.0,5825.0,5750.0,5800.0,6225.0
2020-02-25 12:00:00,5775.0,5800.0,5750.0,5800.0,6105.0
2020-02-25 13:00:00,5800.0,5825.0,5725.0,5750.0,9008.0
2020-02-25 14:00:00,5775.0,5825.0,5750.0,5825.0,6212.0
2020-02-25 15:00:00,5825.0,5850.0,5800.0,5825.0,6196.0
2020-02-26 09:00:00,5700.0,5700.0,5600.0,5600.0,13893.0
2020-02-26 10:00:00,5675.0,5700.0,5625.0,5700.0,8787.0
2020-02-26 11:00:00,5700.0,5700.0,5650.0,5650.0,4942.0
2020-02-26 12:00:00,5725.0,5750.0,5625.0,5725.0,11046.0
2020-02-26 13:00:00,5650.0,5725.0,5625.0,5700.0,5818.0
2020-02-26 14:00:00,5700.0,5725.0,5625.0,5650.0,16517.0
2020-02-26 15:00:00,5700.0,5775.0,5650.0,5700.0,9740.0
2020-02-27 09:00:00,5275.0,5500.0,5250.0,5350.0,51863.0
2020-02-27 10:00:00,5350.0,5450.0,5325.0,5425.0,27708.0
2020-02-27 11:00:00,5450.0,5450.0,5225.0,5275.0,32757.0
2020-02-27 12:00:00,5650.0,5650.0,5425.0,5475.0,31186.0
2020-02-27 13:00:00,5400.0,5450.0,5325.0,5425.0,14378.0
2020-02-27 14:00:00,5450.0,5475.0,5375.0,5425.0,26134.0
2020-02-27 15:00:00,5400.0,5450.0,5400.0,5450.0,6993.0
2020-02-28 09:00:00,5300.0,5400.0,5150.0,5275.0,24836.0
2020-02-28 10:00:00,5250.0,5275.0,5225.0,5250.0,6916.0
2020-02-28 11:00:00,5250.0,5250.0,5075.0,5100.0,22358.0
2020-02-28 12:00:00,5075.0,5150.0,5000.0,5125.0,52967.0
2020-02-28 13:00:00,5125.0,5175.0,5050.0,5075.0,22404.0
2020-02-28 14:00:00,5050.0,5100.0,4985.0,5050.0,44963.0
2020-02-28 15:00:00,5025.0,5100.0,5000.0,5100.0,14641.0
2020-03-02 09:00:00,5275.0,5300.0,5250.0,5275.0,3010.0
2020-03-02 10:00:00,5250.0,5300.0,5250.0,5300.0,2354.0
2020-03-02 11:00:00,5250.0,5300.0,5200.0,5300.0,7057.0
2020-03-02 12:00:00,5100.0,5225.0,5075.0,5175.0,28146.0
2020-03-02 13:00:00,5225.0,5300.0,5200.0,5275.0,7775.0
2020-03-02 14:00:00,5175.0,5275.0,5150.0,5225.0,7028.0
2020-03-02 15:00:00,5275.0,5300.0,5250.0,5275.0,3128.0
2020-03-03 09:00:00,5350.0,5525.0,5350.0,5475.0,37547.0
2020-03-03 10:00:00,5475.0,5475.0,5400.0,5425.0,9926.0
2020-03-03 11:00:00,5425.0,5450.0,5375.0,5425.0,5128.0
2020-03-03 12:00:00,5425.0,5450.0,5400.0,5450.0,1846.0
2020-03-03 13:00:00,5425.0,5450.0,5275.0,5275.0,14095.0
2020-03-03 14:00:00,5300.0,5300.0,5200.0,5225.0,13996.0
2020-03-03 15:00:00,5200.0,5275.0,5150.0,5275.0,14762.0
2020-03-04 09:00:00,5100.0,5100.0,5075.0,5100.0,12181.0
2020-03-04 10:00:00,5100.0,5150.0,5075.0,5100.0,31015.0
2020-03-04 11:00:00,5150.0,5175.0,5075.0,5125.0,17321.0
2020-03-04 12:00:00,5175.0,5250.0,5175.0,5225.0,15420.0
2020-03-04 13:00:00,5150.0,5150.0,5050.0,5100.0,22236.0
2020-03-04 14:00:00,5225.0,5250.0,5100.0,5100.0,36737.0
2020-03-04 15:00:00,5075.0,5175.0,5075.0,5150.0,14948.0
2020-03-05 09:00:00,5075.0,5100.0,5050.0,5100.0,9706.0
2020-03-05 10:00:00,5100.0,5100.0,5075.0,5075.0,5526.0
2020-03-05 11:00:00,5125.0,5125.0,5050.0,5075.0,7323.0
2020-03-05 12:00:00,5175.0,5200.0,5050.0,5125.0,41471.0
2020-03-05 13:00:00,5100.0,5125.0,5075.0,5100.0,2496.0
2020-03-05 14:00:00,5125.0,5125.0,5050.0,5100.0,6719.0
2020-03-05 15:00:00,5075.0,5125.0,5075.0,5125.0,3721.0
2020-03-06 09:00:00,5000.0,5100.0,4955.0,5075.0,33130.0
2020-03-06 10:00:00,5050.0,5075.0,4990.0,5000.0,7366.0
2020-03-06 11:00:00,4995.0,5075.0,4955.0,5050.0,19985.0
2020-03-06 12:00:00,5025.0,5050.0,5000.0,5025.0,4518.0
2020-03-06 13:00:00,5000.0,5025.0,4990.0,5025.0,3807.0
2020-03-06 14:00:00,5025.0,5025.0,4980.0,4990.0,2515.0
2020-03-06 15:00:00,4990.0,5000.0,4965.0,5000.0,6353.0
2020-03-09 09:00:00,4785.0,4785.0,4730.0,4730.0,24191.0
2020-03-09 10:00:00,4730.0,4740.0,4695.0,4705.0,13258.0
2020-03-09 11:00:00,4775.0,4805.0,4765.0,4775.0,13903.0
2020-03-09 12:00:00,4900.0,4950.0,4795.0,4805.0,38593.0
2020-03-09 13:00:00,4770.0,4775.0,4710.0,4730.0,18182.0
2020-03-09 14:00:00,4810.0,4825.0,4770.0,4770.0,8889.0
2020-03-09 15:00:00,4735.0,4775.0,4735.0,4775.0,6166.0
2020-03-10 09:00:00,4565.0,4690.0,4560.0,4675.0,19532.0
2020-03-10 10:00:00,4675.0,4725.0,4645.0,4660.0,8974.0
2020-03-10 11:00:00,4665.0,4710.0,4620.0,4655.0,7887.0
2020-03-10 12:00:00,4655.0,4690.0,4640.0,4685.0,4454.0
2020-03-10 13:00:00,4680.0,4725.0,4665.0,4725.0,7149.0
2020-03-10 14:00:00,4720.0,4820.0,4720.0,4810.0,16264.0
2020-03-10 15:00:00,4810.0,4825.0,4800.0,4825.0,5358.0
2020-03-11 09:00:00,4645.0,4720.0,4625.0,4685.0,5313.0
2020-03-11 10:00:00,4650.0,4665.0,4600.0,4640.0,6638.0
2020-03-11 11:00:00,4725.0,4740.0,4645.0,4650.0,7811.0
2020-03-11 12:00:00,4725.0,4765.0,4705.0,4755.0,4174.0
2020-03-11 13:00:00,4785.0,4790.0,4720.0,4755.0,8385.0
2020-03-11 14:00:00,4870.0,4870.0,4770.0,4785.0,9452.0
2020-03-11 15:00:00,4755.0,4755.0,4705.0,4735.0,688.0
2020-03-12 09:00:00,4645.0,4645.0,4440.0,4560.0,23146.0
2020-03-12 10:00:00,4575.0,4590.0,3285.0,4355.0,95762.0
2020-03-12 11:00:00,4350.0,4455.0,4235.0,4450.0,21185.0
2020-03-12 12:00:00,4450.0,4475.0,4400.0,4425.0,21314.0
2020-03-12 13:00:00,4425.0,4510.0,4380.0,4500.0,23581.0
2020-03-12 14:00:00,4500.0,4545.0,4460.0,4535.0,12437.0
2020-03-12 15:00:00,4520.0,4535.0,4435.0,4445.0,8043.0
2020-03-13 09:00:00,4170.0,4170.0,4000.0,4000.0,22865.0
2020-03-13 10:00:00,3940.0,4170.0,3850.0,4165.0,62765.0
2020-03-13 11:00:00,3690.0,3940.0,3650.0,3940.0,20774.0
2020-03-13 12:00:00,4020.0,4020.0,3765.0,3765.0,39579.0
2020-03-13 13:00:00,3825.0,3890.0,3715.0,3830.0,29736.0
2020-03-13 14:00:00,3830.0,3890.0,3690.0,3690.0,33443.0
2020-03-13 15:00:00,3915.0,4140.0,3915.0,4020.0,19787.0
2020-03-16 09:00:00,4035.0,4200.0,3945.0,4160.0,42435.0
2020-03-16 10:00:00,4160.0,4205.0,4120.0,4200.0,31826.0
2020-03-16 11:00:00,4205.0,4210.0,4115.0,4135.0,17784.0
2020-03-16 12:00:00,4125.0,4150.0,4070.0,4115.0,17773.0
2020-03-16 13:00:00,4130.0,4130.0,3975.0,4010.0,15730.0
2020-03-16 14:00:00,4000.0,4090.0,3985.0,3995.0,5865.0
2020-03-16 15:00:00,3985.0,4065.0,3930.0,3930.0,21762.0
2020-03-17 09:00:00,3885.0,3975.0,3865.0,3970.0,13298.0
2020-03-17 10:00:00,3865.0,3935.0,3830.0,3920.0,21504.0
2020-03-17 11:00:00,3905.0,3940.0,3815.0,3915.0,11169.0
2020-03-17 12:00:00,3845.0,3950.0,3790.0,3840.0,17840.0
2020-03-17 13:00:00,3815.0,3845.0,3745.0,3775.0,7902.0
2020-03-17 14:00:00,3650.0,3865.0,3650.0,3840.0,32048.0
2020-03-17 15:00:00,3795.0,3905.0,3790.0,3905.0,3628.0
2020-03-18 09:00:00,3940.0,3970.0,3690.0,3700.0,22247.0
2020-03-18 10:00:00,3700.0,3705.0,3560.0,3575.0,20765.0
2020-03-18 11:00:00,3940.0,3955.0,3915.0,3945.0,14863.0
2020-03-18 12:00:00,3925.0,3965.0,3860.0,3930.0,14790.0
2020-03-18 13:00:00,3930.0,3990.0,3910.0,3945.0,12847.0
2020-03-18 14:00:00,3955.0,4040.0,3885.0,3885.0,18380.0
2020-03-18 15:00:00,3935.0,3985.0,3925.0,3945.0,7408.0
2020-03-19 09:00:00,3600.0,3685.0,3350.0,3405.0,27066.0
2020-03-19 10:00:00,3410.0,3510.0,3200.0,3240.0,23111.0
2020-03-19 11:00:00,3200.0,3235.0,2995.0,2995.0,31861.0
2020-03-19 12:00:00,3000.0,3110.0,2815.0,2820.0,52072.0
2020-03-19 13:00:00,2820.0,3070.0,2780.0,3060.0,62805.0
2020-03-19 14:00:00,3060.0,3145.0,2920.0,2940.0,54966.0
2020-03-19 15:00:00,2930.0,3040.0,2895.0,3005.0,14525.0
2020-03-20 09:00:00,3655.0,3750.0,3655.0,3750.0,15905.0
2020-03-20 10:00:00,3715.0,3720.0,3555.0,3675.0,24565.0
2020-03-20 11:00:00,3240.0,3785.0,3240.0,3715.0,91022.0
2020-03-20 12:00:00,2935.0,3155.0,2935.0,3050.0,48618.0
2020-03-20 13:00:00,3120.0,3230.0,3110.0,3225.0,21065.0
2020-03-20 14:00:00,3050.0,3125.0,3045.0,3120.0,12886.0
2020-03-20 15:00:00,3220.0,3250.0,3195.0,3240.0,8669.0
2020-03-23 09:00:00,3570.0,3570.0,3240.0,3330.0,34668.0
2020-03-23 10:00:00,3330.0,3525.0,3315.0,3425.0,16856.0
2020-03-23 11:00:00,3430.0,3470.0,3400.0,3425.0,13342.0
2020-03-23 12:00:00,3425.0,3500.0,3400.0,3470.0,10794.0
2020-03-23 13:00:00,3485.0,3500.0,3435.0,3455.0,4164.0
2020-03-23 14:00:00,3485.0,3485.0,3360.0,3405.0,27582.0
2020-03-23 15:00:00,3405.0,3425.0,3375.0,3425.0,5673.0
2020-03-24 09:00:00,3650.0,3665.0,3595.0,3635.0,10898.0
2020-03-24 10:00:00,3640.0,3670.0,3615.0,3650.0,6646.0
2020-03-24 11:00:00,3630.0,3645.0,3615.0,3625.0,12660.0
2020-03-24 12:00:00,3615.0,3670.0,3595.0,3620.0,20503.0
2020-03-24 13:00:00,3615.0,3710.0,3605.0,3645.0,12740.0
2020-03-24 14:00:00,3630.0,3645.0,3575.0,3620.0,12195.0
2020-03-24 15:00:00,3515.0,3615.0,3515.0,3615.0,25970.0
2020-03-25 09:00:00,3750.0,4290.0,3740.0,4170.0,145266.0
2020-03-25 10:00:00,4140.0,4180.0,4055.0,4070.0,15320.0
2020-03-25 11:00:00,4055.0,4080.0,3995.0,4010.0,12987.0
2020-03-25 12:00:00,4060.0,4060.0,3995.0,4010.0,5017.0
2020-03-25 13:00:00,4005.0,4050.0,3925.0,3945.0,15656.0
2020-03-25 14:00:00,4030.0,4060.0,4010.0,4055.0,9131.0
2020-03-25 15:00:00,3995.0,4060.0,3960.0,4030.0,9739.0
2020-03-26 09:00:00,4055.0,4095.0,4030.0,4065.0,19015.0
2020-03-26 10:00:00,4145.0,4180.0,3980.0,4150.0,35546.0
2020-03-26 11:00:00,4145.0,4145.0,4050.0,4085.0,15639.0
2020-03-26 12:00:00,4100.0,4110.0,4015.0,4110.0,13743.0
2020-03-26 13:00:00,4110.0,4130.0,4095.0,4125.0,5902.0
2020-03-26 14:00:00,4120.0,4160.0,4110.0,4145.0,9996.0
2020-03-26 15:00:00,4145.0,4145.0,4045.0,4070.0,21785.0
2020-03-27 09:00:00,3995.0,4050.0,3980.0,4050.0,7798.0
2020-03-27 10:00:00,4045.0,4065.0,3935.0,4000.0,14020.0
2020-03-27 11:00:00,3985.0,3995.0,3895.0,3995.0,16261.0
2020-03-27 12:00:00,3975.0,3985.0,3885.0,3940.0,34581.0
2020-03-27 13:00:00,4140.0,4155.0,3955.0,3975.0,33359.0
2020-03-27 14:00:00,3940.0,4050.0,3940.0,4030.0,16029.0
2020-03-27 15:00:00,4160.0,4225.0,4095.0,4145.0,40739.0
2020-03-30 09:00:00,4050.0,4395.0,4005.0,4250.0,112996.0
2020-03-30 10:00:00,4250.0,4540.0,4250.0,4510.0,71163.0
2020-03-30 11:00:00,4500.0,4525.0,4470.0,4520.0,27493.0
2020-03-30 12:00:00,4515.0,4560.0,4500.0,4530.0,29396.0
2020-03-30 13:00:00,4545.0,4545.0,4400.0,4460.0,37268.0
2020-03-30 14:00:00,4460.0,4585.0,4460.0,4550.0,38291.0
2020-03-30 15:00:00,4530.0,4560.0,4510.0,4550.0,16532.0
2020-03-31 09:00:00,4910.0,4950.0,4895.0,4910.0,18702.0
2020-03-31 10:00:00,4860.0,4925.0,4745.0,4910.0,34037.0
2020-03-31 11:00:00,4955.0,4955.0,4800.0,4865.0,24535.0
2020-03-31 12:00:00,4795.0,4800.0,4620.0,4665.0,30361.0
2020-03-31 13:00:00,4665.0,4810.0,4650.0,4805.0,30149.0
2020-03-31 14:00:00,4755.0,4935.0,4695.0,4795.0,114479.0
2020-03-31 15:00:00,4805.0,5075.0,4805.0,4955.0,84412.0
2020-04-01 09:00:00,4910.0,4910.0,4650.0,4710.0,39618.0
2020-04-01 10:00:00,4715.0,4720.0,4585.0,4680.0,34111.0
2020-04-01 11:00:00,4900.0,4950.0,4865.0,4910.0,19008.0
2020-04-01 12:00:00,5025.0,5025.0,4865.0,4925.0,45259.0
2020-04-01 13:00:00,4925.0,4975.0,4885.0,4915.0,18956.0
2020-04-01 14:00:00,4915.0,4945.0,4885.0,4900.0,15537.0
2020-04-01 15:00:00,5000.0,5175.0,4865.0,5000.0,98576.0
2020-04-02 09:00:00,4670.0,4670.0,4435.0,4460.0,62100.0
2020-04-02 10:00:00,4450.0,4475.0,4350.0,4455.0,25805.0
2020-04-02 11:00:00,4460.0,4520.0,4455.0,4480.0,20296.0
2020-04-02 12:00:00,4470.0,4630.0,4470.0,4500.0,30800.0
2020-04-02 13:00:00,4495.0,4580.0,4490.0,4535.0,18043.0
2020-04-02 14:00:00,4535.0,4595.0,4490.0,4560.0,18143.0
2020-04-02 15:00:00,4555.0,4670.0,4550.0,4670.0,23964.0
2020-04-03 09:00:00,4885.0,4995.0,4800.0,4965.0,41728.0
2020-04-03 10:00:00,4910.0,4940.0,4865.0,4920.0,21060.0
2020-04-03 11:00:00,4965.0,4975.0,4830.0,4915.0,55632.0
2020-04-03 12:00:00,4910.0,4940.0,4845.0,4890.0,32445.0
2020-04-03 13:00:00,5150.0,5175.0,5000.0,5100.0,71875.0
2020-04-03 14:00:00,5000.0,5200.0,4890.0,5150.0,201218.0
2020-04-03 15:00:00,5075.0,5175.0,4910.0,4910.0,63221.0
2020-04-06 09:00:00,4995.0,5075.0,4930.0,5000.0,79969.0
2020-04-06 10:00:00,5000.0,5075.0,4990.0,5050.0,31150.0
2020-04-06 11:00:00,5050.0,5075.0,5000.0,5075.0,37692.0
2020-04-06 12:00:00,5075.0,5150.0,5025.0,5150.0,34747.0
2020-04-06 13:00:00,5150.0,5175.0,5025.0,5125.0,40985.0
2020-04-06 14:00:00,5100.0,5125.0,5050.0,5125.0,24721.0
2020-04-06 15:00:00,5100.0,5150.0,5100.0,5125.0,26000.0
2020-04-07 09:00:00,4980.0,5025.0,4965.0,5025.0,25510.0
2020-04-07 10:00:00,5025.0,5025.0,4970.0,4985.0,46390.0
2020-04-07 11:00:00,5000.0,5050.0,4985.0,4995.0,12328.0
2020-04-07 12:00:00,5200.0,5225.0,4920.0,4970.0,96240.0
2020-04-07 13:00:00,5000.0,5150.0,5000.0,5025.0,24697.0
2020-04-07 14:00:00,4965.0,5025.0,4945.0,5025.0,36942.0
2020-04-07 15:00:00,5025.0,5050.0,4975.0,4990.0,18301.0
2020-04-08 09:00:00,5000.0,5100.0,5000.0,5100.0,24715.0
2020-04-08 10:00:00,5075.0,5100.0,5000.0,5075.0,21020.0
2020-04-08 11:00:00,4995.0,5000.0,4975.0,5000.0,8457.0
2020-04-08 12:00:00,4995.0,4995.0,4915.0,4980.0,22264.0
2020-04-08 13:00:00,4970.0,5050.0,4960.0,5000.0,15126.0
2020-04-08 14:00:00,4975.0,5025.0,4950.0,4985.0,15621.0
2020-04-08 15:00:00,5025.0,5025.0,4970.0,4990.0,8475.0
2020-04-09 09:00:00,5075.0,5125.0,5000.0,5050.0,17960.0
2020-04-09 10:00:00,5025.0,5050.0,4970.0,4995.0,23720.0
2020-04-09 11:00:00,4995.0,4995.0,4975.0,4980.0,11546.0
2020-04-09 12:00:00,4975.0,5050.0,4970.0,5025.0,11870.0
2020-04-09 13:00:00,5025.0,5025.0,4995.0,5025.0,5582.0
2020-04-09 14:00:00,5000.0,5050.0,4990.0,5025.0,17214.0
2020-04-09 15:00:00,5000.0,5050.0,4995.0,5050.0,9694.0
2020-04-10 09:00:00,4850.0,4945.0,4845.0,4905.0,22830.0
2020-04-10 10:00:00,4905.0,4980.0,4880.0,4975.0,16033.0
2020-04-10 11:00:00,4920.0,4930.0,4850.0,4850.0,10530.0
2020-04-10 12:00:00,4960.0,4975.0,4925.0,4930.0,12693.0
2020-04-10 13:00:00,4930.0,4940.0,4800.0,4930.0,34247.0
2020-04-10 14:00:00,5025.0,5025.0,4950.0,4960.0,22669.0
2020-04-10 15:00:00,4930.0,4950.0,4880.0,4915.0,16166.0
2020-04-13 09:00:00,4975.0,4975.0,4850.0,4890.0,23014.0
2020-04-13 10:00:00,4890.0,4890.0,4835.0,4870.0,11542.0
2020-04-13 11:00:00,4865.0,4870.0,4785.0,4805.0,21990.0
2020-04-13 12:00:00,4805.0,4810.0,4765.0,4770.0,6926.0
2020-04-13 13:00:00,4765.0,4790.0,4745.0,4755.0,16918.0
2020-04-13 14:00:00,4755.0,4760.0,4700.0,4700.0,13561.0
2020-04-13 15:00:00,4700.0,4735.0,4680.0,4735.0,9944.0
2020-04-14 09:00:00,4715.0,4735.0,4700.0,4735.0,18182.0
2020-04-14 10:00:00,4745.0,4755.0,4695.0,4715.0,26981.0
2020-04-14 11:00:00,4755.0,4780.0,4735.0,4750.0,11019.0
2020-04-14 12:00:00,4725.0,4825.0,4690.0,4740.0,24397.0
2020-04-14 13:00:00,4815.0,4820.0,4760.0,4775.0,13159.0
2020-04-14 14:00:00,4745.0,4815.0,4730.0,4815.0,16494.0
2020-04-14 15:00:00,4775.0,4785.0,4755.0,4765.0,8258.0
2020-04-16 09:00:00,4815.0,4850.0,4790.0,4835.0,14217.0
2020-04-16 10:00:00,4825.0,5025.0,4805.0,4965.0,104565.0
2020-04-16 11:00:00,4820.0,4835.0,4800.0,4820.0,5269.0
2020-04-16 12:00:00,4785.0,4785.0,4500.0,4635.0,30050.0
2020-04-16 13:00:00,4755.0,4780.0,4735.0,4780.0,7315.0
2020-04-16 14:00:00,4635.0,4795.0,4630.0,4755.0,30108.0
2020-04-16 15:00:00,4780.0,4880.0,4775.0,4830.0,34783.0
2020-04-17 09:00:00,4965.0,4965.0,4780.0,4855.0,86033.0
2020-04-17 10:00:00,4855.0,4875.0,4820.0,4840.0,24300.0
2020-04-17 11:00:00,4840.0,4855.0,4815.0,4825.0,16055.0
2020-04-17 12:00:00,4830.0,4900.0,4820.0,4900.0,23911.0
2020-04-17 13:00:00,4895.0,4965.0,4880.0,4915.0,35144.0
2020-04-17 14:00:00,4910.0,5075.0,4910.0,5050.0,70661.0
2020-04-17 15:00:00,5050.0,5100.0,5000.0,5075.0,69265.0
2020-04-20 09:00:00,5000.0,5075.0,4995.0,5075.0,22341.0
2020-04-20 10:00:00,5075.0,5100.0,5000.0,5025.0,17097.0
2020-04-20 11:00:00,5050.0,5100.0,5025.0,5050.0,9779.0
2020-04-20 12:00:00,5125.0,5125.0,4970.0,5050.0,56671.0
2020-04-20 13:00:00,5000.0,5025.0,4990.0,5000.0,22463.0
2020-04-20 14:00:00,5025.0,5050.0,4990.0,5025.0,24327.0
2020-04-20 15:00:00,5025.0,5150.0,5000.0,5050.0,39427.0
2020-04-21 09:00:00,4940.0,5050.0,4935.0,4975.0,54313.0
2020-04-21 10:00:00,4995.0,5075.0,4890.0,4895.0,52207.0
2020-04-21 11:00:00,4895.0,4980.0,4660.0,4970.0,91866.0
2020-04-21 12:00:00,4970.0,4980.0,4900.0,4910.0,13914.0
2020-04-21 13:00:00,4915.0,4950.0,4845.0,4950.0,11636.0
2020-04-21 14:00:00,4955.0,4985.0,4910.0,4965.0,15598.0
2020-04-21 15:00:00,4960.0,5025.0,4955.0,5025.0,10097.0
2020-04-22 09:00:00,4955.0,5000.0,4920.0,4995.0,17086.0
2020-04-22 10:00:00,4925.0,4950.0,4915.0,4925.0,2387.0
2020-04-22 11:00:00,4925.0,4970.0,4915.0,4955.0,8765.0
2020-04-22 12:00:00,4890.0,4960.0,4885.0,4945.0,7562.0
2020-04-22 13:00:00,4920.0,4960.0,4885.0,4890.0,10184.0
2020-04-22 14:00:00,4965.0,4965.0,4875.0,4910.0,17360.0
2020-04-22 15:00:00,4945.0,4965.0,4910.0,4930.0,2603.0
2020-04-23 09:00:00,5200.0,5475.0,5175.0,5475.0,134363.0
2020-04-23 10:00:00,5050.0,5125.0,5050.0,5075.0,13618.0
2020-04-23 11:00:00,5075.0,5250.0,5075.0,5175.0,83507.0
2020-04-23 12:00:00,5075.0,5125.0,5000.0,5100.0,27389.0
2020-04-23 13:00:00,5125.0,5125.0,5075.0,5075.0,7305.0
2020-04-23 14:00:00,5075.0,5100.0,5050.0,5075.0,8684.0
2020-04-23 15:00:00,4995.0,5150.0,4965.0,5125.0,84786.0
2020-04-24 09:00:00,5625.0,5625.0,5500.0,5625.0,26825.0
2020-04-24 10:00:00,5400.0,5475.0,5325.0,5375.0,54169.0
2020-04-24 11:00:00,5350.0,5900.0,5350.0,5875.0,238217.0
2020-04-24 12:00:00,5875.0,5925.0,5650.0,5675.0,175941.0
2020-04-24 13:00:00,5650.0,5775.0,5625.0,5650.0,45886.0
2020-04-24 14:00:00,5650.0,5675.0,5475.0,5600.0,82991.0
2020-04-24 15:00:00,5550.0,5650.0,5475.0,5625.0,37272.0
2020-04-27 09:00:00,5600.0,5625.0,5575.0,5600.0,6605.0
2020-04-27 10:00:00,5600.0,5650.0,5600.0,5650.0,10139.0
2020-04-27 11:00:00,5575.0,5650.0,5575.0,5600.0,13199.0
2020-04-27 12:00:00,5675.0,5725.0,5500.0,5525.0,50744.0
2020-04-27 13:00:00,5550.0,5600.0,5550.0,5600.0,7864.0
2020-04-27 14:00:00,5525.0,5575.0,5500.0,5525.0,16290.0
2020-04-27 15:00:00,5600.0,5600.0,5550.0,5575.0,5589.0
2020-04-28 09:00:00,5675.0,5675.0,5500.0,5550.0,29370.0
2020-04-28 10:00:00,5575.0,5575.0,5475.0,5500.0,22402.0
2020-04-28 11:00:00,5500.0,5550.0,5500.0,5525.0,5741.0
2020-04-28 12:00:00,5525.0,5600.0,5525.0,5575.0,3858.0
2020-04-28 13:00:00,5575.0,5575.0,5475.0,5525.0,19388.0
2020-04-28 14:00:00,5525.0,5550.0,5500.0,5525.0,10666.0
2020-04-28 15:00:00,5550.0,5575.0,5500.0,5575.0,9410.0
2020-04-29 09:00:00,5500.0,5650.0,5475.0,5650.0,25247.0
2020-04-29 10:00:00,5600.0,5600.0,5475.0,5525.0,29968.0
2020-04-29 11:00:00,5500.0,5600.0,5475.0,5575.0,30356.0
2020-04-29 12:00:00,5575.0,5600.0,5500.0,5550.0,16064.0
2020-04-29 13:00:00,5525.0,5550.0,5500.0,5500.0,5644.0
2020-04-29 14:00:00,5525.0,5550.0,5475.0,5525.0,9667.0
2020-04-29 15:00:00,5525.0,5550.0,5500.0,5550.0,12014.0
2020-05-04 09:00:00,5875.0,5900.0,5800.0,5900.0,89510.0
2020-05-04 10:00:00,5875.0,5925.0,5850.0,5875.0,32681.0
2020-05-04 11:00:00,5750.0,5925.0,5725.0,5900.0,76126.0
2020-05-04 12:00:00,5625.0,5675.0,5500.0,5575.0,35414.0
2020-05-04 13:00:00,5625.0,5675.0,5600.0,5625.0,15009.0
2020-05-04 14:00:00,5575.0,5625.0,5575.0,5625.0,11369.0
2020-05-04 15:00:00,5650.0,5750.0,5625.0,5750.0,31192.0
2020-05-06 09:00:00,6000.0,6250.0,5925.0,6150.0,157857.0
2020-05-06 10:00:00,6150.0,6225.0,6125.0,6200.0,43164.0
2020-05-06 11:00:00,6200.0,6200.0,6150.0,6175.0,30102.0
2020-05-06 12:00:00,6175.0,6375.0,6150.0,6275.0,168554.0
2020-05-06 13:00:00,6250.0,6350.0,6150.0,6150.0,46254.0
2020-05-06 14:00:00,6175.0,6200.0,6075.0,6075.0,47487.0
2020-05-06 15:00:00,6125.0,6200.0,6075.0,6200.0,22981.0
2020-05-07 09:00:00,6025.0,6050.0,5975.0,6000.0,9932.0
2020-05-07 10:00:00,5975.0,6075.0,5975.0,6000.0,16922.0
2020-05-07 11:00:00,6025.0,6050.0,5975.0,6050.0,14788.0
2020-05-07 12:00:00,6175.0,6375.0,6025.0,6025.0,68747.0
2020-05-07 13:00:00,5975.0,6000.0,5950.0,6000.0,12332.0
2020-05-07 14:00:00,6025.0,6100.0,5950.0,5975.0,45307.0
2020-05-07 15:00:00,6000.0,6050.0,5975.0,6025.0,16303.0
2020-05-08 09:00:00,6075.0,6075.0,5875.0,5875.0,40323.0
2020-05-08 10:00:00,5875.0,5950.0,5825.0,5950.0,49504.0
2020-05-08 11:00:00,5900.0,6025.0,5825.0,5925.0,67216.0
2020-05-08 12:00:00,5925.0,5975.0,5850.0,5850.0,22464.0
2020-05-08 13:00:00,5850.0,5900.0,5850.0,5875.0,13635.0
2020-05-08 14:00:00,5850.0,5875.0,5800.0,5800.0,39427.0
2020-05-08 15:00:00,5800.0,5925.0,5800.0,5900.0,36769.0
2020-05-11 09:00:00,5900.0,6000.0,5875.0,6000.0,13370.0
2020-05-11 10:00:00,6000.0,6025.0,5875.0,5925.0,19661.0
2020-05-11 11:00:00,5950.0,6075.0,5950.0,6000.0,46608.0
2020-05-11 12:00:00,5950.0,6000.0,5900.0,5950.0,8808.0
2020-05-11 13:00:00,5800.0,5875.0,5750.0,5875.0,15458.0
2020-05-11 14:00:00,5825.0,5875.0,5700.0,5775.0,46359.0
2020-05-11 15:00:00,5875.0,6025.0,5875.0,5975.0,34157.0
2020-05-12 09:00:00,5950.0,6025.0,5700.0,5750.0,77016.0
2020-05-12 10:00:00,5750.0,5875.0,5750.0,5875.0,9615.0
2020-05-12 11:00:00,5825.0,5850.0,5800.0,5825.0,6983.0
2020-05-12 12:00:00,5825.0,5850.0,5800.0,5800.0,3079.0
2020-05-12 13:00:00,5800.0,5850.0,5775.0,5850.0,7225.0
2020-05-12 14:00:00,5825.0,5875.0,5825.0,5850.0,4766.0
2020-05-12 15:00:00,5875.0,5875.0,5750.0,5750.0,13620.0
2020-05-13 09:00:00,5800.0,5850.0,5800.0,5850.0,2012.0
2020-05-13 10:00:00,5775.0,5825.0,5725.0,5825.0,8187.0
2020-05-13 11:00:00,5825.0,5850.0,5800.0,5850.0,6119.0
2020-05-13 12:00:00,5825.0,5825.0,5750.0,5750.0,6717.0
2020-05-13 13:00:00,5700.0,5900.0,5625.0,5875.0,34409.0
2020-05-13 14:00:00,5850.0,5875.0,5750.0,5825.0,10969.0
2020-05-13 15:00:00,5750.0,5800.0,5725.0,5775.0,8110.0
2020-05-14 09:00:00,5850.0,5925.0,5725.0,5850.0,27162.0
2020-05-14 10:00:00,5875.0,5875.0,5700.0,5775.0,20605.0
2020-05-14 11:00:00,5775.0,5950.0,5725.0,5950.0,25362.0
2020-05-14 12:00:00,5925.0,6050.0,5875.0,6025.0,29246.0
2020-05-14 13:00:00,6050.0,6125.0,5975.0,6050.0,42858.0
2020-05-14 14:00:00,6000.0,6100.0,6000.0,6050.0,25633.0
2020-05-14 15:00:00,6025.0,6050.0,6000.0,6050.0,13742.0
2020-05-15 09:00:00,6300.0,6350.0,6300.0,6350.0,19122.0
2020-05-15 10:00:00,6400.0,6400.0,6250.0,6325.0,52775.0
2020-05-15 11:00:00,6400.0,6450.0,6275.0,6375.0,31323.0
2020-05-15 12:00:00,6075.0,6450.0,6050.0,6225.0,173206.0
2020-05-15 13:00:00,6375.0,6525.0,6350.0,6525.0,54855.0
2020-05-15 14:00:00,6225.0,6600.0,6200.0,6400.0,237062.0
2020-05-15 15:00:00,6500.0,6525.0,6350.0,6425.0,32278.0
2020-05-18 09:00:00,6175.0,6200.0,6050.0,6050.0,29751.0
2020-05-18 10:00:00,6075.0,6150.0,6000.0,6075.0,29683.0
2020-05-18 11:00:00,6225.0,6225.0,6175.0,6175.0,9780.0
2020-05-18 12:00:00,6350.0,6350.0,6100.0,6200.0,50059.0
2020-05-18 13:00:00,6325.0,6325.0,6225.0,6225.0,9166.0
2020-05-18 14:00:00,6175.0,6350.0,6175.0,6325.0,21803.0
2020-05-18 15:00:00,6225.0,6250.0,6175.0,6200.0,10540.0
2020-05-19 09:00:00,6025.0,6100.0,5825.0,5975.0,53508.0
2020-05-19 10:00:00,5950.0,5975.0,5825.0,5825.0,32149.0
2020-05-19 11:00:00,5850.0,5950.0,5825.0,5900.0,21266.0
2020-05-19 12:00:00,5900.0,5925.0,5900.0,5900.0,12359.0
2020-05-19 13:00:00,5900.0,5925.0,5875.0,5925.0,19802.0
2020-05-19 14:00:00,5900.0,6025.0,5875.0,6025.0,19354.0
2020-05-19 15:00:00,6025.0,6050.0,6000.0,6050.0,10372.0
2020-05-20 09:00:00,6150.0,6175.0,6050.0,6100.0,21356.0
2020-05-20 10:00:00,6075.0,6150.0,6050.0,6150.0,12502.0
2020-05-20 11:00:00,6250.0,6275.0,6150.0,6150.0,11526.0
2020-05-20 12:00:00,6250.0,6300.0,6225.0,6250.0,16210.0
2020-05-20 13:00:00,6200.0,6350.0,6125.0,6275.0,48666.0
2020-05-20 14:00:00,6000.0,6225.0,5950.0,6150.0,40992.0
2020-05-20 15:00:00,6000.0,6000.0,5875.0,5975.0,26955.0
2020-05-21 09:00:00,6100.0,6200.0,6025.0,6175.0,19879.0
2020-05-21 10:00:00,6175.0,6175.0,6025.0,6075.0,24896.0
2020-05-21 11:00:00,6100.0,6175.0,6100.0,6175.0,12287.0
2020-05-21 12:00:00,6175.0,6175.0,6100.0,6100.0,4630.0
2020-05-21 13:00:00,6125.0,6275.0,6100.0,6250.0,16107.0
2020-05-21 14:00:00,6225.0,6350.0,6225.0,6250.0,51957.0
2020-05-21 15:00:00,6300.0,6300.0,6150.0,6300.0,28653.0
2020-05-22 09:00:00,6375.0,6425.0,6300.0,6300.0,40842.0
2020-05-22 10:00:00,6350.0,6425.0,6325.0,6400.0,49501.0
2020-05-22 11:00:00,6300.0,6375.0,6275.0,6350.0,18129.0
2020-05-22 12:00:00,6425.0,6575.0,6325.0,6400.0,73585.0
2020-05-22 13:00:00,6425.0,6425.0,6275.0,6300.0,24931.0
2020-05-22 14:00:00,6400.0,6425.0,6350.0,6400.0,17454.0
2020-05-22 15:00:00,6300.0,6350.0,6175.0,6275.0,36389.0
2020-05-25 09:00:00,6325.0,6350.0,6300.0,6350.0,21879.0
2020-05-25 10:00:00,6325.0,6400.0,6325.0,6400.0,35118.0
2020-05-25 11:00:00,6350.0,6375.0,6300.0,6325.0,20204.0
2020-05-25 12:00:00,6275.0,6375.0,6200.0,6275.0,33850.0
2020-05-25 13:00:00,6325.0,6375.0,6300.0,6325.0,12994.0
2020-05-25 14:00:00,6250.0,6350.0,6175.0,6325.0,28372.0
2020-05-25 15:00:00,6350.0,6350.0,6325.0,6350.0,5726.0
2020-05-26 09:00:00,6400.0,6650.0,6250.0,6575.0,108304.0
2020-05-26 10:00:00,6575.0,6600.0,6450.0,6575.0,48029.0
2020-05-26 11:00:00,6575.0,6800.0,6575.0,6750.0,136053.0
2020-05-26 12:00:00,6750.0,6925.0,6675.0,6900.0,120121.0
2020-05-26 13:00:00,6900.0,6950.0,6800.0,6825.0,86253.0
2020-05-26 14:00:00,6825.0,7125.0,6750.0,7050.0,204683.0
2020-05-26 15:00:00,7050.0,7200.0,6975.0,7200.0,89276.0
2020-05-27 09:00:00,6825.0,6925.0,6775.0,6875.0,39567.0
2020-05-27 10:00:00,6900.0,6925.0,6800.0,6875.0,25650.0
2020-05-27 11:00:00,6925.0,6925.0,6800.0,6875.0,37130.0
2020-05-27 12:00:00,6900.0,6950.0,6875.0,6925.0,8988.0
2020-05-27 13:00:00,6900.0,6925.0,6825.0,6900.0,27463.0
2020-05-27 14:00:00,6975.0,7025.0,6850.0,6875.0,72681.0
2020-05-27 15:00:00,7100.0,7125.0,6950.0,7000.0,117725.0
2020-05-28 09:00:00,6850.0,6875.0,6725.0,6800.0,33116.0
2020-05-28 10:00:00,6800.0,6800.0,6725.0,6750.0,15031.0
2020-05-28 11:00:00,6750.0,6825.0,6725.0,6725.0,18765.0
2020-05-28 12:00:00,6750.0,6775.0,6450.0,6450.0,99467.0
2020-05-28 13:00:00,6475.0,6725.0,6400.0,6650.0,67285.0
2020-05-28 14:00:00,6650.0,6725.0,6575.0,6650.0,32641.0
2020-05-28 15:00:00,6625.0,6725.0,6600.0,6700.0,18713.0
2020-05-29 09:00:00,6475.0,6600.0,6450.0,6600.0,22792.0
2020-05-29 10:00:00,6500.0,6575.0,6425.0,6500.0,28132.0
2020-05-29 11:00:00,6625.0,6625.0,6400.0,6525.0,42806.0
2020-05-29 12:00:00,6625.0,6750.0,6550.0,6600.0,24508.0
2020-05-29 13:00:00,6525.0,6625.0,6500.0,6600.0,12487.0
2020-05-29 14:00:00,6600.0,6625.0,6475.0,6550.0,28959.0
2020-05-29 15:00:00,6625.0,6675.0,6600.0,6625.0,4734.0
2020-06-01 09:00:00,6875.0,7050.0,6875.0,6925.0,86639.0
2020-06-01 10:00:00,6925.0,7150.0,6925.0,7150.0,124339.0
2020-06-01 11:00:00,6825.0,6925.0,6800.0,6900.0,47249.0
2020-06-01 12:00:00,6600.0,6775.0,6550.0,6700.0,31611.0
2020-06-01 13:00:00,6775.0,6825.0,6775.0,6800.0,13659.0
2020-06-01 14:00:00,6700.0,6825.0,6700.0,6800.0,36520.0
2020-06-01 15:00:00,6800.0,6825.0,6750.0,6825.0,13382.0
2020-06-02 09:00:00,7225.0,7250.0,6950.0,7100.0,75432.0
2020-06-02 10:00:00,7075.0,7100.0,7000.0,7000.0,22568.0
2020-06-02 11:00:00,7000.0,7000.0,6925.0,6950.0,23870.0
2020-06-02 12:00:00,6950.0,7000.0,6900.0,7000.0,10379.0
2020-06-02 13:00:00,7000.0,7025.0,6950.0,7000.0,16338.0
2020-06-02 14:00:00,7000.0,7025.0,6950.0,7025.0,22906.0
2020-06-02 15:00:00,7000.0,7025.0,6925.0,7000.0,20197.0
2020-06-03 09:00:00,7075.0,7100.0,7025.0,7100.0,21436.0
2020-06-03 10:00:00,7075.0,7100.0,7000.0,7075.0,18328.0
2020-06-03 11:00:00,6950.0,7125.0,6950.0,7050.0,30169.0
2020-06-03 12:00:00,7050.0,7125.0,6900.0,6975.0,32157.0
2020-06-03 13:00:00,7025.0,7050.0,6950.0,6975.0,22545.0
2020-06-03 14:00:00,6975.0,7100.0,6950.0,7025.0,40076.0
2020-06-03 15:00:00,6975.0,7000.0,6925.0,6950.0,14997.0
2020-06-04 09:00:00,7100.0,7100.0,6850.0,6925.0,41529.0
2020-06-04 10:00:00,6925.0,6975.0,6775.0,6850.0,47387.0
2020-06-04 11:00:00,6800.0,6850.0,6750.0,6825.0,42433.0
2020-06-04 12:00:00,6800.0,6800.0,6700.0,6750.0,25112.0
2020-06-04 13:00:00,6750.0,6850.0,6700.0,6850.0,17382.0
2020-06-04 14:00:00,6850.0,6850.0,6750.0,6825.0,25800.0
2020-06-04 15:00:00,6825.0,6850.0,6800.0,6850.0,14278.0
2020-06-05 09:00:00,6775.0,6775.0,6675.0,6750.0,13580.0
2020-06-05 10:00:00,6675.0,6750.0,6625.0,6725.0,15571.0
2020-06-05 11:00:00,6725.0,6775.0,6700.0,6775.0,16010.0
2020-06-05 12:00:00,6575.0,6600.0,6525.0,6550.0,59168.0
2020-06-05 13:00:00,6650.0,6675.0,6550.0,6575.0,49455.0
2020-06-05 14:00:00,6850.0,6850.0,6600.0,6650.0,54225.0
2020-06-05 15:00:00,6550.0,6675.0,6550.0,6650.0,17388.0
2020-06-08 09:00:00,6325.0,6400.0,6325.0,6400.0,15036.0
2020-06-08 10:00:00,6400.0,6475.0,6375.0,6425.0,31763.0
2020-06-08 11:00:00,6400.0,6425.0,6300.0,6325.0,67691.0
2020-06-08 12:00:00,6450.0,6500.0,6375.0,6375.0,46524.0
2020-06-08 13:00:00,6525.0,6550.0,6425.0,6450.0,55976.0
2020-06-08 14:00:00,6400.0,6450.0,6375.0,6400.0,22558.0
2020-06-08 15:00:00,6750.0,6750.0,6475.0,6525.0,69665.0
2020-06-09 09:00:00,6350.0,6400.0,6275.0,6400.0,24798.0
2020-06-09 10:00:00,6375.0,6450.0,6250.0,6425.0,46182.0
2020-06-09 11:00:00,6425.0,6425.0,6275.0,6350.0,32686.0
2020-06-09 12:00:00,6350.0,6425.0,6325.0,6400.0,20008.0
2020-06-09 13:00:00,6400.0,6425.0,6350.0,6425.0,5275.0
2020-06-09 14:00:00,6425.0,6425.0,6375.0,6400.0,5752.0
2020-06-09 15:00:00,6400.0,6425.0,6275.0,6325.0,29603.0
2020-06-10 09:00:00,6425.0,6525.0,6425.0,6525.0,18667.0
2020-06-10 10:00:00,6500.0,6550.0,6500.0,6550.0,16740.0
2020-06-10 11:00:00,6425.0,6450.0,6400.0,6400.0,9262.0
2020-06-10 12:00:00,6375.0,6525.0,6300.0,6450.0,39901.0
2020-06-10 13:00:00,6425.0,6500.0,6425.0,6450.0,9369.0
2020-06-10 14:00:00,6425.0,6475.0,6425.0,6425.0,6986.0
2020-06-10 15:00:00,6450.0,6475.0,6425.0,6425.0,4278.0
2020-06-11 09:00:00,6550.0,6625.0,6425.0,6450.0,25533.0
2020-06-11 10:00:00,6500.0,6550.0,6450.0,6500.0,9748.0
2020-06-11 11:00:00,6500.0,6525.0,6450.0,6500.0,10877.0
2020-06-11 12:00:00,6475.0,6550.0,6450.0,6525.0,5958.0
2020-06-11 13:00:00,6525.0,6525.0,6475.0,6500.0,8943.0
2020-06-11 14:00:00,6475.0,6525.0,6425.0,6475.0,24319.0
2020-06-11 15:00:00,6450.0,6475.0,6450.0,6475.0,8172.0
2020-06-12 09:00:00,6150.0,6300.0,6150.0,6300.0,23995.0
2020-06-12 10:00:00,6175.0,6250.0,6125.0,6200.0,40275.0
2020-06-12 11:00:00,6225.0,6250.0,6175.0,6200.0,19204.0
2020-06-12 12:00:00,6150.0,6300.0,6025.0,6250.0,87293.0
2020-06-12 13:00:00,6250.0,6300.0,6200.0,6275.0,10247.0
2020-06-12 14:00:00,6250.0,6300.0,6200.0,6250.0,34617.0
2020-06-12 15:00:00,6275.0,6275.0,6150.0,6225.0,18068.0
2020-06-15 09:00:00,6000.0,6000.0,5625.0,5825.0,107547.0
2020-06-15 10:00:00,5800.0,5800.0,5550.0,5650.0,36056.0
2020-06-15 11:00:00,6100.0,6125.0,6000.0,6000.0,27232.0
2020-06-15 12:00:00,6300.0,6300.0,6050.0,6050.0,34777.0
2020-06-15 13:00:00,6075.0,6125.0,6075.0,6100.0,3077.0
2020-06-15 14:00:00,6075.0,6150.0,6025.0,6100.0,14280.0
2020-06-15 15:00:00,6125.0,6175.0,6075.0,6100.0,12738.0
2020-06-16 09:00:00,5825.0,5950.0,5700.0,5900.0,55926.0
2020-06-16 10:00:00,5925.0,5950.0,5775.0,5900.0,18476.0
2020-06-16 11:00:00,5850.0,5900.0,5800.0,5825.0,15750.0
2020-06-16 12:00:00,5825.0,5850.0,5675.0,5750.0,35211.0
2020-06-16 13:00:00,5775.0,5875.0,5700.0,5825.0,29368.0
2020-06-16 14:00:00,5875.0,5925.0,5825.0,5875.0,23501.0
2020-06-16 15:00:00,5900.0,5900.0,5825.0,5900.0,17447.0
2020-06-17 09:00:00,5850.0,6000.0,5850.0,5975.0,9930.0
2020-06-17 10:00:00,5825.0,5900.0,5750.0,5875.0,18211.0
2020-06-17 11:00:00,5800.0,5900.0,5800.0,5825.0,7556.0
2020-06-17 12:00:00,5800.0,6075.0,5750.0,6000.0,54187.0
2020-06-17 13:00:00,5900.0,5950.0,5700.0,5825.0,24669.0
2020-06-17 14:00:00,6000.0,6025.0,5875.0,5925.0,13574.0
2020-06-17 15:00:00,5825.0,5850.0,5750.0,5850.0,8573.0
2020-06-18 09:00:00,6300.0,6300.0,6100.0,6125.0,83219.0
2020-06-18 10:00:00,6100.0,6175.0,6000.0,6050.0,26205.0
2020-06-18 11:00:00,6050.0,6050.0,5925.0,6000.0,20999.0
2020-06-18 12:00:00,5950.0,5975.0,5925.0,5975.0,12459.0
2020-06-18 13:00:00,5950.0,6025.0,5950.0,5975.0,17958.0
2020-06-18 14:00:00,5975.0,6000.0,5925.0,5975.0,14845.0
2020-06-18 15:00:00,5950.0,6050.0,5950.0,6050.0,18069.0
2020-06-19 09:00:00,6350.0,6400.0,6325.0,6375.0,12097.0
2020-06-19 10:00:00,6175.0,6275.0,6175.0,6250.0,22330.0
2020-06-19 11:00:00,6250.0,6425.0,6200.0,6375.0,58066.0
2020-06-19 12:00:00,6175.0,6250.0,6100.0,6200.0,22952.0
2020-06-19 13:00:00,5975.0,6250.0,5975.0,6175.0,36694.0
2020-06-19 14:00:00,6025.0,6025.0,5925.0,6025.0,24539.0
2020-06-19 15:00:00,6200.0,6250.0,6150.0,6200.0,10659.0
2020-06-22 09:00:00,6300.0,6350.0,6275.0,6350.0,10037.0
2020-06-22 10:00:00,6300.0,6325.0,6275.0,6275.0,11624.0
2020-06-22 11:00:00,6275.0,6350.0,6275.0,6300.0,9898.0
2020-06-22 12:00:00,6375.0,6400.0,6325.0,6375.0,10121.0
2020-06-22 13:00:00,6425.0,6450.0,6350.0,6375.0,14168.0
2020-06-22 14:00:00,6350.0,6350.0,6275.0,6300.0,8346.0
2020-06-22 15:00:00,6375.0,6400.0,6250.0,6400.0,22284.0
2020-06-23 09:00:00,6325.0,6350.0,6250.0,6350.0,11527.0
2020-06-23 10:00:00,6350.0,6575.0,6250.0,6400.0,94574.0
2020-06-23 11:00:00,6400.0,6450.0,6200.0,6325.0,70794.0
2020-06-23 12:00:00,6350.0,6400.0,6300.0,6350.0,8428.0
2020-06-23 13:00:00,6350.0,6400.0,6350.0,6350.0,11154.0
2020-06-23 14:00:00,6350.0,6375.0,6325.0,6350.0,6366.0
2020-06-23 15:00:00,6350.0,6375.0,6275.0,6350.0,18460.0
2020-06-24 09:00:00,6450.0,6475.0,6400.0,6450.0,11262.0
2020-06-24 10:00:00,6425.0,6475.0,6425.0,6475.0,11903.0
2020-06-24 11:00:00,6450.0,6500.0,6425.0,6450.0,14417.0
2020-06-24 12:00:00,6550.0,6575.0,6425.0,6450.0,63727.0
2020-06-24 13:00:00,6425.0,6450.0,6400.0,6425.0,5976.0
2020-06-24 14:00:00,6475.0,6475.0,6400.0,6425.0,13925.0
2020-06-24 15:00:00,6450.0,6475.0,6425.0,6475.0,9489.0
2020-06-25 09:00:00,6475.0,6475.0,6325.0,6425.0,20413.0
2020-06-25 10:00:00,6400.0,6575.0,6400.0,6525.0,28156.0
2020-06-25 11:00:00,6525.0,6575.0,6475.0,6575.0,15348.0
2020-06-25 12:00:00,6575.0,6650.0,6525.0,6550.0,29650.0
2020-06-25 13:00:00,6550.0,6600.0,6500.0,6525.0,9456.0
2020-06-25 14:00:00,6550.0,6600.0,6525.0,6575.0,11838.0
2020-06-25 15:00:00,6600.0,6600.0,6500.0,6600.0,13829.0
2020-06-26 09:00:00,6475.0,6550.0,6475.0,6550.0,10205.0
2020-06-26 10:00:00,6550.0,6550.0,6450.0,6525.0,13741.0
2020-06-26 11:00:00,6500.0,6550.0,6475.0,6525.0,7415.0
2020-06-26 12:00:00,6700.0,6700.0,6525.0,6600.0,34669.0
2020-06-26 13:00:00,6500.0,6525.0,6450.0,6475.0,6236.0
2020-06-26 14:00:00,6600.0,6625.0,6475.0,6500.0,22530.0
2020-06-26 15:00:00,6500.0,6525.0,6475.0,6475.0,5019.0
2020-06-29 09:00:00,6375.0,6475.0,6325.0,6375.0,15323.0
2020-06-29 10:00:00,6350.0,6425.0,6350.0,6425.0,7971.0
2020-06-29 11:00:00,6400.0,6425.0,6325.0,6325.0,8786.0
2020-06-29 12:00:00,6425.0,6550.0,6375.0,6550.0,27706.0
2020-06-29 13:00:00,6475.0,6500.0,6375.0,6400.0,10579.0
2020-06-29 14:00:00,6525.0,6575.0,6450.0,6475.0,10780.0
2020-06-29 15:00:00,6375.0,6450.0,6375.0,6425.0,2476.0
2020-06-30 09:00:00,6450.0,6550.0,6400.0,6550.0,19195.0
2020-06-30 10:00:00,6525.0,6550.0,6400.0,6425.0,10731.0
2020-06-30 11:00:00,6425.0,6475.0,6325.0,6425.0,15656.0
2020-06-30 12:00:00,6425.0,6500.0,6425.0,6425.0,4332.0
2020-06-30 13:00:00,6450.0,6500.0,6400.0,6500.0,7948.0
2020-06-30 14:00:00,6475.0,6525.0,6425.0,6425.0,7239.0
2020-06-30 15:00:00,6450.0,6500.0,6425.0,6450.0,6260.0
2020-07-01 09:00:00,6275.0,6300.0,6225.0,6225.0,23735.0
2020-07-01 10:00:00,6250.0,6300.0,6200.0,6300.0,14847.0
2020-07-01 11:00:00,6350.0,6400.0,6250.0,6275.0,23133.0
2020-07-01 12:00:00,6450.0,6450.0,6375.0,6400.0,15932.0
2020-07-01 13:00:00,6375.0,6400.0,6350.0,6375.0,1985.0
2020-07-01 14:00:00,6400.0,6425.0,6350.0,6350.0,8530.0
2020-07-01 15:00:00,6375.0,6400.0,6350.0,6375.0,2947.0
2020-07-02 09:00:00,6275.0,6400.0,6250.0,6375.0,12610.0
2020-07-02 10:00:00,6350.0,6425.0,6300.0,6425.0,15966.0
2020-07-02 11:00:00,6400.0,6425.0,6325.0,6350.0,4694.0
2020-07-02 12:00:00,6325.0,6350.0,6275.0,6325.0,3022.0
2020-07-02 13:00:00,6325.0,6325.0,6250.0,6325.0,16639.0
2020-07-02 14:00:00,6300.0,6325.0,6250.0,6250.0,8466.0
2020-07-02 15:00:00,6275.0,6350.0,6250.0,6350.0,10858.0
2020-07-03 09:00:00,6350.0,6400.0,6325.0,6400.0,7625.0
2020-07-03 10:00:00,6375.0,6400.0,6300.0,6350.0,15276.0
2020-07-03 11:00:00,6400.0,6400.0,6375.0,6375.0,2195.0
2020-07-03 12:00:00,6400.0,6400.0,6375.0,6400.0,2258.0
2020-07-03 13:00:00,6325.0,6425.0,6300.0,6400.0,8915.0
2020-07-03 14:00:00,6325.0,6350.0,6225.0,6325.0,17847.0
2020-07-03 15:00:00,6400.0,6425.0,6375.0,6425.0,2457.0
2020-07-06 09:00:00,6500.0,6500.0,6275.0,6275.0,22056.0
2020-07-06 10:00:00,6300.0,6325.0,6225.0,6275.0,24329.0
2020-07-06 11:00:00,6250.0,6275.0,6225.0,6225.0,13428.0
2020-07-06 12:00:00,6225.0,6275.0,6225.0,6250.0,14975.0
2020-07-06 13:00:00,6225.0,6275.0,6200.0,6225.0,15039.0
2020-07-06 14:00:00,6225.0,6250.0,6200.0,6225.0,12009.0
2020-07-06 15:00:00,6200.0,6225.0,6175.0,6225.0,12382.0
2020-07-07 09:00:00,6175.0,6225.0,6125.0,6225.0,9065.0
2020-07-07 10:00:00,6225.0,6250.0,6125.0,6200.0,10749.0
2020-07-07 11:00:00,6175.0,6275.0,6125.0,6225.0,9513.0
2020-07-07 12:00:00,6275.0,6275.0,6175.0,6200.0,13504.0
2020-07-07 13:00:00,6175.0,6200.0,6150.0,6175.0,7639.0
2020-07-07 14:00:00,6175.0,6200.0,6150.0,6175.0,2901.0
2020-07-07 15:00:00,6200.0,6300.0,6125.0,6275.0,25464.0
2020-07-08 09:00:00,6125.0,6225.0,6125.0,6175.0,12797.0
2020-07-08 10:00:00,6175.0,6225.0,6175.0,6225.0,8385.0
2020-07-08 11:00:00,6200.0,6325.0,6200.0,6325.0,27796.0
2020-07-08 12:00:00,6325.0,6325.0,6250.0,6300.0,16895.0
2020-07-08 13:00:00,6275.0,6275.0,6225.0,6275.0,11194.0
2020-07-08 14:00:00,6250.0,6325.0,6225.0,6325.0,12598.0
2020-07-08 15:00:00,6200.0,6200.0,6100.0,6125.0,16258.0
2020-07-09 09:00:00,6325.0,6325.0,6300.0,6325.0,4450.0
2020-07-09 10:00:00,6325.0,6325.0,6275.0,6325.0,3744.0
2020-07-09 11:00:00,6325.0,6350.0,6275.0,6325.0,11135.0
2020-07-09 12:00:00,6275.0,6275.0,6225.0,6275.0,5455.0
2020-07-09 13:00:00,6225.0,6275.0,6200.0,6250.0,10883.0
2020-07-09 14:00:00,6350.0,6350.0,6200.0,6250.0,16232.0
2020-07-09 15:00:00,6275.0,6325.0,6225.0,6325.0,8525.0
2020-07-10 09:00:00,6425.0,6425.0,6350.0,6400.0,11082.0
2020-07-10 10:00:00,6400.0,6400.0,6350.0,6375.0,5398.0
2020-07-10 11:00:00,6400.0,6425.0,6375.0,6425.0,10482.0
2020-07-10 12:00:00,6275.0,6275.0,6200.0,6275.0,13939.0
2020-07-10 13:00:00,6275.0,6325.0,6225.0,6300.0,10483.0
2020-07-10 14:00:00,6350.0,6350.0,6250.0,6275.0,6427.0
2020-07-10 15:00:00,6325.0,6400.0,6300.0,6400.0,13816.0
2020-07-13 09:00:00,6350.0,6350.0,6225.0,6300.0,24470.0
2020-07-13 10:00:00,6275.0,6300.0,6225.0,6275.0,19359.0
2020-07-13 11:00:00,6250.0,6300.0,6225.0,6275.0,13294.0
2020-07-13 12:00:00,6275.0,6300.0,6225.0,6275.0,11810.0
2020-07-13 13:00:00,6275.0,6275.0,6225.0,6275.0,8512.0
2020-07-13 14:00:00,6275.0,6275.0,6225.0,6250.0,23003.0
2020-07-13 15:00:00,6225.0,6275.0,6200.0,6275.0,17883.0
2020-07-14 09:00:00,6475.0,6525.0,6425.0,6525.0,17870.0
2020-07-14 10:00:00,6475.0,6500.0,6375.0,6450.0,23298.0
2020-07-14 11:00:00,6450.0,6500.0,6425.0,6475.0,13322.0
2020-07-14 12:00:00,6575.0,6675.0,6525.0,6575.0,59256.0
2020-07-14 13:00:00,6300.0,6350.0,6250.0,6325.0,18558.0
2020-07-14 14:00:00,6325.0,6600.0,6300.0,6575.0,103353.0
2020-07-14 15:00:00,6600.0,6625.0,6450.0,6500.0,25059.0
2020-07-15 09:00:00,6550.0,6575.0,6325.0,6425.0,46413.0
2020-07-15 10:00:00,6400.0,6600.0,6400.0,6575.0,27927.0
2020-07-15 11:00:00,6550.0,6575.0,6475.0,6525.0,14388.0
2020-07-15 12:00:00,6500.0,6550.0,6450.0,6500.0,12043.0
2020-07-15 13:00:00,6500.0,6525.0,6450.0,6500.0,13467.0
2020-07-15 14:00:00,6475.0,6500.0,6375.0,6450.0,28189.0
2020-07-15 15:00:00,6425.0,6475.0,6400.0,6400.0,22910.0
2020-07-16 09:00:00,6400.0,6425.0,6350.0,6375.0,9874.0
2020-07-16 10:00:00,6400.0,6450.0,6375.0,6375.0,13265.0
2020-07-16 11:00:00,6350.0,6425.0,6325.0,6425.0,4929.0
2020-07-16 12:00:00,6450.0,6475.0,6400.0,6400.0,9836.0
2020-07-16 13:00:00,6400.0,6475.0,6375.0,6450.0,12906.0
2020-07-16 14:00:00,6400.0,6450.0,6350.0,6375.0,12209.0
2020-07-16 15:00:00,6400.0,6450.0,6400.0,6400.0,3423.0
2020-07-17 09:00:00,6300.0,6350.0,6300.0,6300.0,5677.0
2020-07-17 10:00:00,6300.0,6350.0,6300.0,6300.0,3829.0
2020-07-17 11:00:00,6325.0,6350.0,6275.0,6350.0,8851.0
2020-07-17 12:00:00,6350.0,6350.0,6300.0,6325.0,3221.0
2020-07-17 13:00:00,6375.0,6375.0,6300.0,6350.0,11985.0
2020-07-17 14:00:00,6450.0,6500.0,6350.0,6350.0,18481.0
2020-07-17 15:00:00,6325.0,6350.0,6225.0,6300.0,16173.0
2020-07-20 09:00:00,6300.0,6400.0,6300.0,6300.0,16793.0
2020-07-20 10:00:00,6325.0,6350.0,6250.0,6300.0,11582.0
2020-07-20 11:00:00,6250.0,6325.0,6250.0,6300.0,3216.0
2020-07-20 12:00:00,6300.0,6325.0,6250.0,6325.0,2337.0
2020-07-20 13:00:00,6300.0,6325.0,6250.0,6275.0,3619.0
2020-07-20 14:00:00,6325.0,6325.0,6250.0,6300.0,3065.0
2020-07-20 15:00:00,6300.0,6350.0,6250.0,6325.0,3543.0
2020-07-21 09:00:00,6100.0,6125.0,5975.0,6000.0,30944.0
2020-07-21 10:00:00,6225.0,6225.0,6050.0,6075.0,43025.0
2020-07-21 11:00:00,6075.0,6125.0,5925.0,6125.0,104684.0
2020-07-21 12:00:00,6250.0,6275.0,6175.0,6200.0,28413.0
2020-07-21 13:00:00,6300.0,6325.0,6250.0,6250.0,6571.0
2020-07-21 14:00:00,6175.0,6225.0,6150.0,6225.0,20881.0
2020-07-21 15:00:00,6325.0,6350.0,6250.0,6325.0,17653.0
2020-07-22 09:00:00,6025.0,6100.0,5800.0,5950.0,72262.0
2020-07-22 10:00:00,5950.0,6000.0,5925.0,5950.0,17417.0
2020-07-22 11:00:00,5925.0,5975.0,5875.0,5875.0,19537.0
2020-07-22 12:00:00,5875.0,5925.0,5850.0,5875.0,13923.0
2020-07-22 13:00:00,5900.0,5925.0,5825.0,5875.0,45407.0
2020-07-22 14:00:00,5850.0,5900.0,5850.0,5875.0,17343.0
2020-07-22 15:00:00,5875.0,5925.0,5850.0,5925.0,12579.0
2020-07-23 09:00:00,6175.0,6200.0,6050.0,6175.0,11492.0
2020-07-23 10:00:00,6125.0,6175.0,6075.0,6150.0,23971.0
2020-07-23 11:00:00,5950.0,6125.0,5950.0,6125.0,23579.0
2020-07-23 12:00:00,5950.0,5975.0,5925.0,5925.0,8613.0
2020-07-23 13:00:00,5925.0,5975.0,5925.0,5950.0,3765.0
2020-07-23 14:00:00,5975.0,5975.0,5825.0,5950.0,19351.0
2020-07-23 15:00:00,5950.0,5975.0,5925.0,5950.0,6971.0
2020-07-24 09:00:00,5950.0,6000.0,5925.0,5950.0,18468.0
2020-07-24 10:00:00,5925.0,6025.0,5900.0,6000.0,12971.0
2020-07-24 11:00:00,6025.0,6075.0,5950.0,5950.0,18714.0
2020-07-24 12:00:00,6175.0,6175.0,6100.0,6100.0,6459.0
2020-07-24 13:00:00,6125.0,6125.0,6075.0,6125.0,2907.0
2020-07-24 14:00:00,6125.0,6125.0,6025.0,6025.0,4030.0
2020-07-24 15:00:00,6150.0,6175.0,6025.0,6175.0,9746.0
2020-07-27 09:00:00,5925.0,6100.0,5925.0,5975.0,15432.0
2020-07-27 10:00:00,5975.0,6000.0,5900.0,5925.0,10451.0
2020-07-27 11:00:00,5925.0,5975.0,5900.0,5925.0,8219.0
2020-07-27 12:00:00,5925.0,6000.0,5925.0,5950.0,1976.0
2020-07-27 13:00:00,5950.0,6025.0,5950.0,6000.0,5033.0
2020-07-27 14:00:00,6000.0,6075.0,5975.0,6050.0,11134.0
2020-07-27 15:00:00,6050.0,6100.0,6050.0,6100.0,7305.0
2020-07-28 09:00:00,6050.0,6150.0,6025.0,6075.0,12065.0
2020-07-28 10:00:00,6100.0,6125.0,6025.0,6125.0,8913.0
2020-07-28 11:00:00,6075.0,6100.0,6025.0,6075.0,4592.0
2020-07-28 12:00:00,6025.0,6050.0,6000.0,6050.0,3596.0
2020-07-28 13:00:00,6050.0,6100.0,6025.0,6075.0,6707.0
2020-07-28 14:00:00,6050.0,6125.0,6025.0,6050.0,8653.0
2020-07-28 15:00:00,6100.0,6100.0,6000.0,6050.0,6953.0
2020-07-29 09:00:00,6100.0,6150.0,6075.0,6150.0,15154.0
2020-07-29 10:00:00,6125.0,6150.0,6125.0,6125.0,3533.0
2020-07-29 11:00:00,6150.0,6200.0,6125.0,6175.0,7131.0
2020-07-29 12:00:00,6150.0,6175.0,6150.0,6175.0,1794.0
2020-07-29 13:00:00,6150.0,6200.0,6150.0,6175.0,12260.0
2020-07-29 14:00:00,6175.0,6200.0,6150.0,6200.0,6781.0
2020-07-29 15:00:00,6200.0,6200.0,6175.0,6200.0,2313.0
2020-07-30 09:00:00,6725.0,6800.0,6700.0,6800.0,41907.0
2020-07-30 10:00:00,6850.0,6850.0,6650.0,6750.0,104602.0
2020-07-30 11:00:00,6775.0,6975.0,6725.0,6850.0,85183.0
2020-07-30 12:00:00,6275.0,6525.0,6150.0,6500.0,119145.0
2020-07-30 13:00:00,7025.0,7250.0,6625.0,6700.0,404383.0
2020-07-30 14:00:00,6525.0,6600.0,6475.0,6475.0,51766.0
2020-07-30 15:00:00,6700.0,6875.0,6650.0,6775.0,67766.0
2020-07-31 09:00:00,6525.0,6550.0,6475.0,6525.0,21003.0
2020-07-31 10:00:00,6500.0,6550.0,6475.0,6550.0,29860.0
2020-07-31 11:00:00,6575.0,6600.0,6450.0,6500.0,69193.0
2020-07-31 12:00:00,6725.0,6725.0,6525.0,6675.0,83784.0
2020-07-31 13:00:00,6575.0,6625.0,6550.0,6600.0,18071.0
2020-07-31 14:00:00,6650.0,6700.0,6550.0,6600.0,30366.0
2020-07-31 15:00:00,6600.0,6625.0,6550.0,6550.0,15702.0
2020-08-03 09:00:00,6500.0,6900.0,6500.0,6850.0,119258.0
2020-08-03 10:00:00,6850.0,7200.0,6850.0,7150.0,137719.0
2020-08-03 11:00:00,7150.0,7600.0,7125.0,7425.0,262459.0
2020-08-03 12:00:00,7400.0,7650.0,7375.0,7375.0,121632.0
2020-08-03 13:00:00,7400.0,7425.0,7225.0,7250.0,61360.0
2020-08-03 14:00:00,7250.0,7400.0,7225.0,7400.0,67954.0
2020-08-03 15:00:00,7375.0,7450.0,7325.0,7450.0,48337.0
2020-08-04 09:00:00,7225.0,7250.0,7125.0,7125.0,52421.0
2020-08-04 10:00:00,7175.0,7175.0,7100.0,7175.0,21223.0
2020-08-04 11:00:00,7250.0,7300.0,7225.0,7250.0,16422.0
2020-08-04 12:00:00,7250.0,7300.0,7175.0,7275.0,23737.0
2020-08-04 13:00:00,7325.0,7400.0,7200.0,7375.0,89368.0
2020-08-04 14:00:00,7375.0,7400.0,7225.0,7275.0,29004.0
2020-08-04 15:00:00,7275.0,7275.0,7225.0,7250.0,5587.0
2020-08-05 09:00:00,7375.0,8225.0,7350.0,7950.0,681817.0
2020-08-05 10:00:00,8000.0,8000.0,7625.0,7750.0,204744.0
2020-08-05 11:00:00,7750.0,7775.0,7675.0,7750.0,29887.0
2020-08-05 12:00:00,7725.0,7800.0,7700.0,7800.0,25711.0
2020-08-05 13:00:00,7800.0,7900.0,7725.0,7825.0,63058.0
2020-08-05 14:00:00,7825.0,7925.0,7750.0,7875.0,48917.0
2020-08-05 15:00:00,7875.0,7875.0,7750.0,7825.0,34766.0
2020-08-06 09:00:00,8000.0,8350.0,7950.0,8350.0,130729.0
2020-08-06 10:00:00,7875.0,8075.0,7850.0,8000.0,81067.0
2020-08-06 11:00:00,7675.0,7900.0,7675.0,7900.0,24235.0
2020-08-06 12:00:00,7675.0,7775.0,7600.0,7650.0,72547.0
2020-08-06 13:00:00,7700.0,7700.0,7600.0,7600.0,31965.0
2020-08-06 14:00:00,7650.0,7750.0,7575.0,7700.0,37793.0
2020-08-06 15:00:00,7600.0,7675.0,7575.0,7675.0,19637.0
2020-08-07 09:00:00,8350.0,8425.0,8325.0,8350.0,28005.0
2020-08-07 10:00:00,8350.0,8500.0,8350.0,8475.0,29454.0
2020-08-07 11:00:00,8350.0,8425.0,8325.0,8400.0,21487.0
2020-08-07 12:00:00,8350.0,8450.0,8175.0,8350.0,100417.0
2020-08-07 13:00:00,8450.0,8475.0,8325.0,8350.0,43218.0
2020-08-07 14:00:00,8325.0,8600.0,8275.0,8450.0,90551.0
2020-08-07 15:00:00,8350.0,8425.0,8300.0,8350.0,24361.0
2020-08-10 09:00:00,8475.0,8550.0,8225.0,8350.0,84176.0
2020-08-10 10:00:00,8325.0,8400.0,8250.0,8275.0,29144.0
2020-08-10 11:00:00,8275.0,8400.0,8250.0,8350.0,17805.0
2020-08-10 12:00:00,8375.0,8400.0,8200.0,8350.0,37023.0
2020-08-10 13:00:00,8325.0,8375.0,8275.0,8300.0,12899.0
2020-08-10 14:00:00,8300.0,8400.0,8250.0,8300.0,36658.0
2020-08-10 15:00:00,8300.0,8375.0,8275.0,8375.0,15966.0
2020-08-11 09:00:00,8225.0,8400.0,8200.0,8300.0,41377.0
2020-08-11 10:00:00,8350.0,8350.0,8200.0,8300.0,29628.0
2020-08-11 11:00:00,8250.0,8325.0,8200.0,8225.0,29257.0
2020-08-11 12:00:00,8375.0,8400.0,8175.0,8275.0,44515.0
2020-08-11 13:00:00,8200.0,8425.0,8175.0,8400.0,37036.0
2020-08-11 14:00:00,8275.0,8325.0,8150.0,8175.0,30490.0
2020-08-11 15:00:00,8400.0,8425.0,8250.0,8275.0,15287.0
2020-08-12 09:00:00,8250.0,8325.0,8000.0,8075.0,72320.0
2020-08-12 10:00:00,8050.0,8150.0,8050.0,8100.0,28677.0
2020-08-12 11:00:00,8100.0,8125.0,8050.0,8125.0,24099.0
2020-08-12 12:00:00,8100.0,8125.0,8050.0,8050.0,26930.0
2020-08-12 13:00:00,8050.0,8275.0,8050.0,8200.0,38155.0
2020-08-12 14:00:00,8175.0,8200.0,8125.0,8175.0,25503.0
2020-08-12 15:00:00,8150.0,8175.0,8075.0,8150.0,38530.0
2020-08-13 09:00:00,8180.0,8230.0,8150.0,8210.0,24304.0
2020-08-13 10:00:00,8200.0,8220.0,8100.0,8180.0,63427.0
2020-08-13 11:00:00,8340.0,8340.0,8200.0,8200.0,51413.0
2020-08-13 12:00:00,8350.0,8370.0,8300.0,8340.0,36819.0
2020-08-13 13:00:00,8180.0,8270.0,8150.0,8260.0,40890.0
2020-08-13 14:00:00,8550.0,8570.0,8090.0,8180.0,157661.0
2020-08-13 15:00:00,8270.0,8420.0,8270.0,8340.0,50388.0
2020-08-14 09:00:00,8280.0,8280.0,7970.0,8020.0,70491.0
2020-08-14 10:00:00,7990.0,8020.0,7900.0,8000.0,40352.0
2020-08-14 11:00:00,8000.0,8040.0,7890.0,7900.0,26632.0
2020-08-14 12:00:00,7900.0,7950.0,7850.0,7850.0,23248.0
2020-08-14 13:00:00,7860.0,7860.0,7730.0,7800.0,55806.0
2020-08-14 14:00:00,7790.0,7880.0,7680.0,7790.0,63816.0
2020-08-14 15:00:00,7780.0,7890.0,7740.0,7820.0,25572.0
2020-08-18 09:00:00,7650.0,7660.0,7310.0,7370.0,81263.0
2020-08-18 10:00:00,7620.0,7690.0,7620.0,7650.0,12411.0
2020-08-18 11:00:00,7360.0,7490.0,7230.0,7460.0,45217.0
2020-08-18 12:00:00,7790.0,7860.0,7630.0,7650.0,27052.0
2020-08-18 13:00:00,8000.0,8060.0,7790.0,7800.0,27059.0
2020-08-18 14:00:00,7660.0,7730.0,7610.0,7660.0,21101.0
2020-08-18 15:00:00,7820.0,8020.0,7650.0,7980.0,56588.0
2020-08-19 09:00:00,7610.0,7680.0,7610.0,7680.0,12067.0
2020-08-19 10:00:00,7680.0,7690.0,7560.0,7610.0,27151.0
2020-08-19 11:00:00,7660.0,7680.0,7590.0,7680.0,17118.0
2020-08-19 12:00:00,7390.0,7640.0,7370.0,7570.0,106642.0
2020-08-19 13:00:00,7470.0,7600.0,7470.0,7550.0,19294.0
2020-08-19 14:00:00,7580.0,7600.0,7460.0,7460.0,35751.0
2020-08-19 15:00:00,7550.0,7690.0,7530.0,7660.0,23046.0
2020-08-20 09:00:00,7510.0,7660.0,7410.0,7480.0,32716.0
2020-08-20 10:00:00,7460.0,7460.0,7210.0,7320.0,111393.0
2020-08-20 11:00:00,7320.0,7450.0,7310.0,7340.0,19219.0
2020-08-20 12:00:00,7350.0,7380.0,7230.0,7270.0,32191.0
2020-08-20 13:00:00,7270.0,7380.0,7250.0,7250.0,15278.0
2020-08-20 14:00:00,7260.0,7370.0,7180.0,7200.0,27441.0
2020-08-20 15:00:00,7180.0,7400.0,7180.0,7400.0,19484.0
2020-08-21 09:00:00,7290.0,7370.0,7270.0,7330.0,10863.0
2020-08-21 10:00:00,7340.0,7360.0,7280.0,7290.0,11099.0
2020-08-21 11:00:00,7300.0,7380.0,7290.0,7340.0,18677.0
2020-08-21 12:00:00,7350.0,7400.0,7280.0,7300.0,13918.0
2020-08-21 13:00:00,7390.0,7400.0,7290.0,7350.0,6294.0
2020-08-21 14:00:00,7330.0,7410.0,7300.0,7380.0,5597.0
2020-08-21 15:00:00,7400.0,7440.0,7200.0,7330.0,21241.0
2020-08-24 09:00:00,7320.0,7390.0,7180.0,7330.0,25991.0
2020-08-24 10:00:00,7350.0,7360.0,7320.0,7350.0,7490.0
2020-08-24 11:00:00,7350.0,7400.0,7330.0,7360.0,11316.0
2020-08-24 12:00:00,7360.0,7390.0,7350.0,7370.0,12892.0
2020-08-24 13:00:00,7360.0,7390.0,7350.0,7380.0,3374.0
2020-08-24 14:00:00,7370.0,7410.0,7320.0,7340.0,17416.0
2020-08-24 15:00:00,7330.0,7410.0,7320.0,7410.0,9366.0
2020-08-25 09:00:00,7580.0,7590.0,7520.0,7580.0,10498.0
2020-08-25 10:00:00,7550.0,7590.0,7500.0,7580.0,9588.0
2020-08-25 11:00:00,7570.0,7620.0,7510.0,7590.0,14235.0
2020-08-25 12:00:00,7590.0,7600.0,7490.0,7580.0,20017.0
2020-08-25 13:00:00,7530.0,7630.0,7480.0,7580.0,22911.0
2020-08-25 14:00:00,7410.0,7590.0,7350.0,7550.0,34678.0
2020-08-25 15:00:00,7580.0,7590.0,7490.0,7560.0,7132.0
2020-08-26 09:00:00,7700.0,7700.0,7550.0,7590.0,52796.0
2020-08-26 10:00:00,7590.0,7590.0,7460.0,7590.0,25225.0
2020-08-26 11:00:00,7590.0,7760.0,7580.0,7750.0,22743.0
2020-08-26 12:00:00,7750.0,7780.0,7720.0,7760.0,10335.0
2020-08-26 13:00:00,7760.0,7760.0,7700.0,7700.0,12816.0
2020-08-26 14:00:00,7720.0,7760.0,7700.0,7750.0,7014.0
2020-08-26 15:00:00,7750.0,7790.0,7710.0,7780.0,15305.0
2020-08-27 09:00:00,7720.0,7760.0,7680.0,7750.0,18403.0
2020-08-27 10:00:00,7730.0,7790.0,7700.0,7740.0,55927.0
2020-08-27 11:00:00,7740.0,7780.0,7700.0,7710.0,23302.0
2020-08-27 12:00:00,7720.0,7740.0,7680.0,7740.0,14010.0
2020-08-27 13:00:00,7790.0,7800.0,7700.0,7700.0,33387.0
2020-08-27 14:00:00,7710.0,7860.0,7600.0,7790.0,59791.0
2020-08-27 15:00:00,7740.0,7760.0,7700.0,7710.0,14822.0
2020-08-28 09:00:00,8190.0,8220.0,8180.0,8220.0,43107.0
2020-08-28 10:00:00,8140.0,8160.0,8020.0,8060.0,82756.0
2020-08-28 11:00:00,8070.0,8210.0,8050.0,8190.0,31097.0
2020-08-28 12:00:00,8110.0,8200.0,8100.0,8140.0,23404.0
2020-08-28 13:00:00,8120.0,8200.0,8040.0,8130.0,50595.0
2020-08-28 14:00:00,7780.0,8330.0,7780.0,8120.0,194875.0
2020-08-28 15:00:00,8130.0,8230.0,8100.0,8170.0,42502.0
2020-08-31 09:00:00,8080.0,8130.0,7910.0,7980.0,252922.0
2020-08-31 10:00:00,7990.0,7990.0,7890.0,7940.0,113244.0
2020-08-31 11:00:00,7940.0,8260.0,7900.0,8200.0,110047.0
2020-08-31 12:00:00,8200.0,8250.0,8020.0,8130.0,61289.0
2020-08-31 13:00:00,8120.0,8150.0,8010.0,8100.0,43098.0
2020-08-31 14:00:00,8090.0,8120.0,8000.0,8120.0,32049.0
2020-08-31 15:00:00,8100.0,8230.0,8090.0,8110.0,39233.0
2020-09-01 09:00:00,8430.0,8730.0,8420.0,8550.0,250424.0
2020-09-01 10:00:00,8560.0,8700.0,8530.0,8660.0,66337.0
2020-09-01 11:00:00,8370.0,8430.0,8300.0,8430.0,61299.0
2020-09-01 12:00:00,8130.0,8310.0,8120.0,8200.0,111435.0
2020-09-01 13:00:00,8190.0,8400.0,8120.0,8380.0,86434.0
2020-09-01 14:00:00,8380.0,8440.0,8360.0,8370.0,55665.0
2020-09-01 15:00:00,8160.0,8230.0,8000.0,8130.0,91896.0
2020-09-02 09:00:00,8910.0,9140.0,8880.0,9030.0,135898.0
2020-09-02 10:00:00,9030.0,9070.0,8850.0,8900.0,55328.0
2020-09-02 11:00:00,8910.0,8970.0,8700.0,8830.0,87248.0
2020-09-02 12:00:00,8830.0,8830.0,8620.0,8650.0,100709.0
2020-09-02 13:00:00,8650.0,8680.0,8560.0,8560.0,119262.0
2020-09-02 14:00:00,8570.0,8600.0,8440.0,8490.0,82078.0
2020-09-02 15:00:00,9360.0,9400.0,8730.0,8920.0,439668.0
2020-09-03 09:00:00,8330.0,8420.0,8300.0,8420.0,33777.0
2020-09-03 10:00:00,8380.0,8400.0,8310.0,8330.0,67199.0
2020-09-03 11:00:00,8360.0,8420.0,8310.0,8370.0,59196.0
2020-09-03 12:00:00,8540.0,8540.0,8300.0,8360.0,76596.0
2020-09-03 13:00:00,8410.0,8730.0,8370.0,8540.0,93617.0
2020-09-03 14:00:00,8480.0,8610.0,8210.0,8400.0,161047.0
2020-09-03 15:00:00,8350.0,8420.0,8320.0,8360.0,40220.0
2020-09-04 09:00:00,8150.0,8200.0,8120.0,8160.0,15734.0
2020-09-04 10:00:00,8160.0,8180.0,8110.0,8120.0,29164.0
2020-09-04 11:00:00,8170.0,8190.0,8080.0,8150.0,24115.0
2020-09-04 12:00:00,8140.0,8170.0,8050.0,8110.0,86611.0
2020-09-04 13:00:00,8110.0,8140.0,8060.0,8130.0,44085.0
2020-09-04 14:00:00,7900.0,8250.0,7900.0,8130.0,163204.0
2020-09-04 15:00:00,8130.0,8190.0,8110.0,8170.0,20783.0
2020-09-07 09:00:00,8040.0,8220.0,8040.0,8110.0,65973.0
2020-09-07 10:00:00,8110.0,8190.0,8080.0,8100.0,32724.0
2020-09-07 11:00:00,8100.0,8100.0,7970.0,8070.0,49735.0
2020-09-07 12:00:00,8070.0,8180.0,8000.0,8180.0,19330.0
2020-09-07 13:00:00,8180.0,8180.0,8050.0,8140.0,35203.0
2020-09-07 14:00:00,8130.0,8140.0,8060.0,8120.0,15040.0
2020-09-07 15:00:00,8090.0,8140.0,8070.0,8140.0,14983.0
2020-09-08 09:00:00,8110.0,8160.0,8060.0,8160.0,30413.0
2020-09-08 10:00:00,8300.0,8310.0,8150.0,8160.0,38423.0
2020-09-08 11:00:00,8170.0,8190.0,8100.0,8110.0,46506.0
2020-09-08 12:00:00,8390.0,8430.0,8280.0,8300.0,34207.0
2020-09-08 13:00:00,8140.0,8300.0,8050.0,8270.0,75860.0
2020-09-08 14:00:00,8270.0,8460.0,8260.0,8390.0,91727.0
2020-09-08 15:00:00,8300.0,8320.0,8250.0,8310.0,17525.0
2020-09-09 09:00:00,8060.0,8060.0,7840.0,7860.0,144807.0
2020-09-09 10:00:00,7860.0,7970.0,7860.0,7960.0,47178.0
2020-09-09 11:00:00,7960.0,7970.0,7900.0,7950.0,13181.0
2020-09-09 12:00:00,7950.0,8030.0,7920.0,7940.0,19433.0
2020-09-09 13:00:00,7940.0,7940.0,7860.0,7870.0,36937.0
2020-09-09 14:00:00,7860.0,7910.0,7800.0,7820.0,79357.0
2020-09-09 15:00:00,7820.0,7830.0,7790.0,7800.0,28009.0
2020-09-10 09:00:00,7840.0,7880.0,7820.0,7880.0,15800.0
2020-09-10 10:00:00,7750.0,7870.0,7720.0,7830.0,26611.0
2020-09-10 11:00:00,7800.0,7820.0,7710.0,7740.0,42601.0
2020-09-10 12:00:00,7890.0,8290.0,7890.0,8070.0,143468.0
2020-09-10 13:00:00,7980.0,7980.0,7840.0,7870.0,41478.0
2020-09-10 14:00:00,8070.0,8070.0,7890.0,7980.0,47628.0
2020-09-10 15:00:00,7860.0,7870.0,7800.0,7800.0,48019.0
2020-09-11 09:00:00,7780.0,7880.0,7710.0,7820.0,31044.0
2020-09-11 10:00:00,7820.0,7880.0,7800.0,7880.0,8226.0
2020-09-11 11:00:00,7780.0,7800.0,7750.0,7790.0,15363.0
2020-09-11 12:00:00,7880.0,8020.0,7830.0,7850.0,118227.0
2020-09-11 13:00:00,7860.0,7880.0,7780.0,7790.0,39132.0
2020-09-11 14:00:00,7840.0,7930.0,7830.0,7860.0,18195.0
2020-09-11 15:00:00,7790.0,7800.0,7750.0,7770.0,15093.0
2020-09-14 09:00:00,7850.0,7850.0,7630.0,7650.0,96739.0
2020-09-14 10:00:00,7690.0,7770.0,7650.0,7660.0,45212.0
2020-09-14 11:00:00,7680.0,7700.0,7620.0,7630.0,44115.0
2020-09-14 12:00:00,7640.0,7720.0,7630.0,7720.0,22917.0
2020-09-14 13:00:00,7730.0,7730.0,7690.0,7700.0,16427.0
2020-09-14 14:00:00,7700.0,7720.0,7680.0,7710.0,11286.0
2020-09-14 15:00:00,7720.0,7720.0,7690.0,7710.0,10163.0
2020-09-15 09:00:00,7580.0,7620.0,7570.0,7590.0,23696.0
2020-09-15 10:00:00,7570.0,7600.0,7530.0,7580.0,39416.0
2020-09-15 11:00:00,7600.0,7600.0,7550.0,7570.0,21608.0
2020-09-15 12:00:00,7560.0,7620.0,7550.0,7550.0,46261.0
2020-09-15 13:00:00,7550.0,7600.0,7550.0,7570.0,15994.0
2020-09-15 14:00:00,7710.0,7800.0,7550.0,7570.0,87603.0
2020-09-15 15:00:00,7560.0,7620.0,7550.0,7590.0,22258.0
2020-09-16 09:00:00,7600.0,7760.0,7600.0,7720.0,82670.0
2020-09-16 10:00:00,7740.0,7830.0,7720.0,7800.0,47098.0
2020-09-16 11:00:00,7800.0,7850.0,7790.0,7820.0,28593.0
2020-09-16 12:00:00,7820.0,7830.0,7770.0,7810.0,17040.0
2020-09-16 13:00:00,7800.0,7840.0,7760.0,7800.0,19950.0
2020-09-16 14:00:00,7800.0,7820.0,7700.0,7780.0,40489.0
2020-09-16 15:00:00,7740.0,7820.0,7740.0,7820.0,14740.0
2020-09-17 09:00:00,7620.0,7630.0,7600.0,7610.0,16426.0
2020-09-17 10:00:00,7640.0,7650.0,7550.0,7620.0,46343.0
2020-09-17 11:00:00,7630.0,7650.0,7590.0,7640.0,20194.0
2020-09-17 12:00:00,7840.0,7840.0,7540.0,7710.0,61529.0
2020-09-17 13:00:00,7710.0,7720.0,7670.0,7680.0,11294.0
2020-09-17 14:00:00,7710.0,7780.0,7690.0,7710.0,23208.0
2020-09-17 15:00:00,7680.0,7700.0,7600.0,7630.0,16630.0
2020-09-18 09:00:00,8530.0,8720.0,8480.0,8660.0,408175.0
2020-09-18 10:00:00,8650.0,9290.0,8590.0,8800.0,1262587.0
2020-09-18 11:00:00,8880.0,9180.0,8230.0,8530.0,1252679.0
2020-09-18 12:00:00,7610.0,9580.0,7600.0,9350.0,1757073.0
2020-09-18 13:00:00,8840.0,9600.0,8450.0,9220.0,1949327.0
2020-09-18 14:00:00,9350.0,9420.0,8650.0,8850.0,1438883.0
2020-09-18 15:00:00,9240.0,9390.0,8830.0,8860.0,1092991.0
2020-09-21 09:00:00,8660.0,8890.0,8450.0,8560.0,432687.0
2020-09-21 10:00:00,8570.0,8720.0,8540.0,8660.0,92520.0
2020-09-21 11:00:00,8660.0,8660.0,8490.0,8570.0,94836.0
2020-09-21 12:00:00,8570.0,8570.0,8400.0,8420.0,109011.0
2020-09-21 13:00:00,8420.0,8460.0,8340.0,8440.0,55556.0
2020-09-21 14:00:00,8440.0,8440.0,8140.0,8400.0,165086.0
2020-09-21 15:00:00,8400.0,8460.0,8300.0,8430.0,107416.0
2020-09-22 09:00:00,8520.0,8560.0,8280.0,8430.0,101938.0
2020-09-22 10:00:00,8450.0,8550.0,8420.0,8530.0,87020.0
2020-09-22 11:00:00,8680.0,8770.0,8390.0,8530.0,215450.0
2020-09-22 12:00:00,8390.0,8400.0,8180.0,8260.0,213091.0
2020-09-22 13:00:00,8320.0,8350.0,8220.0,8280.0,45528.0
2020-09-22 14:00:00,8270.0,8370.0,8210.0,8350.0,51803.0
2020-09-22 15:00:00,8280.0,8900.0,8280.0,8690.0,358309.0
2020-09-23 09:00:00,8690.0,8850.0,8500.0,8530.0,432874.0
2020-09-23 10:00:00,8540.0,8700.0,8430.0,8650.0,135247.0
2020-09-23 11:00:00,8650.0,8880.0,8620.0,8810.0,225057.0
2020-09-23 12:00:00,8820.0,8870.0,8640.0,8850.0,116527.0
2020-09-23 13:00:00,8840.0,9070.0,8800.0,9060.0,290829.0
2020-09-23 14:00:00,9060.0,9100.0,8830.0,9000.0,266394.0
2020-09-23 15:00:00,8990.0,9100.0,8920.0,9100.0,112455.0
2020-09-24 09:00:00,8680.0,8700.0,8540.0,8660.0,37784.0
2020-09-24 10:00:00,8690.0,8730.0,8250.0,8670.0,143543.0
2020-09-24 11:00:00,8730.0,8830.0,8670.0,8710.0,71078.0
2020-09-24 12:00:00,8740.0,8800.0,8690.0,8710.0,54223.0
2020-09-24 13:00:00,8940.0,8970.0,8760.0,8810.0,134781.0
2020-09-24 14:00:00,8940.0,9060.0,8800.0,8940.0,371045.0
2020-09-24 15:00:00,8810.0,8810.0,8630.0,8740.0,149025.0
2020-09-25 09:00:00,8790.0,8980.0,8560.0,8850.0,259302.0
2020-09-25 10:00:00,8840.0,8870.0,8580.0,8620.0,101311.0
2020-09-25 11:00:00,8620.0,8660.0,8600.0,8620.0,31575.0
2020-09-25 12:00:00,8620.0,8750.0,8610.0,8710.0,35000.0
2020-09-25 13:00:00,8710.0,8730.0,8640.0,8670.0,32354.0
2020-09-25 14:00:00,8660.0,8700.0,8590.0,8640.0,50920.0
2020-09-25 15:00:00,8670.0,8670.0,8560.0,8580.0,51690.0
2020-09-28 09:00:00,8490.0,8530.0,8470.0,8530.0,19205.0
2020-09-28 10:00:00,8440.0,8530.0,8430.0,8500.0,27358.0
2020-09-28 11:00:00,8490.0,8520.0,8450.0,8470.0,22367.0
2020-09-28 12:00:00,8570.0,8590.0,8490.0,8520.0,28786.0
2020-09-28 13:00:00,8500.0,8680.0,8370.0,8430.0,114670.0
2020-09-28 14:00:00,8510.0,8530.0,8440.0,8440.0,41432.0
2020-09-28 15:00:00,8430.0,8560.0,8370.0,8560.0,70765.0
2020-09-29 09:00:00,8530.0,8570.0,8390.0,8430.0,82940.0
2020-09-29 10:00:00,8430.0,8430.0,8310.0,8390.0,81899.0
2020-09-29 11:00:00,8400.0,8480.0,8380.0,8420.0,20057.0
2020-09-29 12:00:00,8430.0,8460.0,8380.0,8400.0,15505.0
2020-09-29 13:00:00,8410.0,8510.0,8410.0,8470.0,22282.0
2020-09-29 14:00:00,8460.0,8500.0,8440.0,8460.0,12596.0
2020-09-29 15:00:00,8470.0,8500.0,8470.0,8470.0,23811.0
2020-10-05 09:00:00,8940.0,9030.0,8920.0,8990.0,53570.0
2020-10-05 10:00:00,8910.0,8940.0,8800.0,8940.0,50825.0
2020-10-05 11:00:00,8950.0,9020.0,8890.0,8930.0,58325.0
2020-10-05 12:00:00,8610.0,8880.0,8600.0,8830.0,163798.0
2020-10-05 13:00:00,8830.0,9030.0,8810.0,9030.0,135527.0
2020-10-05 14:00:00,8480.0,8630.0,8420.0,8600.0,99285.0
2020-10-05 15:00:00,9010.0,9030.0,8900.0,8940.0,74571.0
2020-10-06 09:00:00,9560.0,9730.0,9450.0,9700.0,452216.0
2020-10-06 10:00:00,9700.0,9740.0,9520.0,9720.0,188734.0
2020-10-06 11:00:00,9590.0,10500.0,9540.0,9570.0,1702051.0
2020-10-06 12:00:00,9450.0,9770.0,9420.0,9600.0,382767.0
2020-10-06 13:00:00,9620.0,9620.0,9460.0,9470.0,94346.0
2020-10-06 14:00:00,9050.0,9520.0,9020.0,9460.0,390449.0
2020-10-06 15:00:00,9480.0,9650.0,9470.0,9620.0,79238.0
2020-10-07 09:00:00,9600.0,9840.0,9540.0,9800.0,243448.0
2020-10-07 10:00:00,9800.0,9800.0,9610.0,9700.0,73033.0
2020-10-07 11:00:00,9700.0,9720.0,9650.0,9650.0,34003.0
2020-10-07 12:00:00,9650.0,9700.0,9630.0,9690.0,22772.0
2020-10-07 13:00:00,9690.0,9710.0,9650.0,9680.0,36955.0
2020-10-07 14:00:00,9690.0,9830.0,9650.0,9720.0,90159.0
2020-10-07 15:00:00,9720.0,9760.0,9690.0,9710.0,30144.0
2020-10-08 09:00:00,10000.0,10100.0,9970.0,9980.0,113162.0
2020-10-08 10:00:00,9980.0,10150.0,9900.0,10000.0,93902.0
2020-10-08 11:00:00,10200.0,10300.0,9990.0,10000.0,180866.0
2020-10-08 12:00:00,9850.0,10150.0,9830.0,10050.0,384516.0
2020-10-08 13:00:00,10000.0,10400.0,10000.0,10300.0,323271.0
2020-10-08 14:00:00,9670.0,9880.0,9670.0,9850.0,218783.0
2020-10-08 15:00:00,10250.0,10300.0,10150.0,10200.0,53007.0
2020-10-12 09:00:00,10000.0,10050.0,9610.0,9860.0,235740.0
2020-10-12 10:00:00,9870.0,9890.0,9710.0,9790.0,51543.0
2020-10-12 11:00:00,9780.0,9790.0,9660.0,9700.0,81999.0
2020-10-12 12:00:00,9700.0,9750.0,9660.0,9710.0,41951.0
2020-10-12 13:00:00,9700.0,9760.0,9700.0,9740.0,29421.0
2020-10-12 14:00:00,9740.0,9820.0,9710.0,9790.0,47054.0
2020-10-12 15:00:00,9800.0,9800.0,9750.0,9750.0,30939.0
2020-10-13 09:00:00,9650.0,9730.0,9650.0,9700.0,29342.0
2020-10-13 10:00:00,9630.0,9680.0,9580.0,9650.0,56620.0
2020-10-13 11:00:00,9710.0,9730.0,9500.0,9630.0,83953.0
2020-10-13 12:00:00,9780.0,9830.0,9710.0,9710.0,61277.0
2020-10-13 13:00:00,9850.0,9850.0,9760.0,9770.0,61234.0
2020-10-13 14:00:00,9850.0,10150.0,9750.0,9850.0,236525.0
2020-10-13 15:00:00,9780.0,9840.0,9760.0,9760.0,46486.0
2020-10-14 09:00:00,9700.0,10100.0,9690.0,9780.0,214654.0
2020-10-14 10:00:00,9790.0,9840.0,9720.0,9750.0,51104.0
2020-10-14 11:00:00,9740.0,9780.0,9690.0,9690.0,41158.0
2020-10-14 12:00:00,9690.0,9700.0,9600.0,9630.0,51090.0
2020-10-14 13:00:00,9640.0,9720.0,9640.0,9660.0,35282.0
2020-10-14 14:00:00,9660.0,9690.0,9500.0,9550.0,71715.0
2020-10-14 15:00:00,9550.0,9600.0,9350.0,9600.0,47323.0
2020-10-15 09:00:00,9400.0,9490.0,9350.0,9370.0,38703.0
2020-10-15 10:00:00,9310.0,9530.0,9290.0,9480.0,79310.0
2020-10-15 11:00:00,9370.0,9450.0,9330.0,9450.0,19601.0
2020-10-15 12:00:00,9430.0,9470.0,9280.0,9300.0,34677.0
2020-10-15 13:00:00,9400.0,9470.0,9330.0,9440.0,42664.0
2020-10-15 14:00:00,9310.0,9410.0,9290.0,9310.0,35608.0
2020-10-15 15:00:00,9670.0,9700.0,9260.0,9400.0,105446.0
2020-10-16 09:00:00,9330.0,9440.0,9310.0,9400.0,32597.0
2020-10-16 10:00:00,8970.0,9420.0,8970.0,9330.0,85653.0
2020-10-16 11:00:00,8990.0,9060.0,8860.0,8970.0,83286.0
2020-10-16 12:00:00,9170.0,9260.0,9060.0,9090.0,105233.0
2020-10-16 13:00:00,9090.0,9140.0,8810.0,8970.0,181441.0
2020-10-16 14:00:00,9640.0,9690.0,9040.0,9160.0,170825.0
2020-10-16 15:00:00,8970.0,9040.0,8890.0,8990.0,61544.0
2020-10-19 09:00:00,9240.0,9300.0,9020.0,9170.0,68579.0
2020-10-19 10:00:00,9170.0,9260.0,9150.0,9180.0,16602.0
2020-10-19 11:00:00,9170.0,9240.0,9110.0,9160.0,21524.0
2020-10-19 12:00:00,9150.0,9160.0,9090.0,9110.0,24901.0
2020-10-19 13:00:00,9110.0,9190.0,9100.0,9130.0,21690.0
2020-10-19 14:00:00,9110.0,9220.0,9030.0,9060.0,48413.0
2020-10-19 15:00:00,9030.0,9120.0,9030.0,9100.0,13489.0
2020-10-20 09:00:00,9040.0,9090.0,8990.0,9070.0,44924.0
2020-10-20 10:00:00,9120.0,9230.0,9050.0,9050.0,125944.0
2020-10-20 11:00:00,9150.0,9160.0,9110.0,9130.0,19861.0
2020-10-20 12:00:00,8990.0,9040.0,8940.0,9000.0,22550.0
2020-10-20 13:00:00,9060.0,9170.0,8910.0,8990.0,78590.0
2020-10-20 14:00:00,9000.0,9270.0,9000.0,9060.0,127260.0
2020-10-20 15:00:00,9020.0,9200.0,9020.0,9150.0,32519.0
2020-10-21 09:00:00,9080.0,9400.0,9050.0,9230.0,221017.0
2020-10-21 10:00:00,9230.0,9320.0,9170.0,9260.0,70366.0
2020-10-21 11:00:00,9280.0,9400.0,9220.0,9370.0,32048.0
2020-10-21 12:00:00,9370.0,9490.0,9330.0,9450.0,81483.0
2020-10-21 13:00:00,9450.0,9650.0,9390.0,9610.0,106440.0
2020-10-21 14:00:00,9610.0,9650.0,9460.0,9640.0,73419.0
2020-10-21 15:00:00,9640.0,9650.0,9590.0,9590.0,37111.0
2020-10-22 09:00:00,9390.0,9540.0,9370.0,9530.0,48111.0
2020-10-22 10:00:00,9530.0,9660.0,9520.0,9660.0,46399.0
2020-10-22 11:00:00,9370.0,9420.0,9350.0,9390.0,19734.0
2020-10-22 12:00:00,9420.0,9440.0,9370.0,9370.0,7182.0
2020-10-22 13:00:00,9450.0,9450.0,9350.0,9440.0,31218.0
2020-10-22 14:00:00,9430.0,9550.0,9410.0,9420.0,26706.0
2020-10-22 15:00:00,9520.0,9520.0,9270.0,9410.0,63816.0
2020-10-23 09:00:00,9720.0,9750.0,9700.0,9700.0,22711.0
2020-10-23 10:00:00,9640.0,9750.0,9610.0,9720.0,21250.0
2020-10-23 11:00:00,9710.0,9710.0,9610.0,9700.0,31379.0
2020-10-23 12:00:00,9710.0,9890.0,9310.0,9600.0,183279.0
2020-10-23 13:00:00,9670.0,9720.0,9600.0,9700.0,29298.0
2020-10-23 14:00:00,9620.0,9710.0,9600.0,9690.0,37034.0
2020-10-23 15:00:00,9700.0,9750.0,9670.0,9710.0,14285.0
2020-10-26 09:00:00,9700.0,9780.0,9490.0,9500.0,67107.0
2020-10-26 10:00:00,9500.0,9640.0,9460.0,9530.0,23185.0
2020-10-26 11:00:00,9500.0,9540.0,9450.0,9530.0,17883.0
2020-10-26 12:00:00,9530.0,9530.0,9470.0,9520.0,5239.0
2020-10-26 13:00:00,9530.0,9530.0,9420.0,9490.0,25000.0
2020-10-26 14:00:00,9430.0,9500.0,9400.0,9450.0,12954.0
2020-10-26 15:00:00,9460.0,9500.0,9350.0,9490.0,18135.0
2020-10-27 09:00:00,9140.0,9330.0,9120.0,9300.0,24955.0
2020-10-27 10:00:00,9160.0,9190.0,9040.0,9140.0,46413.0
2020-10-27 11:00:00,9230.0,9250.0,9120.0,9160.0,47323.0
2020-10-27 12:00:00,9350.0,9360.0,9210.0,9250.0,37555.0
2020-10-27 13:00:00,9400.0,9550.0,9390.0,9430.0,33818.0
2020-10-27 14:00:00,9420.0,9470.0,9260.0,9330.0,49182.0
2020-10-27 15:00:00,9350.0,9570.0,9300.0,9390.0,41248.0
2020-10-28 09:00:00,9180.0,9290.0,9130.0,9230.0,38684.0
2020-10-28 10:00:00,9210.0,9480.0,9200.0,9290.0,41287.0
2020-10-28 11:00:00,9280.0,9350.0,9250.0,9300.0,5922.0
2020-10-28 12:00:00,9300.0,9300.0,9260.0,9290.0,3752.0
2020-10-28 13:00:00,9290.0,9440.0,9290.0,9400.0,25300.0
2020-10-28 14:00:00,9390.0,9410.0,9330.0,9370.0,17568.0
2020-10-28 15:00:00,9360.0,9380.0,9340.0,9340.0,7514.0
2020-10-29 09:00:00,9410.0,9410.0,9330.0,9390.0,9717.0
2020-10-29 10:00:00,9390.0,9480.0,9370.0,9460.0,22694.0
2020-10-29 11:00:00,9260.0,9410.0,9220.0,9410.0,13976.0
2020-10-29 12:00:00,9280.0,9300.0,9230.0,9240.0,7827.0
2020-10-29 13:00:00,9240.0,9310.0,9170.0,9300.0,35252.0
2020-10-29 14:00:00,9180.0,9400.0,9180.0,9250.0,56281.0
2020-10-29 15:00:00,9290.0,9300.0,9230.0,9270.0,9293.0
2020-10-30 09:00:00,9490.0,9660.0,9430.0,9560.0,43606.0
2020-10-30 10:00:00,9560.0,9580.0,9420.0,9490.0,26613.0
2020-10-30 11:00:00,9480.0,9540.0,9470.0,9500.0,24083.0
2020-10-30 12:00:00,9480.0,9520.0,9450.0,9480.0,21468.0
2020-10-30 13:00:00,9490.0,9770.0,9490.0,9600.0,79672.0
2020-10-30 14:00:00,9600.0,9600.0,9430.0,9480.0,59628.0
2020-10-30 15:00:00,9450.0,9640.0,9450.0,9610.0,66274.0
2020-11-02 09:00:00,10450.0,10650.0,10400.0,10500.0,109181.0
2020-11-02 10:00:00,10500.0,10650.0,10450.0,10450.0,142617.0
2020-11-02 11:00:00,10450.0,10650.0,10300.0,10500.0,145293.0
2020-11-02 12:00:00,9820.0,10800.0,9760.0,10450.0,1470487.0
2020-11-02 13:00:00,10600.0,10600.0,10350.0,10400.0,106912.0
2020-11-02 14:00:00,10450.0,10700.0,10250.0,10600.0,431906.0
2020-11-02 15:00:00,10450.0,10450.0,10300.0,10450.0,68890.0
2020-11-03 09:00:00,10350.0,10500.0,10300.0,10400.0,39997.0
2020-11-03 10:00:00,10400.0,10550.0,10350.0,10500.0,54714.0
2020-11-03 11:00:00,10550.0,10550.0,10350.0,10400.0,67114.0
2020-11-03 12:00:00,10350.0,10550.0,10150.0,10250.0,290419.0
2020-11-03 13:00:00,10300.0,10350.0,10250.0,10350.0,53834.0
2020-11-03 14:00:00,10300.0,10350.0,10200.0,10200.0,56068.0
2020-11-03 15:00:00,10300.0,10550.0,10300.0,10550.0,88366.0
2020-11-04 09:00:00,10400.0,10500.0,10150.0,10150.0,182383.0
2020-11-04 10:00:00,10100.0,10300.0,9870.0,10250.0,306110.0
2020-11-04 11:00:00,10250.0,10250.0,10050.0,10150.0,31303.0
2020-11-04 12:00:00,10150.0,10250.0,10050.0,10050.0,40181.0
2020-11-04 13:00:00,10050.0,10200.0,10000.0,10150.0,57101.0
2020-11-04 14:00:00,10100.0,10150.0,10000.0,10000.0,56946.0
2020-11-04 15:00:00,10000.0,10100.0,10000.0,10100.0,47508.0
2020-11-05 09:00:00,10550.0,10650.0,10450.0,10650.0,52718.0
2020-11-05 10:00:00,10650.0,10650.0,10500.0,10600.0,49968.0
2020-11-05 11:00:00,10500.0,10650.0,10500.0,10550.0,22552.0
2020-11-05 12:00:00,10500.0,10650.0,10500.0,10500.0,24381.0
2020-11-05 13:00:00,10550.0,10650.0,10450.0,10500.0,60216.0
2020-11-05 14:00:00,10750.0,10900.0,10550.0,10550.0,268969.0
2020-11-05 15:00:00,10300.0,10900.0,10250.0,10700.0,595497.0
2020-11-06 09:00:00,10700.0,11850.0,10600.0,11350.0,1804799.0
2020-11-06 10:00:00,11350.0,11350.0,10950.0,11100.0,393588.0
2020-11-06 11:00:00,11150.0,11250.0,11100.0,11150.0,134992.0
2020-11-06 12:00:00,11100.0,11200.0,11100.0,11150.0,64343.0
2020-11-06 13:00:00,11100.0,11250.0,11050.0,11150.0,117177.0
2020-11-06 14:00:00,11100.0,11250.0,11050.0,11200.0,88424.0
2020-11-06 15:00:00,11250.0,11400.0,11200.0,11200.0,139270.0
2020-11-09 09:00:00,11100.0,11400.0,11100.0,11400.0,35818.0
2020-11-09 10:00:00,11150.0,11300.0,11100.0,11150.0,58500.0
2020-11-09 11:00:00,11400.0,11400.0,11150.0,11200.0,45577.0
2020-11-09 12:00:00,11250.0,11500.0,11150.0,11250.0,206019.0
2020-11-09 13:00:00,11150.0,11400.0,11100.0,11300.0,93788.0
2020-11-09 14:00:00,11250.0,11850.0,11100.0,11200.0,483759.0
2020-11-09 15:00:00,11350.0,11400.0,11250.0,11400.0,21961.0
2020-11-10 09:00:00,11250.0,11300.0,11100.0,11150.0,31200.0
2020-11-10 10:00:00,11150.0,11250.0,11150.0,11200.0,24545.0
2020-11-10 11:00:00,10950.0,11300.0,10900.0,11300.0,58918.0
2020-11-10 12:00:00,11450.0,11450.0,10850.0,11100.0,145085.0
2020-11-10 13:00:00,11050.0,11100.0,10750.0,11000.0,98744.0
2020-11-10 14:00:00,11150.0,11150.0,11000.0,11100.0,42307.0
2020-11-10 15:00:00,10950.0,11050.0,10900.0,10950.0,26496.0
2020-11-11 09:00:00,11350.0,11350.0,10900.0,11050.0,103620.0
2020-11-11 10:00:00,11000.0,11050.0,10900.0,10950.0,39938.0
2020-11-11 11:00:00,11000.0,11050.0,10950.0,11000.0,41193.0
2020-11-11 12:00:00,11000.0,11000.0,10800.0,10800.0,62918.0
2020-11-11 13:00:00,10900.0,10900.0,10650.0,10700.0,105746.0
2020-11-11 14:00:00,10650.0,10800.0,10350.0,10550.0,152018.0
2020-11-11 15:00:00,10500.0,10650.0,10300.0,10300.0,85404.0
2020-11-12 09:00:00,10450.0,10700.0,10400.0,10650.0,58791.0
2020-11-12 10:00:00,10650.0,10700.0,10600.0,10700.0,19429.0
2020-11-12 11:00:00,10500.0,10500.0,10400.0,10400.0,15920.0
2020-11-12 12:00:00,10550.0,10550.0,10400.0,10450.0,16176.0
2020-11-12 13:00:00,10500.0,10600.0,10450.0,10550.0,23926.0
2020-11-12 14:00:00,10650.0,10650.0,10450.0,10500.0,33256.0
2020-11-12 15:00:00,10400.0,10700.0,10350.0,10650.0,87555.0
2020-11-13 09:00:00,10600.0,11150.0,10600.0,10900.0,382967.0
2020-11-13 10:00:00,10900.0,11050.0,10850.0,11000.0,46470.0
2020-11-13 11:00:00,11000.0,11000.0,10850.0,10950.0,24106.0
2020-11-13 12:00:00,10950.0,11000.0,10900.0,10950.0,14886.0
2020-11-13 13:00:00,11000.0,11150.0,10900.0,11000.0,80045.0
2020-11-13 14:00:00,11000.0,11100.0,10900.0,11000.0,49405.0
2020-11-13 15:00:00,11000.0,11000.0,10850.0,10900.0,42231.0
2020-11-16 09:00:00,10400.0,10700.0,10400.0,10500.0,42809.0
2020-11-16 10:00:00,10500.0,10650.0,10400.0,10450.0,128452.0
2020-11-16 11:00:00,10750.0,10800.0,10500.0,10500.0,57426.0
2020-11-16 12:00:00,11000.0,11150.0,10550.0,10900.0,93787.0
2020-11-16 13:00:00,10850.0,10900.0,10750.0,10850.0,27023.0
2020-11-16 14:00:00,10850.0,11000.0,10750.0,10850.0,33404.0
2020-11-16 15:00:00,10850.0,10850.0,10700.0,10750.0,25078.0
2020-11-17 09:00:00,9980.0,10050.0,9950.0,9990.0,53196.0
2020-11-17 10:00:00,9990.0,10300.0,9990.0,10300.0,48809.0
2020-11-17 11:00:00,9990.0,10000.0,9910.0,9980.0,41163.0
2020-11-17 12:00:00,10300.0,10400.0,9920.0,9950.0,458396.0
2020-11-17 13:00:00,9800.0,9980.0,9790.0,9930.0,68532.0
2020-11-17 14:00:00,9960.0,9970.0,9790.0,9790.0,227575.0
2020-11-17 15:00:00,9940.0,10100.0,9910.0,9980.0,50517.0
2020-11-18 09:00:00,10100.0,10150.0,9990.0,10050.0,94285.0
2020-11-18 10:00:00,10050.0,10300.0,10050.0,10200.0,54938.0
2020-11-18 11:00:00,10150.0,10350.0,10150.0,10200.0,29721.0
2020-11-18 12:00:00,10250.0,10250.0,10050.0,10100.0,47692.0
2020-11-18 13:00:00,10100.0,10650.0,10050.0,10400.0,329718.0
2020-11-18 14:00:00,10450.0,10600.0,10350.0,10450.0,124538.0
2020-11-18 15:00:00,10450.0,10550.0,10400.0,10500.0,38025.0
2020-11-19 09:00:00,10950.0,11050.0,10900.0,11000.0,83471.0
2020-11-19 10:00:00,10950.0,10950.0,10850.0,10950.0,25648.0
2020-11-19 11:00:00,10850.0,10950.0,10750.0,10900.0,48927.0
2020-11-19 12:00:00,10650.0,11050.0,10500.0,11050.0,176096.0
2020-11-19 13:00:00,11000.0,11000.0,10850.0,10950.0,38298.0
2020-11-19 14:00:00,11000.0,11200.0,10850.0,11000.0,151142.0
2020-11-19 15:00:00,10850.0,10950.0,10800.0,10850.0,19701.0
2020-11-20 09:00:00,11000.0,11100.0,10700.0,10700.0,96397.0
2020-11-20 10:00:00,10700.0,10950.0,10700.0,10900.0,26606.0
2020-11-20 11:00:00,10850.0,11050.0,10850.0,11000.0,19838.0
2020-11-20 12:00:00,10950.0,11000.0,10900.0,10950.0,27879.0
2020-11-20 13:00:00,10900.0,10950.0,10850.0,10900.0,15854.0
2020-11-20 14:00:00,10900.0,10950.0,10750.0,10800.0,46963.0
2020-11-20 15:00:00,10800.0,10900.0,10800.0,10850.0,25089.0
2020-11-23 09:00:00,10850.0,10950.0,10850.0,10950.0,40578.0
2020-11-23 10:00:00,10850.0,10900.0,10800.0,10850.0,15988.0
2020-11-23 11:00:00,10900.0,10900.0,10800.0,10850.0,16734.0
2020-11-23 12:00:00,10850.0,10900.0,10800.0,10850.0,30050.0
2020-11-23 13:00:00,10900.0,10950.0,10800.0,10800.0,42364.0
2020-11-23 14:00:00,10850.0,10950.0,10650.0,10900.0,74819.0
2020-11-23 15:00:00,10900.0,10900.0,10750.0,10800.0,30087.0
2020-11-24 09:00:00,10600.0,10700.0,10550.0,10600.0,44010.0
2020-11-24 10:00:00,10800.0,10900.0,10750.0,10750.0,19648.0
2020-11-24 11:00:00,10750.0,10800.0,10600.0,10600.0,61094.0
2020-11-24 12:00:00,10800.0,10850.0,10750.0,10800.0,23303.0
2020-11-24 13:00:00,10750.0,10850.0,10700.0,10850.0,44261.0
2020-11-24 14:00:00,10750.0,10950.0,10750.0,10850.0,33045.0
2020-11-24 15:00:00,11050.0,11100.0,10700.0,10700.0,39025.0
2020-11-25 09:00:00,10450.0,10450.0,10300.0,10300.0,25929.0
2020-11-25 10:00:00,10550.0,10650.0,10300.0,10400.0,94555.0
2020-11-25 11:00:00,10400.0,10500.0,10300.0,10450.0,30093.0
2020-11-25 12:00:00,10450.0,10550.0,10300.0,10350.0,42424.0
2020-11-25 13:00:00,10350.0,10500.0,10350.0,10400.0,16219.0
2020-11-25 14:00:00,10350.0,10450.0,10250.0,10350.0,44947.0
2020-11-25 15:00:00,10350.0,10500.0,10250.0,10450.0,42510.0
2020-11-26 09:00:00,10250.0,10350.0,10150.0,10200.0,24737.0
2020-11-26 10:00:00,10250.0,10300.0,10150.0,10200.0,35012.0
2020-11-26 11:00:00,10250.0,10300.0,10150.0,10250.0,29855.0
2020-11-26 12:00:00,10250.0,10600.0,10100.0,10450.0,136502.0
2020-11-26 13:00:00,10250.0,10350.0,10150.0,10200.0,34087.0
2020-11-26 14:00:00,10400.0,10450.0,10250.0,10300.0,21930.0
2020-11-26 15:00:00,10200.0,10300.0,10200.0,10200.0,11572.0
2020-11-27 09:00:00,10200.0,10500.0,10050.0,10150.0,36364.0
2020-11-27 10:00:00,10150.0,10200.0,10000.0,10150.0,92840.0
2020-11-27 11:00:00,10100.0,10200.0,10100.0,10200.0,12521.0
2020-11-27 12:00:00,10200.0,10400.0,10150.0,10350.0,25898.0
2020-11-27 13:00:00,10350.0,10450.0,10250.0,10400.0,32311.0
2020-11-27 14:00:00,10400.0,10450.0,10350.0,10400.0,24862.0
2020-11-27 15:00:00,10400.0,10550.0,10350.0,10550.0,43015.0
2020-11-30 09:00:00,10250.0,10300.0,10200.0,10250.0,22252.0
2020-11-30 10:00:00,10300.0,10400.0,10250.0,10250.0,37048.0
2020-11-30 11:00:00,10350.0,10400.0,10300.0,10350.0,33832.0
2020-11-30 12:00:00,10600.0,10600.0,10300.0,10500.0,58312.0
2020-11-30 13:00:00,10400.0,10400.0,10250.0,10350.0,19589.0
2020-11-30 14:00:00,10500.0,10500.0,10250.0,10400.0,32327.0
2020-11-30 15:00:00,10300.0,10400.0,10300.0,10350.0,11842.0
2020-12-01 09:00:00,10400.0,10500.0,10350.0,10500.0,17262.0
2020-12-01 10:00:00,10450.0,10500.0,10400.0,10450.0,18495.0
2020-12-01 11:00:00,10250.0,10400.0,10250.0,10400.0,18101.0
2020-12-01 12:00:00,10400.0,10450.0,10200.0,10400.0,40830.0
2020-12-01 13:00:00,10250.0,10400.0,10250.0,10350.0,18420.0
2020-12-01 14:00:00,10350.0,10400.0,10250.0,10250.0,11634.0
2020-12-01 15:00:00,10300.0,10400.0,10250.0,10300.0,10183.0
2020-12-02 09:00:00,10500.0,10850.0,10500.0,10650.0,102759.0
2020-12-02 10:00:00,10650.0,10700.0,10600.0,10650.0,20228.0
2020-12-02 11:00:00,10650.0,10650.0,10500.0,10650.0,19615.0
2020-12-02 12:00:00,10650.0,10650.0,10550.0,10550.0,10716.0
2020-12-02 13:00:00,10550.0,10550.0,10400.0,10550.0,27278.0
2020-12-02 14:00:00,10500.0,10700.0,10450.0,10600.0,45294.0
2020-12-02 15:00:00,10600.0,10800.0,10600.0,10750.0,56018.0
2020-12-03 09:00:00,11200.0,11200.0,11050.0,11150.0,37581.0
2020-12-03 10:00:00,10900.0,11200.0,10900.0,11150.0,105692.0
2020-12-03 11:00:00,10900.0,11000.0,10850.0,10950.0,41424.0
2020-12-03 12:00:00,10850.0,10950.0,10750.0,10800.0,92863.0
2020-12-03 13:00:00,10800.0,10850.0,10750.0,10800.0,23304.0
2020-12-03 14:00:00,10800.0,10850.0,10750.0,10800.0,27642.0
2020-12-03 15:00:00,10800.0,11000.0,10750.0,10900.0,95540.0
2020-12-04 09:00:00,11150.0,11250.0,10900.0,11150.0,149346.0
2020-12-04 10:00:00,11150.0,11200.0,11000.0,11050.0,69597.0
2020-12-04 11:00:00,11050.0,11150.0,11000.0,11150.0,30462.0
2020-12-04 12:00:00,11150.0,11200.0,10950.0,11200.0,82598.0
2020-12-04 13:00:00,11150.0,11300.0,11150.0,11250.0,70157.0
2020-12-04 14:00:00,11250.0,11250.0,11050.0,11100.0,20344.0
2020-12-04 15:00:00,11150.0,11150.0,11050.0,11150.0,13302.0
2020-12-07 09:00:00,11900.0,11950.0,11850.0,11850.0,66588.0
2020-12-07 10:00:00,11850.0,12000.0,11750.0,11800.0,71805.0
2020-12-07 11:00:00,11800.0,11950.0,11750.0,11950.0,55101.0
2020-12-07 12:00:00,11750.0,12000.0,11700.0,11950.0,94044.0
2020-12-07 13:00:00,11950.0,12100.0,11700.0,11750.0,313079.0
2020-12-07 14:00:00,11250.0,11950.0,11250.0,11950.0,524926.0
2020-12-07 15:00:00,12000.0,12550.0,11750.0,11800.0,699578.0
2020-12-08 09:00:00,11650.0,11700.0,11500.0,11500.0,35528.0
2020-12-08 10:00:00,11750.0,11800.0,11550.0,11700.0,46054.0
2020-12-08 11:00:00,11700.0,11750.0,11550.0,11600.0,41379.0
2020-12-08 12:00:00,11500.0,11550.0,11400.0,11450.0,40050.0
2020-12-08 13:00:00,11600.0,11650.0,11450.0,11500.0,66637.0
2020-12-08 14:00:00,11450.0,11800.0,11400.0,11750.0,45182.0
2020-12-08 15:00:00,11850.0,12150.0,11500.0,11600.0,209963.0
2020-12-09 09:00:00,11750.0,11850.0,11500.0,11650.0,77467.0
2020-12-09 10:00:00,11500.0,11700.0,11450.0,11550.0,61830.0
2020-12-09 11:00:00,11500.0,11700.0,11400.0,11700.0,57403.0
2020-12-09 12:00:00,11700.0,11950.0,11650.0,11900.0,114039.0
2020-12-09 13:00:00,11850.0,12000.0,11850.0,11900.0,78374.0
2020-12-09 14:00:00,11950.0,12000.0,11850.0,11950.0,39228.0
2020-12-09 15:00:00,11950.0,12100.0,11700.0,11750.0,178124.0
2020-12-10 09:00:00,11800.0,11900.0,11700.0,11850.0,67389.0
2020-12-10 10:00:00,11800.0,11850.0,11800.0,11850.0,22018.0
2020-12-10 11:00:00,11800.0,11950.0,11700.0,11800.0,80635.0
2020-12-10 12:00:00,11650.0,11850.0,11500.0,11750.0,69616.0
2020-12-10 13:00:00,11750.0,11900.0,11750.0,11850.0,28754.0
2020-12-10 14:00:00,11750.0,11800.0,11600.0,11750.0,39921.0
2020-12-10 15:00:00,11850.0,11950.0,11750.0,11750.0,27761.0
2020-12-11 09:00:00,12150.0,12600.0,12050.0,12450.0,484602.0
2020-12-11 10:00:00,12450.0,13150.0,12400.0,12650.0,606552.0
2020-12-11 11:00:00,12650.0,12700.0,12300.0,12350.0,130309.0
2020-12-11 12:00:00,12350.0,12500.0,12300.0,12400.0,65660.0
2020-12-11 13:00:00,12350.0,12400.0,12200.0,12250.0,85066.0
2020-12-11 14:00:00,12200.0,12300.0,11900.0,12050.0,206619.0
2020-12-11 15:00:00,12050.0,12600.0,12050.0,12600.0,116931.0
2020-12-14 09:00:00,13550.0,13550.0,13400.0,13500.0,67505.0
2020-12-14 10:00:00,13450.0,13550.0,13250.0,13550.0,194527.0
2020-12-14 11:00:00,13150.0,13500.0,13000.0,13500.0,224773.0
2020-12-14 12:00:00,12600.0,12900.0,12050.0,12750.0,220868.0
2020-12-14 13:00:00,12750.0,13000.0,12750.0,12950.0,82582.0
2020-12-14 14:00:00,12750.0,12850.0,12650.0,12800.0,72956.0
2020-12-14 15:00:00,12950.0,13350.0,12850.0,13150.0,234368.0
2020-12-15 09:00:00,14150.0,14650.0,11000.0,11800.0,3374620.0
2020-12-15 10:00:00,11800.0,11850.0,11250.0,11650.0,716448.0
2020-12-15 11:00:00,13900.0,14250.0,13900.0,14150.0,143197.0
2020-12-15 12:00:00,13850.0,14800.0,13400.0,14000.0,886912.0
2020-12-15 13:00:00,14100.0,14250.0,13900.0,14000.0,101737.0
2020-12-15 14:00:00,13950.0,14250.0,13900.0,14050.0,146551.0
2020-12-15 15:00:00,14000.0,14100.0,13850.0,13900.0,106454.0
2020-12-16 09:00:00,13350.0,13400.0,12100.0,12350.0,3543452.0
2020-12-16 10:00:00,12300.0,12800.0,12150.0,12500.0,707953.0
2020-12-16 11:00:00,12450.0,12600.0,12400.0,12400.0,194189.0
2020-12-16 12:00:00,12400.0,12700.0,12350.0,12450.0,231485.0
2020-12-16 13:00:00,12500.0,12500.0,12050.0,12300.0,481846.0
2020-12-16 14:00:00,12300.0,12350.0,11600.0,11800.0,647950.0
2020-12-16 15:00:00,11800.0,11850.0,11650.0,11800.0,215049.0
2020-12-17 09:00:00,11200.0,11200.0,11000.0,11050.0,124176.0
2020-12-17 10:00:00,11100.0,11150.0,11050.0,11100.0,38095.0
2020-12-17 11:00:00,11150.0,11200.0,11100.0,11150.0,58800.0
2020-12-17 12:00:00,11800.0,11900.0,10650.0,11150.0,941707.0
2020-12-17 13:00:00,11000.0,11200.0,10850.0,11200.0,148833.0
2020-12-17 14:00:00,11150.0,11150.0,10950.0,10950.0,208835.0
2020-12-17 15:00:00,11200.0,11250.0,11050.0,11200.0,56821.0
2020-12-18 09:00:00,11150.0,11350.0,11050.0,11150.0,237679.0
2020-12-18 10:00:00,11150.0,11200.0,10950.0,11050.0,109828.0
2020-12-18 11:00:00,11050.0,11100.0,10900.0,11000.0,67074.0
2020-12-18 12:00:00,11050.0,11050.0,10950.0,10950.0,34737.0
2020-12-18 13:00:00,10950.0,11000.0,10700.0,10750.0,196687.0
2020-12-18 14:00:00,10750.0,10900.0,10700.0,10850.0,101514.0
2020-12-18 15:00:00,10900.0,10900.0,10800.0,10850.0,37652.0
2020-12-21 09:00:00,10450.0,10550.0,10450.0,10500.0,61121.0
2020-12-21 10:00:00,10550.0,10550.0,10400.0,10500.0,85670.0
2020-12-21 11:00:00,10500.0,10600.0,10450.0,10550.0,79792.0
2020-12-21 12:00:00,10400.0,10550.0,10350.0,10500.0,91974.0
2020-12-21 13:00:00,10500.0,10500.0,10300.0,10400.0,156198.0
2020-12-21 14:00:00,10850.0,10950.0,10350.0,10500.0,288863.0
2020-12-21 15:00:00,10500.0,10600.0,10400.0,10450.0,93572.0
2020-12-22 09:00:00,10450.0,10450.0,10050.0,10150.0,365572.0
2020-12-22 10:00:00,10150.0,10200.0,9990.0,10050.0,369347.0
2020-12-22 11:00:00,10050.0,10150.0,10000.0,10100.0,80645.0
2020-12-22 12:00:00,10100.0,10150.0,10050.0,10050.0,40909.0
2020-12-22 13:00:00,10100.0,10150.0,10050.0,10150.0,64671.0
2020-12-22 14:00:00,10150.0,10150.0,10000.0,10050.0,129268.0
2020-12-22 15:00:00,10100.0,10100.0,9980.0,9980.0,130926.0
2020-12-23 09:00:00,10050.0,10150.0,10000.0,10100.0,82860.0
2020-12-23 10:00:00,10100.0,10150.0,10000.0,10000.0,36209.0
2020-12-23 11:00:00,10050.0,10100.0,10000.0,10050.0,144363.0
2020-12-23 12:00:00,10050.0,10150.0,10050.0,10050.0,35685.0
2020-12-23 13:00:00,10100.0,10200.0,10000.0,10100.0,109578.0
2020-12-23 14:00:00,9990.0,10100.0,9950.0,10100.0,169476.0
2020-12-23 15:00:00,10050.0,10200.0,9970.0,9990.0,213742.0
2020-12-24 09:00:00,10050.0,10050.0,9900.0,9990.0,157480.0
2020-12-24 10:00:00,10000.0,10100.0,9990.0,10100.0,100329.0
2020-12-24 11:00:00,10050.0,10250.0,10000.0,10200.0,64571.0
2020-12-24 12:00:00,10200.0,10300.0,10150.0,10300.0,45293.0
2020-12-24 13:00:00,10300.0,10450.0,10250.0,10400.0,141471.0
2020-12-24 14:00:00,10400.0,10700.0,10350.0,10650.0,205695.0
2020-12-24 15:00:00,10600.0,10650.0,10550.0,10650.0,65137.0
2020-12-28 09:00:00,10750.0,10850.0,10750.0,10850.0,45408.0
2020-12-28 10:00:00,10850.0,10900.0,10750.0,10800.0,83677.0
2020-12-28 11:00:00,10800.0,10900.0,10800.0,10850.0,50698.0
2020-12-28 12:00:00,10650.0,11100.0,10600.0,11050.0,302338.0
2020-12-28 13:00:00,10900.0,10950.0,10850.0,10850.0,37094.0
2020-12-28 14:00:00,11000.0,11050.0,10850.0,10900.0,80138.0
2020-12-28 15:00:00,10850.0,10950.0,10800.0,10850.0,22972.0
2020-12-29 09:00:00,11000.0,11100.0,11000.0,11000.0,70489.0
2020-12-29 10:00:00,11050.0,11050.0,11000.0,11050.0,14463.0
2020-12-29 11:00:00,11000.0,11050.0,10950.0,11000.0,31145.0
2020-12-29 12:00:00,10900.0,11150.0,10800.0,10800.0,114850.0
2020-12-29 13:00:00,10950.0,11000.0,10900.0,11000.0,43608.0
2020-12-29 14:00:00,10850.0,11000.0,10750.0,10950.0,41070.0
2020-12-29 15:00:00,11000.0,11000.0,10950.0,11000.0,24244.0
2020-12-30 09:00:00,11050.0,11100.0,10900.0,11050.0,60937.0
2020-12-30 10:00:00,11050.0,11100.0,10950.0,11000.0,48555.0
2020-12-30 11:00:00,11050.0,11100.0,11000.0,11050.0,37175.0
2020-12-30 12:00:00,11050.0,11100.0,11000.0,11050.0,39173.0
2020-12-30 13:00:00,11050.0,11200.0,11050.0,11150.0,50073.0
2020-12-30 14:00:00,11150.0,11200.0,11100.0,11150.0,88361.0
2020-12-30 15:00:00,11150.0,11150.0,10850.0,10850.0,109694.0
2021-01-04 09:00:00,10500.0,10550.0,10400.0,10500.0,62261.0
2021-01-04 10:00:00,10400.0,10500.0,10400.0,10500.0,85108.0
2021-01-04 11:00:00,10500.0,10550.0,10400.0,10400.0,67673.0
2021-01-04 12:00:00,10550.0,10550.0,10400.0,10500.0,78546.0
2021-01-04 13:00:00,10550.0,10700.0,10500.0,10550.0,66250.0
2021-01-04 14:00:00,10800.0,10900.0,10500.0,10550.0,239008.0
2021-01-05 09:00:00,10550.0,10550.0,10250.0,10350.0,143147.0
2021-01-05 10:00:00,10350.0,10350.0,10150.0,10250.0,70662.0
2021-01-05 11:00:00,10250.0,10350.0,10250.0,10250.0,21813.0
2021-01-05 12:00:00,10250.0,10350.0,10250.0,10350.0,18505.0
2021-01-05 13:00:00,10350.0,10350.0,10200.0,10250.0,73914.0
2021-01-05 14:00:00,10300.0,10400.0,10250.0,10400.0,44533.0
2021-01-05 15:00:00,10400.0,10450.0,10400.0,10450.0,26659.0
2021-01-06 09:00:00,10750.0,10800.0,10700.0,10800.0,27017.0
2021-01-06 10:00:00,10650.0,10850.0,10600.0,10750.0,81494.0
2021-01-06 11:00:00,10600.0,10650.0,10550.0,10650.0,14667.0
2021-01-06 12:00:00,10450.0,10650.0,10400.0,10650.0,116823.0
2021-01-06 13:00:00,10700.0,10750.0,10650.0,10650.0,36687.0
2021-01-06 14:00:00,10650.0,10750.0,10550.0,10750.0,74615.0
2021-01-06 15:00:00,10650.0,10700.0,10600.0,10600.0,37673.0
2021-01-07 09:00:00,10500.0,10600.0,10450.0,10500.0,45594.0
2021-01-07 10:00:00,10500.0,10550.0,10450.0,10450.0,26760.0
2021-01-07 11:00:00,10600.0,10600.0,10400.0,10450.0,81421.0
2021-01-07 12:00:00,10800.0,10800.0,10500.0,10550.0,86945.0
2021-01-07 13:00:00,10600.0,10600.0,10550.0,10550.0,81216.0
2021-01-07 14:00:00,10550.0,10650.0,10500.0,10550.0,91461.0
2021-01-07 15:00:00,10550.0,10600.0,10500.0,10600.0,34708.0
2021-01-08 09:00:00,10450.0,10550.0,10150.0,10200.0,134788.0
2021-01-08 10:00:00,10200.0,10300.0,10150.0,10300.0,62032.0
2021-01-08 11:00:00,10300.0,10350.0,10200.0,10250.0,70204.0
2021-01-08 12:00:00,10250.0,10350.0,10200.0,10300.0,38153.0
2021-01-08 13:00:00,10300.0,10300.0,10150.0,10150.0,114866.0
2021-01-08 14:00:00,10150.0,10300.0,10150.0,10250.0,57123.0
2021-01-08 15:00:00,10250.0,10300.0,10200.0,10200.0,26653.0
2021-01-11 09:00:00,10350.0,10500.0,10300.0,10450.0,29129.0
2021-01-11 10:00:00,10450.0,10600.0,10250.0,10350.0,127934.0
2021-01-11 11:00:00,10100.0,10550.0,10050.0,10450.0,165856.0
2021-01-11 12:00:00,10350.0,10350.0,9990.0,10050.0,166737.0
2021-01-11 13:00:00,10050.0,10100.0,10000.0,10050.0,68355.0
2021-01-11 14:00:00,10150.0,10150.0,10100.0,10100.0,21511.0
2021-01-11 15:00:00,10050.0,10200.0,10050.0,10100.0,68086.0
2021-01-12 09:00:00,10450.0,10550.0,10350.0,10500.0,48161.0
2021-01-12 10:00:00,10500.0,10550.0,10350.0,10550.0,52963.0
2021-01-12 11:00:00,10500.0,10550.0,10300.0,10400.0,40346.0
2021-01-12 12:00:00,10400.0,10450.0,10300.0,10350.0,22571.0
2021-01-12 13:00:00,10300.0,10450.0,10250.0,10350.0,30470.0
2021-01-12 14:00:00,10300.0,10400.0,10250.0,10400.0,20569.0
2021-01-12 15:00:00,10350.0,10400.0,10350.0,10400.0,10223.0
2021-01-13 09:00:00,10350.0,10450.0,10300.0,10400.0,43910.0
2021-01-13 10:00:00,10350.0,10400.0,10200.0,10350.0,46525.0
2021-01-13 11:00:00,10400.0,10400.0,10300.0,10300.0,22003.0
2021-01-13 12:00:00,10450.0,10500.0,10350.0,10400.0,27530.0
2021-01-13 13:00:00,10400.0,10400.0,10350.0,10400.0,11678.0
2021-01-13 14:00:00,10400.0,10550.0,10300.0,10450.0,58639.0
2021-01-13 15:00:00,10350.0,10400.0,10350.0,10350.0,7011.0
2021-01-14 09:00:00,10400.0,10400.0,10250.0,10250.0,38214.0
2021-01-14 10:00:00,10250.0,10300.0,10250.0,10300.0,23033.0
2021-01-14 11:00:00,10350.0,10400.0,10300.0,10350.0,12751.0
2021-01-14 12:00:00,10400.0,10500.0,10350.0,10400.0,27222.0
2021-01-14 13:00:00,10350.0,10400.0,10300.0,10350.0,78769.0
2021-01-14 14:00:00,10350.0,10400.0,10300.0,10350.0,14035.0
2021-01-14 15:00:00,10450.0,10500.0,10300.0,10400.0,40924.0
2021-01-15 09:00:00,10300.0,10450.0,10200.0,10400.0,86122.0
2021-01-15 10:00:00,10400.0,10550.0,10300.0,10450.0,88808.0
2021-01-15 11:00:00,10400.0,10450.0,10350.0,10400.0,43788.0
2021-01-15 12:00:00,10450.0,10500.0,10400.0,10500.0,62046.0
2021-01-15 13:00:00,10500.0,10750.0,10450.0,10650.0,125475.0
2021-01-15 14:00:00,10650.0,10700.0,10450.0,10500.0,56349.0
2021-01-15 15:00:00,10500.0,10550.0,10450.0,10500.0,23166.0
2021-01-18 09:00:00,10750.0,10800.0,10600.0,10650.0,287865.0
2021-01-18 10:00:00,10450.0,10500.0,10400.0,10500.0,42412.0
2021-01-18 11:00:00,10700.0,10700.0,10400.0,10500.0,219769.0
2021-01-18 12:00:00,10850.0,11100.0,10650.0,10750.0,481120.0
2021-01-18 13:00:00,10600.0,10650.0,10500.0,10650.0,48531.0
2021-01-18 14:00:00,10650.0,10900.0,10650.0,10900.0,152408.0
2021-01-18 15:00:00,10600.0,10600.0,10400.0,10600.0,106705.0
2021-01-19 09:00:00,10650.0,10900.0,10550.0,10750.0,228847.0
2021-01-19 10:00:00,10650.0,10850.0,10650.0,10800.0,77225.0
2021-01-19 11:00:00,10750.0,10850.0,10700.0,10850.0,53641.0
2021-01-19 12:00:00,10850.0,11000.0,10800.0,10900.0,97297.0
2021-01-19 13:00:00,10900.0,10900.0,10750.0,10850.0,86292.0
2021-01-19 14:00:00,10850.0,10950.0,10750.0,10900.0,115151.0
2021-01-19 15:00:00,10900.0,11050.0,10900.0,11000.0,113673.0
2021-01-20 09:00:00,11000.0,11050.0,10950.0,11050.0,167982.0
2021-01-20 10:00:00,11000.0,11050.0,10950.0,11000.0,154436.0
2021-01-20 11:00:00,11050.0,11100.0,11000.0,11100.0,47274.0
2021-01-20 12:00:00,10900.0,11000.0,10850.0,11000.0,30952.0
2021-01-20 13:00:00,10900.0,10950.0,10800.0,10900.0,112204.0
2021-01-20 14:00:00,10900.0,10900.0,10650.0,10900.0,151961.0
2021-01-20 15:00:00,11000.0,11000.0,10900.0,11000.0,32104.0
2021-01-21 09:00:00,10900.0,11000.0,10900.0,10900.0,36514.0
2021-01-21 10:00:00,11100.0,11100.0,10950.0,11050.0,83112.0
2021-01-21 11:00:00,11000.0,11050.0,10900.0,10950.0,61334.0
2021-01-21 12:00:00,11050.0,11050.0,11000.0,11050.0,25135.0
2021-01-21 13:00:00,11100.0,11100.0,10950.0,11050.0,53199.0
2021-01-21 14:00:00,11050.0,11150.0,11050.0,11100.0,47050.0
2021-01-21 15:00:00,11000.0,11150.0,10900.0,11100.0,123438.0
2021-01-22 09:00:00,11250.0,11250.0,11200.0,11250.0,18795.0
2021-01-22 10:00:00,10950.0,11000.0,10900.0,11000.0,36425.0
2021-01-22 11:00:00,10950.0,11200.0,10950.0,11150.0,96275.0
2021-01-22 12:00:00,11150.0,11150.0,11050.0,11100.0,32397.0
2021-01-22 13:00:00,11100.0,11150.0,11050.0,11050.0,28624.0
2021-01-22 14:00:00,11100.0,11200.0,11050.0,11100.0,40443.0
2021-01-22 15:00:00,11150.0,11250.0,11100.0,11250.0,79870.0
2021-01-25 09:00:00,11050.0,11050.0,10950.0,11000.0,22302.0
2021-01-25 10:00:00,11000.0,11050.0,11000.0,11000.0,24068.0
2021-01-25 11:00:00,11000.0,11100.0,11000.0,11050.0,19613.0
2021-01-25 12:00:00,11050.0,11100.0,10900.0,10950.0,73196.0
2021-01-25 13:00:00,10950.0,11150.0,10900.0,11100.0,39846.0
2021-01-25 14:00:00,11300.0,11350.0,11000.0,11050.0,109452.0
2021-01-25 15:00:00,11050.0,11100.0,10950.0,11000.0,19719.0
2021-01-26 09:00:00,11200.0,11600.0,11150.0,11450.0,409465.0
2021-01-26 10:00:00,11400.0,11450.0,11200.0,11300.0,81576.0
2021-01-26 11:00:00,11300.0,11350.0,11200.0,11300.0,28363.0
2021-01-26 12:00:00,11250.0,11300.0,11200.0,11300.0,36289.0
2021-01-26 13:00:00,11300.0,11350.0,11200.0,11300.0,89539.0
2021-01-26 14:00:00,11250.0,11300.0,11250.0,11250.0,64811.0
2021-01-26 15:00:00,11250.0,11250.0,11100.0,11100.0,41302.0
2021-01-27 09:00:00,11400.0,11550.0,11400.0,11500.0,54747.0
2021-01-27 10:00:00,11400.0,11450.0,11350.0,11400.0,37813.0
2021-01-27 11:00:00,11450.0,11450.0,11300.0,11400.0,47591.0
2021-01-27 12:00:00,11350.0,11600.0,11300.0,11400.0,263380.0
2021-01-27 13:00:00,11500.0,11550.0,11350.0,11450.0,72038.0
2021-01-27 14:00:00,11350.0,11500.0,11300.0,11500.0,100600.0
2021-01-27 15:00:00,11500.0,11550.0,11400.0,11450.0,49238.0
2021-01-28 09:00:00,10900.0,11050.0,10900.0,11000.0,35579.0
2021-01-28 10:00:00,11000.0,11050.0,10900.0,11000.0,28469.0
2021-01-28 11:00:00,11100.0,11100.0,10850.0,10950.0,61185.0
2021-01-28 12:00:00,11200.0,11300.0,10950.0,11200.0,158408.0
2021-01-28 13:00:00,11200.0,11250.0,11100.0,11150.0,30132.0
2021-01-28 14:00:00,11150.0,11250.0,11150.0,11200.0,25145.0
2021-01-28 15:00:00,11100.0,11150.0,11000.0,11050.0,40343.0
2021-01-29 09:00:00,11100.0,11150.0,10900.0,10900.0,50067.0
2021-01-29 10:00:00,10900.0,11000.0,10700.0,10900.0,54649.0
2021-01-29 11:00:00,10850.0,10900.0,10550.0,10600.0,43603.0
2021-01-29 12:00:00,10600.0,10650.0,10400.0,10450.0,69270.0
2021-01-29 13:00:00,10450.0,10550.0,10300.0,10500.0,85915.0
2021-01-29 14:00:00,10550.0,10750.0,10400.0,10750.0,59765.0
2021-01-29 15:00:00,10750.0,10800.0,10650.0,10650.0,38343.0
2021-02-01 09:00:00,10800.0,10850.0,10700.0,10750.0,19266.0
2021-02-01 10:00:00,10750.0,10850.0,10700.0,10850.0,18195.0
2021-02-01 11:00:00,10750.0,10750.0,10650.0,10750.0,7709.0
2021-02-01 12:00:00,10350.0,10750.0,10350.0,10650.0,72186.0
2021-02-01 13:00:00,10700.0,10750.0,10650.0,10700.0,12173.0
2021-02-01 14:00:00,10650.0,10750.0,10650.0,10700.0,17084.0
2021-02-01 15:00:00,10700.0,10850.0,10700.0,10750.0,21120.0
2021-02-02 09:00:00,10800.0,10850.0,10600.0,10700.0,22948.0
2021-02-02 10:00:00,10700.0,10850.0,10650.0,10800.0,27517.0
2021-02-02 11:00:00,10800.0,10900.0,10750.0,10800.0,15803.0
2021-02-02 12:00:00,10800.0,10850.0,10750.0,10800.0,4355.0
2021-02-02 13:00:00,10800.0,10800.0,10600.0,10700.0,25088.0
2021-02-02 14:00:00,10700.0,10750.0,10550.0,10600.0,21977.0
2021-02-02 15:00:00,10650.0,10700.0,10600.0,10700.0,26366.0
2021-02-03 09:00:00,10550.0,10600.0,10550.0,10600.0,16200.0
2021-02-03 10:00:00,10550.0,10600.0,10550.0,10600.0,7217.0
2021-02-03 11:00:00,10550.0,10600.0,10550.0,10600.0,8046.0
2021-02-03 12:00:00,10600.0,10650.0,10500.0,10550.0,19364.0
2021-02-03 13:00:00,10550.0,10650.0,10500.0,10600.0,29913.0
2021-02-03 14:00:00,10700.0,10750.0,10500.0,10600.0,59737.0
2021-02-03 15:00:00,10600.0,10600.0,10500.0,10600.0,10631.0
2021-02-04 09:00:00,10450.0,10650.0,10450.0,10650.0,31189.0
2021-02-04 10:00:00,10500.0,10650.0,10450.0,10550.0,38742.0
2021-02-04 11:00:00,10550.0,10550.0,10400.0,10500.0,22740.0
2021-02-04 12:00:00,10550.0,10600.0,10500.0,10550.0,9800.0
2021-02-04 13:00:00,10550.0,10600.0,10450.0,10600.0,26232.0
2021-02-04 14:00:00,10550.0,10550.0,10450.0,10550.0,16408.0
2021-02-04 15:00:00,10600.0,10750.0,10500.0,10550.0,55933.0
2021-02-05 09:00:00,10550.0,10550.0,10500.0,10500.0,18285.0
2021-02-05 10:00:00,10650.0,10650.0,10350.0,10400.0,67450.0
2021-02-05 11:00:00,10400.0,10450.0,10350.0,10350.0,29290.0
2021-02-05 12:00:00,10350.0,10500.0,10350.0,10500.0,18317.0
2021-02-05 13:00:00,10500.0,10500.0,10400.0,10400.0,9288.0
2021-02-05 14:00:00,10450.0,10550.0,10400.0,10500.0,22393.0
2021-02-05 15:00:00,10450.0,10550.0,10450.0,10550.0,23106.0
2021-02-08 09:00:00,10550.0,10650.0,10500.0,10650.0,30429.0
2021-02-08 10:00:00,10650.0,10650.0,10500.0,10500.0,18805.0
2021-02-08 11:00:00,10550.0,10550.0,10500.0,10550.0,7649.0
2021-02-08 12:00:00,10650.0,10650.0,10500.0,10500.0,35564.0
2021-02-08 13:00:00,10600.0,10600.0,10500.0,10550.0,13112.0
2021-02-08 14:00:00,10550.0,10650.0,10450.0,10550.0,33267.0
2021-02-08 15:00:00,10550.0,10550.0,10500.0,10550.0,11159.0
2021-02-09 09:00:00,10400.0,10600.0,10400.0,10550.0,40015.0
2021-02-09 10:00:00,10550.0,10550.0,10450.0,10500.0,13229.0
2021-02-09 11:00:00,10500.0,10500.0,10400.0,10500.0,6063.0
2021-02-09 12:00:00,10500.0,10550.0,10500.0,10500.0,15433.0
2021-02-09 13:00:00,10500.0,10550.0,10450.0,10500.0,14312.0
2021-02-09 14:00:00,10550.0,10550.0,10450.0,10550.0,14194.0
2021-02-09 15:00:00,10500.0,10550.0,10500.0,10550.0,8568.0
2021-02-10 09:00:00,10550.0,10600.0,10500.0,10600.0,21287.0
2021-02-10 10:00:00,10400.0,10550.0,10400.0,10550.0,16590.0
2021-02-10 11:00:00,10500.0,10500.0,10400.0,10450.0,11741.0
2021-02-10 12:00:00,10500.0,10550.0,10450.0,10450.0,21597.0
2021-02-10 13:00:00,10450.0,10500.0,10400.0,10500.0,2316.0
2021-02-10 14:00:00,10450.0,10500.0,10400.0,10450.0,12927.0
2021-02-10 15:00:00,10450.0,10500.0,10450.0,10500.0,7102.0
2021-02-15 09:00:00,10650.0,10700.0,10600.0,10650.0,22741.0
2021-02-15 10:00:00,10650.0,10650.0,10550.0,10650.0,21234.0
2021-02-15 11:00:00,10650.0,10700.0,10600.0,10700.0,17453.0
2021-02-15 12:00:00,10650.0,10650.0,10450.0,10500.0,43414.0
2021-02-15 13:00:00,10550.0,10650.0,10500.0,10600.0,33760.0
2021-02-15 14:00:00,10500.0,10600.0,10450.0,10550.0,23105.0
2021-02-15 15:00:00,10550.0,10700.0,10550.0,10650.0,29491.0
2021-02-16 09:00:00,10650.0,10650.0,10550.0,10600.0,63304.0
2021-02-16 10:00:00,10600.0,10600.0,10500.0,10600.0,23909.0
2021-02-16 11:00:00,10550.0,10600.0,10500.0,10550.0,20123.0
2021-02-16 12:00:00,10550.0,10600.0,10500.0,10550.0,8286.0
2021-02-16 13:00:00,10600.0,10600.0,10500.0,10550.0,10029.0
2021-02-16 14:00:00,10500.0,10550.0,10400.0,10450.0,79329.0
2021-02-16 15:00:00,10450.0,10550.0,10400.0,10550.0,25046.0
2021-02-17 09:00:00,10600.0,10600.0,10500.0,10600.0,19732.0
2021-02-17 10:00:00,10550.0,10600.0,10550.0,10550.0,38251.0
2021-02-17 11:00:00,10600.0,10650.0,10500.0,10550.0,32828.0
2021-02-17 12:00:00,10550.0,10550.0,10300.0,10550.0,77094.0
2021-02-17 13:00:00,10500.0,10600.0,10450.0,10550.0,35693.0
2021-02-17 14:00:00,10550.0,10550.0,10450.0,10550.0,21237.0
2021-02-17 15:00:00,10550.0,10600.0,10500.0,10550.0,21389.0
2021-02-18 09:00:00,10600.0,10800.0,10550.0,10800.0,74732.0
2021-02-18 10:00:00,10800.0,10950.0,10650.0,10800.0,79862.0
2021-02-18 11:00:00,10800.0,11100.0,10750.0,11000.0,103501.0
2021-02-18 12:00:00,11050.0,11050.0,10900.0,10950.0,40468.0
2021-02-18 13:00:00,10950.0,10950.0,10850.0,10950.0,22029.0
2021-02-18 14:00:00,10900.0,11000.0,10850.0,11000.0,49031.0
2021-02-18 15:00:00,11000.0,11050.0,10900.0,11050.0,37378.0
2021-02-19 09:00:00,10650.0,10650.0,10500.0,10600.0,58733.0
2021-02-19 10:00:00,10650.0,10650.0,10550.0,10650.0,20926.0
2021-02-19 11:00:00,10650.0,10700.0,10600.0,10650.0,22063.0
2021-02-19 12:00:00,10650.0,10650.0,10550.0,10600.0,42646.0
2021-02-19 13:00:00,10700.0,10750.0,10500.0,10650.0,65383.0
2021-02-19 14:00:00,11100.0,11100.0,10650.0,10650.0,112887.0
2021-02-19 15:00:00,10650.0,10700.0,10600.0,10650.0,16860.0
2021-02-22 09:00:00,10600.0,10600.0,10450.0,10550.0,36799.0
2021-02-22 10:00:00,10500.0,10550.0,10450.0,10500.0,23088.0
2021-02-22 11:00:00,10500.0,10550.0,10450.0,10500.0,10110.0
2021-02-22 12:00:00,10500.0,10500.0,10400.0,10400.0,30503.0
2021-02-22 13:00:00,10400.0,10450.0,10400.0,10450.0,12743.0
2021-02-22 14:00:00,10450.0,10450.0,10350.0,10400.0,32059.0
2021-02-22 15:00:00,10350.0,10450.0,10350.0,10400.0,59946.0
2021-02-23 09:00:00,10400.0,10400.0,10300.0,10400.0,10012.0
2021-02-23 10:00:00,10350.0,10400.0,10300.0,10400.0,16856.0
2021-02-23 11:00:00,10300.0,10400.0,10300.0,10400.0,10834.0
2021-02-23 12:00:00,10350.0,10450.0,10250.0,10450.0,24065.0
2021-02-23 13:00:00,10400.0,10450.0,10300.0,10350.0,19211.0
2021-02-23 14:00:00,10300.0,10400.0,10200.0,10350.0,55572.0
2021-02-23 15:00:00,10300.0,10400.0,10300.0,10350.0,12184.0
2021-02-24 09:00:00,10300.0,10400.0,10250.0,10300.0,19191.0
2021-02-24 10:00:00,10300.0,10400.0,10250.0,10350.0,19159.0
2021-02-24 11:00:00,10350.0,10400.0,10300.0,10400.0,7947.0
2021-02-24 12:00:00,10350.0,10400.0,10300.0,10350.0,3969.0
2021-02-24 13:00:00,10350.0,10350.0,10200.0,10250.0,33085.0
2021-02-24 14:00:00,10250.0,10300.0,10100.0,10150.0,62868.0
2021-02-24 15:00:00,10150.0,10150.0,10050.0,10100.0,25114.0
2021-02-25 09:00:00,10100.0,10100.0,10050.0,10100.0,21960.0
2021-02-25 10:00:00,10100.0,10100.0,10000.0,10100.0,14452.0
2021-02-25 11:00:00,10050.0,10100.0,10000.0,10100.0,21389.0
2021-02-25 12:00:00,10200.0,10250.0,9990.0,10150.0,113514.0
2021-02-25 13:00:00,10100.0,10150.0,10050.0,10050.0,19405.0
2021-02-25 14:00:00,10150.0,10200.0,10000.0,10150.0,45068.0
2021-02-25 15:00:00,10100.0,10150.0,10050.0,10100.0,34000.0
2021-02-26 09:00:00,9680.0,9690.0,9640.0,9680.0,17546.0
2021-02-26 10:00:00,9680.0,9830.0,9660.0,9830.0,14346.0
2021-02-26 11:00:00,9750.0,9750.0,9630.0,9650.0,13717.0
2021-02-26 12:00:00,9900.0,9940.0,9700.0,9730.0,86876.0
2021-02-26 13:00:00,9540.0,9710.0,9500.0,9710.0,43395.0
2021-02-26 14:00:00,9720.0,9810.0,9530.0,9540.0,83136.0
2021-02-26 15:00:00,9710.0,9800.0,9670.0,9750.0,27401.0
2021-03-02 09:00:00,9920.0,10300.0,9880.0,10250.0,91373.0
2021-03-02 10:00:00,10200.0,10250.0,10100.0,10150.0,23485.0
2021-03-02 11:00:00,10150.0,10350.0,10150.0,10200.0,47774.0
2021-03-02 12:00:00,10200.0,10250.0,10200.0,10250.0,10084.0
2021-03-02 13:00:00,10200.0,10250.0,10150.0,10200.0,12187.0
2021-03-02 14:00:00,10150.0,10200.0,10050.0,10150.0,22890.0
2021-03-02 15:00:00,10100.0,10200.0,10050.0,10200.0,11551.0
2021-03-03 09:00:00,10200.0,10300.0,10150.0,10250.0,8912.0
2021-03-03 10:00:00,10250.0,10300.0,10250.0,10300.0,6147.0
2021-03-03 11:00:00,10200.0,10250.0,10150.0,10200.0,7178.0
2021-03-03 12:00:00,10200.0,10250.0,10150.0,10200.0,8790.0
2021-03-03 13:00:00,10250.0,10250.0,10200.0,10250.0,3685.0
2021-03-03 14:00:00,10200.0,10250.0,10100.0,10250.0,8639.0
2021-03-03 15:00:00,10100.0,10250.0,10050.0,10200.0,19671.0
2021-03-04 09:00:00,10100.0,10300.0,10050.0,10250.0,42277.0
2021-03-04 10:00:00,10250.0,10300.0,10200.0,10200.0,5659.0
2021-03-04 11:00:00,10200.0,10250.0,10100.0,10100.0,12987.0
2021-03-04 12:00:00,10100.0,10200.0,10100.0,10100.0,8262.0
2021-03-04 13:00:00,10100.0,10150.0,9990.0,10000.0,41222.0
2021-03-04 14:00:00,10050.0,10100.0,10000.0,10050.0,13356.0
2021-03-04 15:00:00,10000.0,10150.0,10000.0,10150.0,23569.0
2021-03-05 09:00:00,10050.0,10100.0,10050.0,10100.0,9841.0
2021-03-05 10:00:00,10050.0,10050.0,9990.0,10050.0,12136.0
2021-03-05 11:00:00,10050.0,10050.0,10000.0,10050.0,2200.0
2021-03-05 12:00:00,10050.0,10100.0,9940.0,10050.0,28591.0
2021-03-05 13:00:00,9990.0,10050.0,9960.0,10050.0,12189.0
2021-03-05 14:00:00,10000.0,10050.0,9950.0,9990.0,16248.0
2021-03-05 15:00:00,10050.0,10050.0,10000.0,10050.0,503.0
2021-03-08 09:00:00,9900.0,9940.0,9840.0,9870.0,26013.0
2021-03-08 10:00:00,9880.0,9900.0,9840.0,9850.0,9721.0
2021-03-08 11:00:00,9980.0,9980.0,9880.0,9900.0,23649.0
2021-03-08 12:00:00,10050.0,10150.0,9950.0,10050.0,43345.0
2021-03-08 13:00:00,10000.0,10050.0,9980.0,10000.0,10495.0
2021-03-08 14:00:00,10000.0,10050.0,9990.0,10000.0,10455.0
2021-03-08 15:00:00,10000.0,10000.0,9950.0,9990.0,12881.0
2021-03-09 09:00:00,9710.0,9860.0,9550.0,9560.0,50692.0
2021-03-09 10:00:00,9580.0,9640.0,9350.0,9370.0,60427.0
2021-03-09 11:00:00,9370.0,9460.0,9350.0,9390.0,35601.0
2021-03-09 12:00:00,9390.0,9550.0,9390.0,9430.0,27918.0
2021-03-09 13:00:00,9430.0,9570.0,9400.0,9400.0,27282.0
2021-03-09 14:00:00,9390.0,9560.0,9380.0,9560.0,25449.0
2021-03-09 15:00:00,9560.0,9560.0,9470.0,9500.0,18686.0
2021-03-10 09:00:00,9550.0,9590.0,9510.0,9590.0,14373.0
2021-03-10 10:00:00,9610.0,9620.0,9530.0,9560.0,19016.0
2021-03-10 11:00:00,9490.0,9650.0,9470.0,9610.0,24588.0
2021-03-10 12:00:00,9460.0,9650.0,9460.0,9590.0,37025.0
2021-03-10 13:00:00,9580.0,9630.0,9550.0,9570.0,9734.0
2021-03-10 14:00:00,9560.0,9560.0,9470.0,9490.0,10433.0
2021-03-10 15:00:00,9570.0,9590.0,9520.0,9560.0,11615.0
2021-03-11 09:00:00,9630.0,9670.0,9530.0,9650.0,11128.0
2021-03-11 10:00:00,9650.0,9660.0,9590.0,9650.0,6241.0
2021-03-11 11:00:00,9650.0,9650.0,9570.0,9610.0,7165.0
2021-03-11 12:00:00,9610.0,9660.0,9610.0,9660.0,6930.0
2021-03-11 13:00:00,9660.0,9720.0,9640.0,9720.0,12429.0
2021-03-11 14:00:00,9720.0,9740.0,9660.0,9730.0,15913.0
2021-03-11 15:00:00,9730.0,9740.0,9700.0,9740.0,8071.0
2021-03-12 09:00:00,9800.0,9820.0,9770.0,9800.0,5290.0
2021-03-12 10:00:00,9850.0,9850.0,9750.0,9810.0,5225.0
2021-03-12 11:00:00,9840.0,9850.0,9820.0,9850.0,2337.0
2021-03-12 12:00:00,9910.0,9930.0,9860.0,9880.0,4958.0
2021-03-12 13:00:00,9880.0,9880.0,9840.0,9870.0,4058.0
2021-03-12 14:00:00,9790.0,9960.0,9760.0,9930.0,28261.0
2021-03-12 15:00:00,9840.0,9860.0,9750.0,9850.0,5565.0
2021-03-15 09:00:00,9660.0,9730.0,9650.0,9700.0,6703.0
2021-03-15 10:00:00,9700.0,9700.0,9670.0,9700.0,3841.0
2021-03-15 11:00:00,9730.0,9730.0,9640.0,9660.0,13380.0
2021-03-15 12:00:00,9710.0,9750.0,9700.0,9740.0,6968.0
2021-03-15 13:00:00,9740.0,9740.0,9700.0,9740.0,10715.0
2021-03-15 14:00:00,9740.0,9740.0,9690.0,9700.0,7337.0
2021-03-15 15:00:00,9800.0,9800.0,9700.0,9700.0,17012.0
2021-03-16 09:00:00,9720.0,9880.0,9720.0,9860.0,24474.0
2021-03-16 10:00:00,9860.0,9950.0,9820.0,9870.0,28916.0
2021-03-16 11:00:00,9870.0,9880.0,9800.0,9820.0,8171.0
2021-03-16 12:00:00,9800.0,9880.0,9800.0,9880.0,9705.0
2021-03-16 13:00:00,9860.0,9880.0,9800.0,9840.0,4329.0
2021-03-16 14:00:00,9840.0,9870.0,9830.0,9850.0,3982.0
2021-03-16 15:00:00,9850.0,9850.0,9790.0,9840.0,8372.0
2021-03-17 09:00:00,9680.0,9680.0,9610.0,9610.0,25206.0
2021-03-17 10:00:00,9640.0,9720.0,9640.0,9720.0,4379.0
2021-03-17 11:00:00,9610.0,9660.0,9610.0,9650.0,15129.0
2021-03-17 12:00:00,9700.0,9700.0,9670.0,9670.0,13454.0
2021-03-17 13:00:00,9750.0,9760.0,9700.0,9730.0,11916.0
2021-03-17 14:00:00,9730.0,9750.0,9690.0,9700.0,18120.0
2021-03-17 15:00:00,9840.0,9840.0,9680.0,9710.0,12943.0
2021-03-18 09:00:00,9570.0,9750.0,9570.0,9660.0,60148.0
2021-03-18 10:00:00,9660.0,9680.0,9610.0,9650.0,39907.0
2021-03-18 11:00:00,9660.0,9680.0,9610.0,9610.0,19786.0
2021-03-18 12:00:00,9630.0,9650.0,9610.0,9630.0,11815.0
2021-03-18 13:00:00,9640.0,9680.0,9630.0,9670.0,5199.0
2021-03-18 14:00:00,9670.0,9720.0,9640.0,9670.0,17300.0
2021-03-18 15:00:00,9680.0,9700.0,9640.0,9690.0,13693.0
2021-03-19 09:00:00,9590.0,9610.0,9560.0,9590.0,21572.0
2021-03-19 10:00:00,9610.0,9620.0,9580.0,9590.0,13511.0
2021-03-19 11:00:00,9600.0,9600.0,9570.0,9570.0,7796.0
2021-03-19 12:00:00,9590.0,9600.0,9560.0,9590.0,7397.0
2021-03-19 13:00:00,9590.0,9640.0,9560.0,9570.0,19885.0
2021-03-19 14:00:00,9510.0,9660.0,9510.0,9610.0,19674.0
2021-03-19 15:00:00,9580.0,9620.0,9560.0,9620.0,13995.0
2021-03-22 09:00:00,9560.0,9570.0,9530.0,9530.0,13247.0
2021-03-22 10:00:00,9580.0,9590.0,9540.0,9560.0,13145.0
2021-03-22 11:00:00,9560.0,9590.0,9540.0,9570.0,10956.0
2021-03-22 12:00:00,9630.0,9640.0,9560.0,9590.0,6472.0
2021-03-22 13:00:00,9640.0,9640.0,9570.0,9630.0,4828.0
2021-03-22 14:00:00,9590.0,9600.0,9570.0,9590.0,4052.0
2021-03-22 15:00:00,9570.0,9660.0,9540.0,9640.0,10949.0
2021-03-23 09:00:00,9340.0,9470.0,9340.0,9390.0,16409.0
2021-03-23 10:00:00,9540.0,9630.0,9540.0,9550.0,14270.0
2021-03-23 11:00:00,9550.0,9570.0,9500.0,9520.0,30931.0
2021-03-23 12:00:00,9520.0,9530.0,9460.0,9470.0,30371.0
2021-03-23 13:00:00,9500.0,9500.0,9460.0,9490.0,7743.0
2021-03-23 14:00:00,9490.0,9490.0,9320.0,9350.0,35211.0
2021-03-23 15:00:00,9370.0,9400.0,9300.0,9350.0,47078.0
2021-03-24 09:00:00,9420.0,9490.0,9410.0,9480.0,7121.0
2021-03-24 10:00:00,9480.0,9500.0,9480.0,9480.0,6456.0
2021-03-24 11:00:00,9470.0,9530.0,9410.0,9410.0,27184.0
2021-03-24 12:00:00,9390.0,9400.0,9250.0,9400.0,42604.0
2021-03-24 13:00:00,9430.0,9540.0,9410.0,9450.0,18980.0
2021-03-24 14:00:00,9400.0,9450.0,9370.0,9430.0,13582.0
2021-03-24 15:00:00,9450.0,9490.0,9410.0,9460.0,11139.0
2021-03-25 09:00:00,9470.0,9470.0,9200.0,9360.0,21214.0
2021-03-25 10:00:00,9360.0,9390.0,9290.0,9300.0,29500.0
2021-03-25 11:00:00,9330.0,9360.0,9300.0,9350.0,5457.0
2021-03-25 12:00:00,9350.0,9360.0,9300.0,9320.0,9909.0
2021-03-25 13:00:00,9320.0,9340.0,9290.0,9320.0,5202.0
2021-03-25 14:00:00,9320.0,9350.0,9300.0,9320.0,11915.0
2021-03-25 15:00:00,9340.0,9350.0,9310.0,9320.0,7746.0
2021-03-26 09:00:00,9230.0,9230.0,9200.0,9230.0,6918.0
2021-03-26 10:00:00,9180.0,9230.0,9180.0,9230.0,10525.0
2021-03-26 11:00:00,9230.0,9240.0,9180.0,9190.0,11382.0
2021-03-26 12:00:00,9320.0,9400.0,9230.0,9240.0,21061.0
2021-03-26 13:00:00,9180.0,9230.0,9150.0,9230.0,15987.0
2021-03-26 14:00:00,9240.0,9250.0,9150.0,9180.0,43298.0
2021-03-26 15:00:00,9230.0,9240.0,9160.0,9230.0,10552.0
2021-03-29 09:00:00,9090.0,9100.0,9060.0,9070.0,13633.0
2021-03-29 10:00:00,9070.0,9100.0,9070.0,9100.0,10646.0
2021-03-29 11:00:00,9100.0,9100.0,9070.0,9100.0,10916.0
2021-03-29 12:00:00,9230.0,9230.0,9070.0,9080.0,35107.0
2021-03-29 13:00:00,9070.0,9130.0,9070.0,9130.0,9428.0
2021-03-29 14:00:00,9080.0,9090.0,9050.0,9080.0,25653.0
2021-03-29 15:00:00,9130.0,9130.0,9070.0,9100.0,8262.0
2021-03-30 09:00:00,9100.0,9360.0,9090.0,9270.0,34934.0
2021-03-30 10:00:00,9260.0,9260.0,9170.0,9230.0,4606.0
2021-03-30 11:00:00,9230.0,9240.0,9210.0,9220.0,4306.0
2021-03-30 12:00:00,9230.0,9260.0,9220.0,9260.0,5124.0
2021-03-30 13:00:00,9260.0,9260.0,9240.0,9240.0,4033.0
2021-03-30 14:00:00,9250.0,9250.0,9220.0,9250.0,4347.0
2021-03-30 15:00:00,9240.0,9250.0,9210.0,9240.0,6846.0
2021-03-31 09:00:00,9100.0,9160.0,9070.0,9160.0,11208.0
2021-03-31 10:00:00,9090.0,9130.0,9050.0,9100.0,21373.0
2021-03-31 11:00:00,9130.0,9140.0,9080.0,9130.0,5511.0
2021-03-31 12:00:00,9320.0,9320.0,9140.0,9150.0,23755.0
2021-03-31 13:00:00,9130.0,9130.0,9040.0,9100.0,24702.0
2021-03-31 14:00:00,9150.0,9160.0,9110.0,9130.0,15663.0
2021-03-31 15:00:00,9100.0,9140.0,9050.0,9140.0,26905.0
2021-04-01 09:00:00,9100.0,9400.0,9090.0,9400.0,40648.0
2021-04-01 10:00:00,9410.0,9740.0,9370.0,9730.0,129093.0
2021-04-01 11:00:00,9720.0,9770.0,9690.0,9700.0,44235.0
2021-04-01 12:00:00,9720.0,9720.0,9640.0,9670.0,9874.0
2021-04-01 13:00:00,9670.0,9700.0,9650.0,9690.0,12323.0
2021-04-01 14:00:00,9690.0,9720.0,9640.0,9720.0,21923.0
2021-04-01 15:00:00,9720.0,9740.0,9720.0,9740.0,21468.0
2021-04-02 09:00:00,9770.0,9800.0,9770.0,9800.0,10471.0
2021-04-02 10:00:00,9790.0,9820.0,9780.0,9790.0,9128.0
2021-04-02 11:00:00,9780.0,9810.0,9770.0,9780.0,13747.0
2021-04-02 12:00:00,9760.0,9820.0,9750.0,9810.0,29790.0
2021-04-02 13:00:00,9710.0,9770.0,9700.0,9760.0,27861.0
2021-04-02 14:00:00,9780.0,9780.0,9610.0,9700.0,27782.0
2021-04-02 15:00:00,9820.0,9820.0,9750.0,9800.0,22149.0
2021-04-05 09:00:00,9770.0,9770.0,9730.0,9770.0,5735.0
2021-04-05 10:00:00,9760.0,9760.0,9720.0,9740.0,11608.0
2021-04-05 11:00:00,9730.0,9780.0,9710.0,9770.0,19049.0
2021-04-05 12:00:00,9770.0,9800.0,9740.0,9770.0,12850.0
2021-04-05 13:00:00,9810.0,9820.0,9740.0,9790.0,13893.0
2021-04-05 14:00:00,9760.0,9770.0,9700.0,9760.0,16384.0
2021-04-05 15:00:00,9810.0,9830.0,9700.0,9820.0,25665.0
2021-04-06 09:00:00,9560.0,9700.0,9550.0,9680.0,16009.0
2021-04-06 10:00:00,9760.0,9800.0,9690.0,9730.0,15541.0
2021-04-06 11:00:00,9730.0,9730.0,9670.0,9680.0,9586.0
2021-04-06 12:00:00,9680.0,9700.0,9610.0,9640.0,11230.0
2021-04-06 13:00:00,9640.0,9640.0,9560.0,9570.0,9024.0
2021-04-06 14:00:00,9570.0,9590.0,9530.0,9550.0,11532.0
2021-04-06 15:00:00,9550.0,9560.0,9520.0,9550.0,15019.0
2021-04-07 09:00:00,10450.0,10550.0,10300.0,10350.0,74462.0
2021-04-07 10:00:00,10350.0,10450.0,10350.0,10350.0,28222.0
2021-04-07 11:00:00,10400.0,10500.0,10300.0,10500.0,71666.0
2021-04-07 12:00:00,9670.0,10050.0,9620.0,10050.0,69213.0
2021-04-07 13:00:00,10150.0,10350.0,10100.0,10350.0,103868.0
2021-04-07 14:00:00,10050.0,10150.0,9960.0,10150.0,81087.0
2021-04-07 15:00:00,10350.0,10400.0,10200.0,10350.0,59700.0
2021-04-08 09:00:00,10400.0,10850.0,10200.0,10750.0,131789.0
2021-04-08 10:00:00,10750.0,10750.0,10550.0,10600.0,43662.0
2021-04-08 11:00:00,10650.0,10650.0,10450.0,10500.0,32977.0
2021-04-08 12:00:00,10500.0,10500.0,10350.0,10400.0,17440.0
2021-04-08 13:00:00,10400.0,10400.0,10300.0,10350.0,7925.0
2021-04-08 14:00:00,10350.0,10350.0,10150.0,10300.0,33542.0
2021-04-08 15:00:00,10250.0,10350.0,10200.0,10350.0,19643.0
2021-04-09 09:00:00,10800.0,10800.0,10700.0,10750.0,20231.0
2021-04-09 10:00:00,10550.0,10850.0,10550.0,10800.0,69455.0
2021-04-09 11:00:00,10650.0,10650.0,10550.0,10600.0,19424.0
2021-04-09 12:00:00,10550.0,10750.0,10250.0,10650.0,77890.0
2021-04-09 13:00:00,10600.0,10700.0,10600.0,10650.0,14497.0
2021-04-09 14:00:00,10700.0,10800.0,10600.0,10650.0,48581.0
2021-04-09 15:00:00,10650.0,10700.0,10600.0,10650.0,8112.0
2021-04-12 09:00:00,10600.0,10600.0,10550.0,10600.0,8431.0
2021-04-12 10:00:00,10550.0,10650.0,10550.0,10650.0,17797.0
2021-04-12 11:00:00,10600.0,10650.0,10550.0,10550.0,12660.0
2021-04-12 12:00:00,10800.0,10950.0,10450.0,10500.0,60407.0
2021-04-12 13:00:00,10550.0,10600.0,10550.0,10550.0,7117.0
2021-04-12 14:00:00,10500.0,10550.0,10500.0,10500.0,10474.0
2021-04-12 15:00:00,10550.0,10600.0,10550.0,10600.0,3312.0
2021-04-13 09:00:00,10600.0,10600.0,10450.0,10550.0,25724.0
2021-04-13 10:00:00,10500.0,10600.0,10500.0,10550.0,14837.0
2021-04-13 11:00:00,10500.0,10550.0,10350.0,10450.0,27360.0
2021-04-13 12:00:00,10400.0,10450.0,10400.0,10450.0,2984.0
2021-04-13 13:00:00,10400.0,10450.0,10400.0,10450.0,4922.0
2021-04-13 14:00:00,10450.0,10500.0,10400.0,10450.0,8051.0
2021-04-13 15:00:00,10450.0,10500.0,10450.0,10500.0,5733.0
2021-04-14 09:00:00,10400.0,10500.0,10350.0,10450.0,14573.0
2021-04-14 10:00:00,10450.0,10500.0,10450.0,10500.0,4923.0
2021-04-14 11:00:00,10350.0,10400.0,10350.0,10400.0,6063.0
2021-04-14 12:00:00,10450.0,10500.0,10350.0,10400.0,25586.0
2021-04-14 13:00:00,10450.0,10500.0,10400.0,10450.0,8491.0
2021-04-14 14:00:00,10400.0,10500.0,10350.0,10450.0,13939.0
2021-04-14 15:00:00,10450.0,10450.0,10350.0,10400.0,8507.0
2021-04-15 09:00:00,10500.0,10550.0,10350.0,10450.0,14097.0
2021-04-15 10:00:00,10450.0,10500.0,10400.0,10500.0,5709.0
2021-04-15 11:00:00,10500.0,10550.0,10400.0,10550.0,15812.0
2021-04-15 12:00:00,10550.0,10550.0,10500.0,10550.0,5677.0
2021-04-15 13:00:00,10500.0,10600.0,10500.0,10600.0,13236.0
2021-04-15 14:00:00,10600.0,10600.0,10500.0,10500.0,7581.0
2021-04-15 15:00:00,10550.0,10600.0,10500.0,10600.0,10043.0
2021-04-16 09:00:00,10300.0,10350.0,10250.0,10300.0,10699.0
2021-04-16 10:00:00,10350.0,10350.0,10250.0,10250.0,18477.0
2021-04-16 11:00:00,10400.0,10400.0,10250.0,10350.0,25334.0
2021-04-16 12:00:00,10500.0,10500.0,10300.0,10350.0,29078.0
2021-04-16 13:00:00,10550.0,10600.0,10450.0,10500.0,18592.0
2021-04-16 14:00:00,10550.0,10600.0,10450.0,10550.0,17261.0
2021-04-16 15:00:00,10350.0,10400.0,10300.0,10400.0,19503.0
2021-04-19 09:00:00,10300.0,10400.0,10150.0,10350.0,47456.0
2021-04-19 10:00:00,10450.0,10450.0,10300.0,10350.0,28044.0
2021-04-19 11:00:00,10350.0,10400.0,10300.0,10350.0,7835.0
2021-04-19 12:00:00,10350.0,10350.0,10300.0,10350.0,14201.0
2021-04-19 13:00:00,10350.0,10450.0,10300.0,10400.0,27271.0
2021-04-19 14:00:00,10350.0,10400.0,10300.0,10350.0,11991.0
2021-04-19 15:00:00,10300.0,10350.0,10300.0,10350.0,5819.0
2021-04-20 09:00:00,10250.0,10250.0,10200.0,10250.0,8377.0
2021-04-20 10:00:00,10150.0,10250.0,10150.0,10250.0,5163.0
2021-04-20 11:00:00,10250.0,10250.0,10150.0,10150.0,15796.0
2021-04-20 12:00:00,10250.0,10250.0,10150.0,10250.0,28119.0
2021-04-20 13:00:00,10250.0,10300.0,10150.0,10250.0,17918.0
2021-04-20 14:00:00,10300.0,10300.0,10200.0,10250.0,17859.0
2021-04-20 15:00:00,10250.0,10250.0,10200.0,10250.0,12242.0
2021-04-21 09:00:00,10250.0,10400.0,10150.0,10300.0,20759.0
2021-04-21 10:00:00,10300.0,10300.0,10200.0,10250.0,6104.0
2021-04-21 11:00:00,10250.0,10250.0,10100.0,10150.0,17316.0
2021-04-21 12:00:00,10150.0,10200.0,10150.0,10150.0,7380.0
2021-04-21 13:00:00,10150.0,10200.0,10100.0,10200.0,3705.0
2021-04-21 14:00:00,10200.0,10200.0,10150.0,10200.0,4917.0
2021-04-21 15:00:00,10200.0,10200.0,10150.0,10200.0,10233.0
2021-04-22 09:00:00,10550.0,10600.0,10450.0,10600.0,12913.0
2021-04-22 10:00:00,10550.0,10600.0,10450.0,10550.0,19742.0
2021-04-22 11:00:00,10600.0,10700.0,10550.0,10550.0,23642.0
2021-04-22 12:00:00,10200.0,10300.0,10150.0,10250.0,23222.0
2021-04-22 13:00:00,10700.0,10750.0,10600.0,10650.0,25297.0
2021-04-22 14:00:00,10250.0,10800.0,10250.0,10750.0,147372.0
2021-04-22 15:00:00,10600.0,10650.0,10550.0,10600.0,17731.0
2021-04-23 09:00:00,10550.0,10550.0,10450.0,10500.0,14532.0
2021-04-23 10:00:00,10500.0,10500.0,10450.0,10500.0,10518.0
2021-04-23 11:00:00,10550.0,10550.0,10450.0,10500.0,12145.0
2021-04-23 12:00:00,10550.0,10800.0,10400.0,10750.0,47618.0
2021-04-23 13:00:00,10700.0,10700.0,10500.0,10600.0,33501.0
2021-04-23 14:00:00,10750.0,10750.0,10650.0,10700.0,10227.0
2021-04-23 15:00:00,10550.0,10600.0,10500.0,10550.0,13610.0
2021-04-26 09:00:00,10500.0,10500.0,10300.0,10350.0,25128.0
2021-04-26 10:00:00,10350.0,10400.0,10300.0,10350.0,27178.0
2021-04-26 11:00:00,10350.0,10350.0,10250.0,10300.0,18229.0
2021-04-26 12:00:00,10300.0,10300.0,10200.0,10300.0,25471.0
2021-04-26 13:00:00,10300.0,10350.0,10250.0,10350.0,11901.0
2021-04-26 14:00:00,10350.0,10350.0,10300.0,10350.0,4442.0
2021-04-26 15:00:00,10350.0,10350.0,10300.0,10350.0,10274.0
2021-04-27 09:00:00,10050.0,10050.0,9990.0,10000.0,22083.0
2021-04-27 10:00:00,10100.0,10150.0,9990.0,10050.0,56369.0
2021-04-27 11:00:00,10150.0,10150.0,10050.0,10100.0,15583.0
2021-04-27 12:00:00,10200.0,10300.0,10050.0,10150.0,114370.0
2021-04-27 13:00:00,10150.0,10150.0,10100.0,10150.0,15558.0
2021-04-27 14:00:00,10150.0,10150.0,10050.0,10150.0,25787.0
2021-04-27 15:00:00,10150.0,10150.0,10050.0,10150.0,32934.0
2021-04-28 09:00:00,10000.0,10100.0,9900.0,9910.0,52277.0
2021-04-28 10:00:00,9910.0,9970.0,9860.0,9950.0,25314.0
2021-04-28 11:00:00,9950.0,9960.0,9900.0,9920.0,5837.0
2021-04-28 12:00:00,9920.0,9950.0,9910.0,9950.0,6452.0
2021-04-28 13:00:00,9950.0,9970.0,9940.0,9950.0,9176.0
2021-04-28 14:00:00,9950.0,9960.0,9900.0,9910.0,10158.0
2021-04-28 15:00:00,9900.0,9940.0,9860.0,9860.0,9053.0
2021-04-29 09:00:00,9920.0,9920.0,9850.0,9850.0,7951.0
2021-04-29 10:00:00,9920.0,9930.0,9820.0,9830.0,14913.0
2021-04-29 11:00:00,9830.0,10000.0,9820.0,9940.0,10977.0
2021-04-29 12:00:00,10000.0,10050.0,9910.0,9940.0,10004.0
2021-04-29 13:00:00,9820.0,10050.0,9810.0,9990.0,21062.0
2021-04-29 14:00:00,9840.0,10050.0,9800.0,9830.0,39585.0
2021-04-29 15:00:00,9920.0,9940.0,9880.0,9920.0,10132.0
2021-04-30 09:00:00,9870.0,9880.0,9820.0,9880.0,10574.0
2021-04-30 10:00:00,9900.0,9900.0,9850.0,9850.0,8072.0
2021-04-30 11:00:00,9860.0,9890.0,9860.0,9870.0,4489.0
2021-04-30 12:00:00,9900.0,9900.0,9850.0,9890.0,8864.0
2021-04-30 13:00:00,9960.0,9960.0,9890.0,9910.0,24784.0
2021-04-30 14:00:00,9890.0,9900.0,9880.0,9900.0,3493.0
2021-04-30 15:00:00,9850.0,10050.0,9820.0,9960.0,25207.0
2021-05-03 09:00:00,9990.0,10000.0,9930.0,9930.0,11747.0
2021-05-03 10:00:00,9880.0,10150.0,9880.0,10050.0,26620.0
2021-05-03 11:00:00,10100.0,10100.0,10000.0,10050.0,15057.0
2021-05-03 12:00:00,10000.0,10050.0,9990.0,10000.0,5558.0
2021-05-03 13:00:00,10050.0,10050.0,10000.0,10050.0,3149.0
2021-05-03 14:00:00,10000.0,10100.0,10000.0,10050.0,14760.0
2021-05-03 15:00:00,10050.0,10100.0,9970.0,10000.0,15244.0
2021-05-04 09:00:00,9940.0,9970.0,9920.0,9930.0,16774.0
2021-05-04 10:00:00,9930.0,9970.0,9900.0,9970.0,9212.0
2021-05-04 11:00:00,9930.0,9940.0,9910.0,9940.0,7368.0
2021-05-04 12:00:00,9930.0,10050.0,9910.0,9990.0,13008.0
2021-05-04 13:00:00,9960.0,9960.0,9900.0,9910.0,14687.0
2021-05-04 14:00:00,9990.0,10000.0,9940.0,9960.0,4411.0
2021-05-04 15:00:00,9910.0,9930.0,9900.0,9930.0,6504.0
2021-05-06 09:00:00,9970.0,10050.0,9920.0,9940.0,21449.0
2021-05-06 10:00:00,9930.0,10050.0,9930.0,10050.0,13860.0
2021-05-06 11:00:00,10050.0,10050.0,9960.0,9990.0,4286.0
2021-05-06 12:00:00,9990.0,9990.0,9970.0,9980.0,3412.0
2021-05-06 13:00:00,9980.0,9990.0,9970.0,9980.0,2171.0
2021-05-06 14:00:00,9980.0,10000.0,9970.0,9970.0,12995.0
2021-05-06 15:00:00,9980.0,10000.0,9970.0,9970.0,5851.0
2021-05-07 09:00:00,10050.0,10050.0,9990.0,10050.0,10931.0
2021-05-07 10:00:00,10050.0,10050.0,10000.0,10050.0,7192.0
2021-05-07 11:00:00,10000.0,10100.0,10000.0,10050.0,26715.0
2021-05-07 12:00:00,9970.0,10100.0,9970.0,10050.0,18728.0
2021-05-07 13:00:00,10000.0,10050.0,9990.0,10050.0,11297.0
2021-05-07 14:00:00,10100.0,10100.0,10000.0,10050.0,10989.0
2021-05-07 15:00:00,10050.0,10050.0,10000.0,10000.0,2051.0
2021-05-10 09:00:00,10550.0,10550.0,10450.0,10550.0,47559.0
2021-05-10 10:00:00,10550.0,10550.0,10450.0,10450.0,21934.0
2021-05-10 11:00:00,10600.0,10650.0,10500.0,10550.0,35336.0
2021-05-10 12:00:00,10650.0,10650.0,10350.0,10400.0,198171.0
2021-05-10 13:00:00,10550.0,10650.0,10450.0,10650.0,50697.0
2021-05-10 14:00:00,10400.0,10650.0,10350.0,10600.0,167780.0
2021-05-10 15:00:00,10650.0,10650.0,10550.0,10650.0,36042.0
2021-05-11 09:00:00,10400.0,10600.0,10250.0,10500.0,57031.0
2021-05-11 10:00:00,10500.0,10550.0,10400.0,10450.0,20764.0
2021-05-11 11:00:00,10400.0,10500.0,10400.0,10500.0,10041.0
2021-05-11 12:00:00,10500.0,10550.0,10450.0,10550.0,42518.0
2021-05-11 13:00:00,10550.0,10550.0,10450.0,10450.0,28121.0
2021-05-11 14:00:00,10450.0,10500.0,10400.0,10500.0,17026.0
2021-05-11 15:00:00,10500.0,10500.0,10400.0,10500.0,16141.0
2021-05-12 09:00:00,10700.0,10800.0,10600.0,10800.0,93184.0
2021-05-12 10:00:00,10800.0,10800.0,10700.0,10800.0,57758.0
2021-05-12 11:00:00,10400.0,10750.0,10400.0,10650.0,91159.0
2021-05-12 12:00:00,10350.0,10400.0,10100.0,10150.0,89290.0
2021-05-12 13:00:00,10150.0,10350.0,10100.0,10250.0,56719.0
2021-05-12 14:00:00,10200.0,10200.0,10050.0,10200.0,29929.0
2021-05-12 15:00:00,10300.0,10450.0,10300.0,10450.0,73842.0
2021-05-13 09:00:00,10450.0,10700.0,10450.0,10650.0,45403.0
2021-05-13 10:00:00,10600.0,10650.0,10450.0,10600.0,42054.0
2021-05-13 11:00:00,10600.0,10650.0,10550.0,10600.0,13370.0
2021-05-13 12:00:00,10600.0,10750.0,10600.0,10700.0,30709.0
2021-05-13 13:00:00,10700.0,10700.0,10600.0,10700.0,14875.0
2021-05-13 14:00:00,10700.0,10950.0,10600.0,10900.0,122826.0
2021-05-13 15:00:00,10900.0,11000.0,10850.0,11000.0,74376.0
2021-05-14 09:00:00,11300.0,11350.0,11200.0,11300.0,36973.0
2021-05-14 10:00:00,11400.0,11450.0,11250.0,11300.0,79893.0
2021-05-14 11:00:00,11400.0,11450.0,11300.0,11400.0,85643.0
2021-05-14 12:00:00,11250.0,11450.0,11200.0,11400.0,92361.0
2021-05-14 13:00:00,10850.0,11350.0,10850.0,11300.0,183927.0
2021-05-14 14:00:00,11100.0,11150.0,10750.0,10850.0,95646.0
2021-05-14 15:00:00,11300.0,11350.0,11150.0,11250.0,107221.0
2021-05-17 09:00:00,11400.0,11500.0,11150.0,11200.0,102951.0
2021-05-17 10:00:00,11250.0,11450.0,11150.0,11400.0,58227.0
2021-05-17 11:00:00,11400.0,11550.0,11400.0,11500.0,91026.0
2021-05-17 12:00:00,11500.0,11500.0,11300.0,11350.0,44309.0
2021-05-17 13:00:00,11350.0,11400.0,11250.0,11350.0,44272.0
2021-05-17 14:00:00,11350.0,11400.0,11300.0,11350.0,19652.0
2021-05-17 15:00:00,11350.0,11400.0,11250.0,11350.0,16468.0
2021-05-18 09:00:00,11250.0,11400.0,11250.0,11300.0,58956.0
2021-05-18 10:00:00,11250.0,11300.0,11200.0,11300.0,23467.0
2021-05-18 11:00:00,11300.0,11300.0,11250.0,11300.0,20607.0
2021-05-18 12:00:00,11300.0,11350.0,11200.0,11250.0,46505.0
2021-05-18 13:00:00,11200.0,11300.0,11050.0,11300.0,69173.0
2021-05-18 14:00:00,11400.0,11400.0,11100.0,11250.0,49597.0
2021-05-18 15:00:00,11300.0,11300.0,11200.0,11250.0,15676.0
2021-05-20 09:00:00,11250.0,11350.0,11150.0,11250.0,44863.0
2021-05-20 10:00:00,11300.0,11450.0,11050.0,11400.0,103839.0
2021-05-20 11:00:00,11400.0,11450.0,11300.0,11400.0,38834.0
2021-05-20 12:00:00,11350.0,11450.0,11350.0,11400.0,52258.0
2021-05-20 13:00:00,11400.0,11450.0,11350.0,11350.0,21464.0
2021-05-20 14:00:00,11350.0,11400.0,11300.0,11400.0,44350.0
2021-05-20 15:00:00,11350.0,11400.0,11300.0,11400.0,57659.0
2021-05-21 09:00:00,11300.0,11300.0,11150.0,11150.0,34288.0
2021-05-21 10:00:00,11150.0,11300.0,11100.0,11300.0,56969.0
2021-05-21 11:00:00,10950.0,11150.0,10850.0,11150.0,69604.0
2021-05-21 12:00:00,11300.0,11350.0,11200.0,11300.0,32861.0
2021-05-21 13:00:00,11050.0,11050.0,10850.0,11000.0,90494.0
2021-05-21 14:00:00,11250.0,11300.0,10950.0,11000.0,76461.0
2021-05-21 15:00:00,11000.0,11050.0,10900.0,10950.0,31341.0
2021-05-24 09:00:00,11200.0,11200.0,11100.0,11200.0,8554.0
2021-05-24 10:00:00,11200.0,11200.0,11100.0,11150.0,12176.0
2021-05-24 11:00:00,11200.0,11200.0,11100.0,11200.0,8276.0
2021-05-24 12:00:00,11100.0,11300.0,11000.0,11200.0,30321.0
2021-05-24 13:00:00,11150.0,11200.0,11100.0,11200.0,6935.0
2021-05-24 14:00:00,11200.0,11250.0,11150.0,11150.0,6175.0
2021-05-24 15:00:00,11200.0,11200.0,11150.0,11200.0,3608.0
2021-05-25 09:00:00,11150.0,11300.0,11100.0,11150.0,32551.0
2021-05-25 10:00:00,11200.0,11200.0,11150.0,11150.0,12590.0
2021-05-25 11:00:00,11150.0,11150.0,11000.0,11100.0,15453.0
2021-05-25 12:00:00,11100.0,11100.0,11000.0,11100.0,14334.0
2021-05-25 13:00:00,11100.0,11100.0,11000.0,11000.0,13361.0
2021-05-25 14:00:00,11050.0,11050.0,10850.0,10950.0,43935.0
2021-05-25 15:00:00,10950.0,11000.0,10800.0,11000.0,28147.0
2021-05-26 09:00:00,11050.0,11050.0,10950.0,11000.0,16561.0
2021-05-26 10:00:00,11000.0,11000.0,10950.0,11000.0,10533.0
2021-05-26 11:00:00,11000.0,11050.0,10950.0,11050.0,23683.0
2021-05-26 12:00:00,10950.0,11000.0,10900.0,11000.0,13709.0
2021-05-26 13:00:00,10950.0,10950.0,10850.0,10950.0,11124.0
2021-05-26 14:00:00,10950.0,10950.0,10900.0,10950.0,13981.0
2021-05-26 15:00:00,11000.0,11000.0,10800.0,10950.0,28288.0
2021-05-27 09:00:00,10950.0,11100.0,10950.0,11050.0,24191.0
2021-05-27 10:00:00,11050.0,11050.0,11000.0,11050.0,4166.0
2021-05-27 11:00:00,11050.0,11200.0,10900.0,11200.0,39444.0
2021-05-27 12:00:00,11200.0,11250.0,11050.0,11050.0,38644.0
2021-05-27 13:00:00,11050.0,11150.0,10900.0,11000.0,31058.0
2021-05-27 14:00:00,11000.0,11000.0,10750.0,10900.0,33048.0
2021-05-27 15:00:00,10900.0,10900.0,10800.0,10900.0,23230.0
2021-05-28 09:00:00,10850.0,10850.0,10700.0,10850.0,49319.0
2021-05-28 10:00:00,10900.0,10950.0,10800.0,10850.0,25892.0
2021-05-28 11:00:00,10950.0,10950.0,10850.0,10900.0,15462.0
2021-05-28 12:00:00,10850.0,10950.0,10700.0,10850.0,54310.0
2021-05-28 13:00:00,10900.0,10900.0,10850.0,10900.0,10617.0
2021-05-28 14:00:00,10850.0,10950.0,10850.0,10900.0,9162.0
2021-05-28 15:00:00,10850.0,10950.0,10800.0,10900.0,25807.0
2021-05-31 09:00:00,10900.0,10900.0,10850.0,10900.0,9284.0
2021-05-31 10:00:00,10900.0,10900.0,10800.0,10850.0,8732.0
2021-05-31 11:00:00,10900.0,10900.0,10850.0,10900.0,4644.0
2021-05-31 12:00:00,10850.0,10950.0,10700.0,10900.0,41792.0
2021-05-31 13:00:00,10900.0,10900.0,10850.0,10850.0,4080.0
2021-05-31 14:00:00,10850.0,10950.0,10850.0,10850.0,15924.0
2021-05-31 15:00:00,10850.0,10900.0,10850.0,10900.0,4288.0
2021-06-01 09:00:00,10900.0,10900.0,10700.0,10800.0,39007.0
2021-06-01 10:00:00,10800.0,10850.0,10750.0,10750.0,13390.0
2021-06-01 11:00:00,10750.0,10800.0,10700.0,10800.0,25223.0
2021-06-01 12:00:00,10800.0,10800.0,10700.0,10750.0,15194.0
2021-06-01 13:00:00,10750.0,10750.0,10700.0,10750.0,25064.0
2021-06-01 14:00:00,10750.0,10800.0,10700.0,10750.0,24774.0
2021-06-01 15:00:00,10750.0,10750.0,10700.0,10700.0,9441.0
2021-06-02 09:00:00,10700.0,10800.0,10650.0,10800.0,16244.0
2021-06-02 10:00:00,10750.0,10750.0,10650.0,10700.0,26626.0
2021-06-02 11:00:00,10800.0,10800.0,10650.0,10700.0,72443.0
2021-06-02 12:00:00,10800.0,10850.0,10550.0,10600.0,74265.0
2021-06-02 13:00:00,10650.0,10650.0,10500.0,10550.0,29073.0
2021-06-02 14:00:00,10750.0,10850.0,10700.0,10850.0,31369.0
2021-06-02 15:00:00,10550.0,10800.0,10500.0,10800.0,35934.0
2021-06-03 09:00:00,10750.0,10900.0,10600.0,10700.0,74647.0
2021-06-03 10:00:00,10700.0,10750.0,10600.0,10700.0,28159.0
2021-06-03 11:00:00,10700.0,10800.0,10650.0,10750.0,22695.0
2021-06-03 12:00:00,10750.0,10800.0,10700.0,10750.0,14623.0
2021-06-03 13:00:00,10700.0,10800.0,10700.0,10750.0,13734.0
2021-06-03 14:00:00,10750.0,10800.0,10700.0,10750.0,12820.0
2021-06-03 15:00:00,10700.0,10750.0,10650.0,10750.0,23738.0
2021-06-04 09:00:00,10650.0,10650.0,10600.0,10650.0,18733.0
2021-06-04 10:00:00,10700.0,10700.0,10600.0,10650.0,35182.0
2021-06-04 11:00:00,10800.0,10800.0,10650.0,10700.0,22547.0
2021-06-04 12:00:00,10750.0,10850.0,10650.0,10850.0,33706.0
2021-06-04 13:00:00,10800.0,10800.0,10700.0,10750.0,19031.0
2021-06-04 14:00:00,10850.0,10850.0,10700.0,10800.0,25516.0
2021-06-04 15:00:00,10750.0,10800.0,10700.0,10800.0,5500.0
2021-06-07 09:00:00,10600.0,10600.0,10500.0,10550.0,18844.0
2021-06-07 10:00:00,10550.0,10600.0,10500.0,10550.0,22721.0
2021-06-07 11:00:00,10550.0,10600.0,10500.0,10600.0,24459.0
2021-06-07 12:00:00,10700.0,10700.0,10400.0,10500.0,60297.0
2021-06-07 13:00:00,10550.0,10550.0,10500.0,10550.0,11666.0
2021-06-07 14:00:00,10500.0,10550.0,10450.0,10550.0,26539.0
2021-06-07 15:00:00,10550.0,10550.0,10500.0,10550.0,5899.0
2021-06-08 09:00:00,10550.0,10550.0,10350.0,10450.0,66594.0
2021-06-08 10:00:00,10450.0,10500.0,10400.0,10500.0,11707.0
2021-06-08 11:00:00,10500.0,10500.0,10400.0,10500.0,17148.0
2021-06-08 12:00:00,10500.0,10500.0,10400.0,10450.0,15091.0
2021-06-08 13:00:00,10450.0,10450.0,10400.0,10450.0,18038.0
2021-06-08 14:00:00,10450.0,10450.0,10400.0,10400.0,7845.0
2021-06-08 15:00:00,10450.0,10450.0,10400.0,10450.0,11992.0
2021-06-09 09:00:00,10600.0,10700.0,10600.0,10700.0,34416.0
2021-06-09 10:00:00,10600.0,10650.0,10500.0,10600.0,48624.0
2021-06-09 11:00:00,10600.0,10700.0,10600.0,10650.0,14484.0
2021-06-09 12:00:00,10600.0,10600.0,10550.0,10600.0,15333.0
2021-06-09 13:00:00,10550.0,10650.0,10550.0,10650.0,15292.0
2021-06-09 14:00:00,10500.0,10650.0,10450.0,10600.0,31450.0
2021-06-09 15:00:00,10650.0,10750.0,10600.0,10650.0,37141.0
2021-06-10 09:00:00,10650.0,10750.0,10600.0,10700.0,16106.0
2021-06-10 10:00:00,10700.0,10700.0,10650.0,10700.0,4894.0
2021-06-10 11:00:00,10700.0,10800.0,10650.0,10800.0,17801.0
2021-06-10 12:00:00,10800.0,10800.0,10750.0,10800.0,17157.0
2021-06-10 13:00:00,10800.0,10950.0,10750.0,10850.0,35224.0
2021-06-10 14:00:00,10900.0,10950.0,10850.0,10950.0,41316.0
2021-06-10 15:00:00,10950.0,10950.0,10850.0,10950.0,15008.0
2021-06-11 09:00:00,11800.0,11900.0,11750.0,11900.0,154085.0
2021-06-11 10:00:00,11950.0,12100.0,11900.0,12050.0,189501.0
2021-06-11 11:00:00,12000.0,12050.0,11750.0,11850.0,258743.0
2021-06-11 12:00:00,11800.0,12000.0,11750.0,11900.0,175080.0
2021-06-11 13:00:00,12200.0,12350.0,11800.0,11850.0,1089903.0
2021-06-11 14:00:00,11200.0,12300.0,11050.0,12300.0,1222985.0
2021-06-11 15:00:00,11900.0,12000.0,11850.0,11950.0,101248.0
2021-06-14 09:00:00,11750.0,11900.0,11600.0,11650.0,366585.0
2021-06-14 10:00:00,11650.0,11700.0,11450.0,11550.0,173249.0
2021-06-14 11:00:00,11550.0,11600.0,11500.0,11550.0,23406.0
2021-06-14 12:00:00,11550.0,11600.0,11500.0,11550.0,17098.0
2021-06-14 13:00:00,11600.0,11700.0,11550.0,11650.0,85214.0
2021-06-14 14:00:00,11650.0,11750.0,11600.0,11700.0,58557.0
2021-06-14 15:00:00,11650.0,11750.0,11650.0,11650.0,58874.0
2021-06-15 09:00:00,11550.0,12150.0,11550.0,11750.0,522538.0
2021-06-15 10:00:00,11750.0,11850.0,11650.0,11700.0,82271.0
2021-06-15 11:00:00,11700.0,11700.0,11500.0,11600.0,65612.0
2021-06-15 12:00:00,11600.0,11750.0,11550.0,11700.0,34633.0
2021-06-15 13:00:00,11700.0,11750.0,11600.0,11700.0,31446.0
